
VPR FPGA Placement and Routing.
Version: Version 5.0.2
Compiled: Dec 11 2020.
Original VPR by V. Betz.
Timing-driven placement enhancements by A. Marquardt.
Single-drivers enhancements by Andy Ye with additions by.
Mark Fang, Jason Luu, Ted Campbell
Heterogeneous stucture support by Jason Luu and Ted Campbell.
This code is licensed only for non-commercial use.

Auto-sizing FPGA, try x = 38 y = 38
Auto-sizing FPGA, try x = 76 y = 76
Auto-sizing FPGA, try x = 152 y = 152
Auto-sizing FPGA, try x = 304 y = 304
Auto-sizing FPGA, try x = 152 y = 152
Auto-sizing FPGA, try x = 228 y = 228
Auto-sizing FPGA, try x = 190 y = 190
Auto-sizing FPGA, try x = 171 y = 171
Auto-sizing FPGA, try x = 180 y = 180
Auto-sizing FPGA, try x = 175 y = 175
Auto-sizing FPGA, try x = 177 y = 177
Auto-sizing FPGA, try x = 176 y = 176
Auto-sizing FPGA, try x = 176 y = 176
FPGA auto-sized to, x = 177 y = 177

Resource Usage:
Netlist      0	blocks of type <EMPTY>
Architecture 4	blocks of type <EMPTY>
Netlist      705	blocks of type .io
Architecture 708	blocks of type .io
Netlist      762	blocks of type .clb
Architecture 31329	blocks of type .clb

Timing analysis: ON

Operation:  ROUTE_ONLY

PlacerOpts.place_freq:  PLACE_NEVER

RouterOpts.route_type:  DETAILED
RouterOpts.router_algorithm:  TIMING_DRIVEN
RouterOpts.base_cost_type:  DELAY_NORMALIZED
RouterOpts.fixed_channel_width:  NO_FIXED_CHANNEL_WIDTH
RouterOpts.acc_fac:  1.000000
RouterOpts.bb_factor:  3
RouterOpts.bend_cost:  0.000000
RouterOpts.first_iter_pres_fac:  0.500000
RouterOpts.initial_pres_fac:  0.500000
RouterOpts.pres_fac_mult:  1.300000
RouterOpts.max_router_iterations:  50
RouterOpts.astar_fac:  1.200000
RouterOpts.criticality_exp:  1.000000
RouterOpts.max_criticality:  0.990000

RoutingArch.directionality:  UNI_DIRECTIONAL
RoutingArch.switch_block_type:  WILTON
RoutingArch.Fs:  3

The circuit will be mapped into a 177 x 177 array of clbs.

Netlist num_nets:  1251
Netlist num_blocks:  1467
Netlist inputs pins:  489
Netlist output pins:  216

104 9 0
99 0 0
95 7 0
99 11 0
103 9 0
94 2 0
101 11 0
105 1 0
97 9 0
107 3 0
96 8 0
106 2 0
95 1 0
106 6 0
102 10 0
102 9 0
106 5 0
100 11 0
104 1 0
95 2 0
96 1 0
98 9 0
96 7 0
93 4 0
105 2 0
95 6 0
104 7 0
94 3 0
107 4 0
99 10 0
105 6 0
103 8 0
94 5 0
106 3 0
98 11 0
92 5 0
94 1 0
107 6 0
96 9 0
94 7 0
108 5 0
100 13 0
105 8 0
95 8 0
102 11 0
109 4 0
97 10 0
99 12 0
108 3 0
92 4 0
106 7 0
93 2 0
91 4 0
107 2 0
106 1 0
93 6 0
98 10 0
93 3 0
93 5 0
107 5 0
104 8 0
100 12 0
108 4 0
105 7 0
94 6 0
104 6 0
103 6 0
105 4 0
95 11 0
97 2 0
103 2 0
97 5 0
103 5 0
89 7 0
91 7 0
101 3 0
122 2 0
120 7 0
108 8 0
103 17 0
121 7 0
154 178 0
90 6 0
44 0 0
178 155 0
95 178 0
110 0 0
153 178 0
97 11 0
38 177 0
168 178 0
36 177 0
108 9 0
1 73 0
121 3 0
171 178 0
9 178 0
176 64 0
177 89 0
178 93 0
67 177 0
175 90 0
33 177 0
177 177 0
56 178 0
0 22 0
0 83 0
177 2 0
140 2 0
122 9 0
110 4 0
177 145 0
149 177 0
1 174 0
0 13 0
97 14 0
0 146 0
126 2 0
1 13 0
82 1 0
177 176 0
17 0 0
42 177 0
141 0 0
111 6 0
127 3 0
107 176 0
168 1 0
0 173 0
8 177 0
37 178 0
40 0 0
89 9 0
0 58 0
107 0 0
48 176 0
176 105 0
147 0 0
115 6 0
139 1 0
0 156 0
177 87 0
88 4 0
118 6 0
1 175 0
112 12 0
0 9 0
102 12 0
0 165 0
176 60 0
1 24 0
45 0 0
101 178 0
77 1 0
178 28 0
97 3 0
85 0 0
127 2 0
121 1 0
63 178 0
178 112 0
178 124 0
47 178 0
1 168 0
178 120 0
87 5 0
0 27 0
103 3 0
0 71 0
102 177 0
0 143 0
86 6 0
1 106 0
117 5 0
161 178 0
105 17 0
102 178 0
29 0 0
0 123 0
178 34 0
178 22 0
177 34 0
178 173 0
125 1 0
138 178 0
23 0 0
1 99 0
84 3 0
1 11 0
99 13 0
120 8 0
161 177 0
0 67 0
166 178 0
101 7 0
176 144 0
53 178 0
96 13 0
107 177 0
100 3 0
69 178 0
0 139 0
97 0 0
84 178 0
121 2 0
85 5 0
178 13 0
68 0 0
34 0 0
107 9 0
94 178 0
1 60 0
26 178 0
84 4 0
178 72 0
178 166 0
178 158 0
178 128 0
0 152 0
92 0 0
0 43 0
93 7 0
0 158 0
178 104 0
132 178 0
178 29 0
132 177 0
104 4 0
103 15 0
169 1 0
166 0 0
178 62 0
119 7 0
172 178 0
97 178 0
105 11 0
113 1 0
15 2 0
95 0 0
104 17 0
108 10 0
178 177 0
1 66 0
70 178 0
178 74 0
164 178 0
88 8 0
177 64 0
119 2 0
168 177 0
47 0 0
1 109 0
0 64 0
160 0 0
178 45 0
177 173 0
169 0 0
89 177 0
0 37 0
124 178 0
138 0 0
137 0 0
141 178 0
173 178 0
172 177 0
99 7 0
178 7 0
93 9 0
1 36 0
178 145 0
178 135 0
100 8 0
175 0 0
167 0 0
173 177 0
95 13 0
49 178 0
178 150 0
178 20 0
101 15 0
110 8 0
178 69 0
0 77 0
133 178 0
1 77 0
178 126 0
176 51 0
0 36 0
129 1 0
83 1 0
0 62 0
109 7 0
177 135 0
177 88 0
112 178 0
178 109 0
100 0 0
49 177 0
174 71 0
119 8 0
0 29 0
98 2 0
164 177 0
59 0 0
178 82 0
51 178 0
109 14 0
90 177 0
16 0 0
93 177 0
102 6 0
0 91 0
178 84 0
70 0 0
130 2 0
0 149 0
96 0 0
0 147 0
0 105 0
177 60 0
1 94 0
1 2 0
0 111 0
4 1 0
2 0 0
0 15 0
112 2 0
131 1 0
101 177 0
173 0 0
32 178 0
178 99 0
176 66 0
1 32 0
177 91 0
102 2 0
178 33 0
96 4 0
55 178 0
0 145 0
99 4 0
121 9 0
102 5 0
168 2 0
177 98 0
95 9 0
1 97 0
13 178 0
178 66 0
0 101 0
94 0 0
68 177 0
129 0 0
25 178 0
100 2 0
178 168 0
174 0 0
106 178 0
164 0 0
117 6 0
64 177 0
94 10 0
67 0 0
91 5 0
75 1 0
100 15 0
4 177 0
115 3 0
86 4 0
0 97 0
117 2 0
10 0 0
92 8 0
6 177 0
13 177 0
101 1 0
150 0 0
48 177 0
53 0 0
49 176 0
1 61 0
104 16 0
83 178 0
64 178 0
65 177 0
177 84 0
120 178 0
140 178 0
105 12 0
10 178 0
103 4 0
0 61 0
90 7 0
178 59 0
106 9 0
108 15 0
178 56 0
104 15 0
177 106 0
176 90 0
106 11 0
1 128 0
126 1 0
107 12 0
0 40 0
99 6 0
112 6 0
178 87 0
83 3 0
169 178 0
1 129 0
175 178 0
98 14 0
90 178 0
120 0 0
1 119 0
98 15 0
98 3 0
178 2 0
47 177 0
74 178 0
98 5 0
5 177 0
0 90 0
114 1 0
90 0 0
109 8 0
97 4 0
178 71 0
104 13 0
101 6 0
0 168 0
97 16 0
176 48 0
100 7 0
118 1 0
114 2 0
175 112 0
93 10 0
92 10 0
122 8 0
0 129 0
67 178 0
105 13 0
0 174 0
114 10 0
163 177 0
1 10 0
100 4 0
113 10 0
177 1 0
71 177 0
1 92 0
91 11 0
100 6 0
177 31 0
48 178 0
108 14 0
178 39 0
92 9 0
177 39 0
0 169 0
117 1 0
113 4 0
107 14 0
103 14 0
42 178 0
178 73 0
0 116 0
63 0 0
126 4 0
22 178 0
105 14 0
92 3 0
112 4 0
99 5 0
57 0 0
102 4 0
178 123 0
128 178 0
110 10 0
124 6 0
60 178 0
1 95 0
126 178 0
114 5 0
178 153 0
113 6 0
178 143 0
177 54 0
0 106 0
99 3 0
140 1 0
43 1 0
101 5 0
22 177 0
98 4 0
99 15 0
177 5 0
175 18 0
111 9 0
87 7 0
101 2 0
0 160 0
119 6 0
115 4 0
88 177 0
112 10 0
5 0 0
162 0 0
155 0 0
91 10 0
96 15 0
123 7 0
0 8 0
125 5 0
116 4 0
100 5 0
72 0 0
177 27 0
88 5 0
175 71 0
57 178 0
91 1 0
92 7 0
177 83 0
178 19 0
115 1 0
61 178 0
0 164 0
109 1 0
69 177 0
153 0 0
178 147 0
138 177 0
0 159 0
110 178 0
102 1 0
162 177 0
115 5 0
76 178 0
98 6 0
127 6 0
107 1 0
113 5 0
128 1 0
76 1 0
137 177 0
130 178 0
148 0 0
178 54 0
1 14 0
0 7 0
101 10 0
107 11 0
97 8 0
145 178 0
112 9 0
138 176 0
176 83 0
91 8 0
178 17 0
108 13 0
90 1 0
28 178 0
110 12 0
61 0 0
101 14 0
121 11 0
1 12 0
8 178 0
178 107 0
114 8 0
108 7 0
177 112 0
177 107 0
178 174 0
118 2 0
101 18 0
1 91 0
107 15 0
1 107 0
123 8 0
86 1 0
178 98 0
177 130 0
96 178 0
118 3 0
84 177 0
0 171 0
119 1 0
85 1 0
120 10 0
128 2 0
55 1 0
106 12 0
117 7 0
85 4 0
154 1 0
99 178 0
0 141 0
111 10 0
74 1 0
175 88 0
102 17 0
165 178 0
89 0 0
0 89 0
65 1 0
103 7 0
0 88 0
163 178 0
109 12 0
127 1 0
99 2 0
123 9 0
178 129 0
103 10 0
114 0 0
156 178 0
176 0 0
178 167 0
93 11 0
177 105 0
102 13 0
108 11 0
115 2 0
169 2 0
112 5 0
22 0 0
77 0 0
129 178 0
143 0 0
178 91 0
95 3 0
177 18 0
88 6 0
178 90 0
109 13 0
0 16 0
5 2 0
176 173 0
178 35 0
122 7 0
94 12 0
93 0 0
6 178 0
1 33 0
0 14 0
50 178 0
75 0 0
177 154 0
122 4 0
177 113 0
0 76 0
149 178 0
101 4 0
64 1 0
65 0 0
58 178 0
178 31 0
0 25 0
107 13 0
127 5 0
28 0 0
110 9 0
123 3 0
120 4 0
113 3 0
106 4 0
0 11 0
113 7 0
97 15 0
130 1 0
0 38 0
112 8 0
177 66 0
89 2 0
130 177 0
0 96 0
131 178 0
0 162 0
114 4 0
178 102 0
119 0 0
0 41 0
20 178 0
104 12 0
178 65 0
176 107 0
168 0 0
76 0 0
85 178 0
0 79 0
131 2 0
23 178 0
122 0 0
65 178 0
106 8 0
104 2 0
64 0 0
85 2 0
105 15 0
2 1 0
178 43 0
178 80 0
126 0 0
109 11 0
178 15 0
103 13 0
129 177 0
178 49 0
120 2 0
157 0 0
80 2 0
161 0 0
178 117 0
105 9 0
111 11 0
60 0 0
134 0 0
178 47 0
0 31 0
81 0 0
98 12 0
175 83 0
105 3 0
112 7 0
1 55 0
0 68 0
0 119 0
177 48 0
123 178 0
87 178 0
0 112 0
178 48 0
2 2 0
103 11 0
97 7 0
177 74 0
178 27 0
178 175 0
68 178 0
5 178 0
20 177 0
93 178 0
178 5 0
106 0 0
4 0 0
89 178 0
177 178 0
0 94 0
88 178 0
19 0 0
112 0 0
78 178 0
178 125 0
146 178 0
151 0 0
167 1 0
91 0 0
14 177 0
156 1 0
0 24 0
99 9 0
103 1 0
176 167 0
96 12 0
98 8 0
178 18 0
0 114 0
116 0 0
38 178 0
0 109 0
178 83 0
111 5 0
83 0 0
0 131 0
136 1 0
0 69 0
49 0 0
78 0 0
78 1 0
126 7 0
94 4 0
81 2 0
114 3 0
92 1 0
81 1 0
178 76 0
178 171 0
177 71 0
86 0 0
116 3 0
82 2 0
111 7 0
1 67 0
0 18 0
121 5 0
178 3 0
1 148 0
11 0 0
162 1 0
30 178 0
109 2 0
100 10 0
24 0 0
178 68 0
51 0 0
135 1 0
136 0 0
100 16 0
71 0 0
32 1 0
139 2 0
103 12 0
98 18 0
102 14 0
0 4 0
142 177 0
146 0 0
176 89 0
46 177 0
40 177 0
177 0 0
120 1 0
109 3 0
0 85 0
156 0 0
145 0 0
143 178 0
97 1 0
1 122 0
33 178 0
0 122 0
1 90 0
177 175 0
14 1 0
139 178 0
152 178 0
0 53 0
97 13 0
1 178 0
37 177 0
41 178 0
46 178 0
0 66 0
6 176 0
110 6 0
0 148 0
103 18 0
160 178 0
91 178 0
84 0 0
178 116 0
178 113 0
0 124 0
0 175 0
79 1 0
105 16 0
178 53 0
177 168 0
80 1 0
150 1 0
150 178 0
118 8 0
116 2 0
176 18 0
79 0 0
178 111 0
178 138 0
127 0 0
176 98 0
1 62 0
122 10 0
94 13 0
87 3 0
101 9 0
104 5 0
1 59 0
177 164 0
87 4 0
178 149 0
178 164 0
55 0 0
178 25 0
89 3 0
118 4 0
1 96 0
1 164 0
158 177 0
124 8 0
121 6 0
158 178 0
0 130 0
178 4 0
178 38 0
73 0 0
54 1 0
101 17 0
54 0 0
177 163 0
0 115 0
102 8 0
96 10 0
116 6 0
178 85 0
73 178 0
0 3 0
138 1 0
86 178 0
178 142 0
0 50 0
128 0 0
14 178 0
107 7 0
178 79 0
0 117 0
56 0 0
0 5 0
117 178 0
106 14 0
25 0 0
126 6 0
178 11 0
115 177 0
42 1 0
177 69 0
162 178 0
42 0 0
178 137 0
115 178 0
0 46 0
15 0 0
96 2 0
176 168 0
52 178 0
178 52 0
121 0 0
0 32 0
4 2 0
0 150 0
95 5 0
109 15 0
178 50 0
56 1 0
69 176 0
104 0 0
178 159 0
132 0 0
70 177 0
177 51 0
0 84 0
71 178 0
122 3 0
149 0 0
139 0 0
112 3 0
21 0 0
137 1 0
176 177 0
122 178 0
0 133 0
1 1 0
68 176 0
1 0 0
178 136 0
122 5 0
79 178 0
1 34 0
0 134 0
1 162 0
0 163 0
0 155 0
163 176 0
107 178 0
96 6 0
143 1 0
0 78 0
0 86 0
50 0 0
0 151 0
0 73 0
106 177 0
0 34 0
102 18 0
178 30 0
178 89 0
0 57 0
178 176 0
101 13 0
178 51 0
0 55 0
122 1 0
0 144 0
178 130 0
178 8 0
3 1 0
0 135 0
105 5 0
0 99 0
0 161 0
111 0 0
178 154 0
4 178 0
177 126 0
1 172 0
87 0 0
94 11 0
12 178 0
0 172 0
178 144 0
102 3 0
92 6 0
176 112 0
0 103 0
178 10 0
178 1 0
101 8 0
125 7 0
15 1 0
138 2 0
128 4 0
14 0 0
0 63 0
178 114 0
0 110 0
43 178 0
178 67 0
97 12 0
95 10 0
47 1 0
129 4 0
178 88 0
112 11 0
163 0 0
119 9 0
77 178 0
176 88 0
87 2 0
18 178 0
178 64 0
27 178 0
86 2 0
0 128 0
101 0 0
175 177 0
98 7 0
52 0 0
0 12 0
106 13 0
99 1 0
159 0 0
176 71 0
167 178 0
178 118 0
0 98 0
91 2 0
119 4 0
66 177 0
75 178 0
89 5 0
177 90 0
0 140 0
0 51 0
84 1 0
98 16 0
0 107 0
178 36 0
120 5 0
178 26 0
154 0 0
31 0 0
152 0 0
115 7 0
125 178 0
54 178 0
98 1 0
125 8 0
106 10 0
105 0 0
123 2 0
41 177 0
100 1 0
120 3 0
106 16 0
92 11 0
178 106 0
87 1 0
108 1 0
34 1 0
88 3 0
101 16 0
96 14 0
110 1 0
102 16 0
85 3 0
102 15 0
86 3 0
99 14 0
135 178 0
94 9 0
129 2 0
111 2 0
177 149 0
124 3 0
119 3 0
123 4 0
114 6 0
177 116 0
110 3 0
94 14 0
84 2 0
95 14 0
117 4 0
131 0 0
120 11 0
87 6 0
90 3 0
89 6 0
92 13 0
95 4 0
99 8 0
93 13 0
95 12 0
89 4 0
107 10 0
96 16 0
101 12 0
106 15 0
89 8 0
109 10 0
178 60 0
118 9 0
118 7 0
119 5 0
177 144 0
129 3 0
178 24 0
112 1 0
109 9 0
1 108 0
80 178 0
38 0 0
123 5 0
91 3 0
110 7 0
121 10 0
123 1 0
120 9 0
103 16 0
114 7 0
90 2 0
32 0 0
91 9 0
121 4 0
34 178 0
128 3 0
125 6 0
111 8 0
130 3 0
100 9 0
120 6 0
1 173 0
110 11 0
110 2 0
96 5 0
9 0 0
104 11 0
113 9 0
98 17 0
83 2 0
0 127 0
110 5 0
107 8 0
113 2 0
108 12 0
125 3 0
99 16 0
93 1 0
91 6 0
108 2 0
86 5 0
29 178 0
122 6 0
113 8 0
109 6 0
124 2 0
92 2 0
109 5 0
101 19 0
88 1 0
176 91 0
124 4 0
124 1 0
126 3 0
117 3 0
96 3 0
111 3 0
92 178 0
98 13 0
127 4 0
100 17 0
116 5 0
0 26 0
0 60 0
93 8 0
89 1 0
178 163 0
105 10 0
124 5 0
94 8 0
104 3 0
99 18 0
125 4 0
99 17 0
176 135 0
118 5 0
102 7 0
5 1 0
92 12 0
90 8 0
0 120 0
90 9 0
93 12 0
88 7 0
177 167 0
90 5 0
143 177 0
104 10 0
126 5 0
108 6 0
124 7 0
82 178 0
100 14 0
111 1 0
123 0 0
100 18 0
88 2 0
116 1 0
0 70 0
123 6 0
104 14 0
113 11 0
96 11 0
125 2 0
50 177 0
90 4 0
0 21 0
97 6 0
111 4 0
121 8 0
133 0 0
36 0 0
35 0 0
178 9 0
33 0 0
178 12 0
171 0 0
30 0 0
172 0 0
27 0 0
0 2 0
26 0 0
178 6 0
0 10 0
0 6 0
0 1 0
0 28 0
6 0 0
20 0 0
18 0 0
178 14 0
13 0 0
12 0 0
7 0 0
178 16 0
0 17 0
8 0 0
0 19 0
0 20 0
178 21 0
0 23 0
178 23 0
3 0 0
103 0 0
88 0 0
82 0 0
108 0 0
109 0 0
80 0 0
113 0 0
115 0 0
117 0 0
74 0 0
118 0 0
124 0 0
69 0 0
125 0 0
130 0 0
37 0 0
135 0 0
66 0 0
62 0 0
140 0 0
142 0 0
58 0 0
144 0 0
48 0 0
46 0 0
158 0 0
43 0 0
41 0 0
165 0 0
170 0 0
39 0 0
0 48 0
178 77 0
178 78 0
0 80 0
0 81 0
178 81 0
0 82 0
59 178 0
0 118 0
0 177 0
178 110 0
144 178 0
7 178 0
0 154 0
0 136 0
178 151 0
178 86 0
81 178 0
0 87 0
35 178 0
0 137 0
178 92 0
178 146 0
44 178 0
0 92 0
36 178 0
0 93 0
178 94 0
178 152 0
178 95 0
0 95 0
0 153 0
178 160 0
178 96 0
109 178 0
178 100 0
178 140 0
72 178 0
178 133 0
0 100 0
178 161 0
100 178 0
178 148 0
98 178 0
178 101 0
0 102 0
103 178 0
119 178 0
178 156 0
178 103 0
159 178 0
178 172 0
104 178 0
118 178 0
113 178 0
0 104 0
178 105 0
105 178 0
24 178 0
0 108 0
178 108 0
108 178 0
178 165 0
178 115 0
178 97 0
148 178 0
0 30 0
0 113 0
178 32 0
151 178 0
0 142 0
19 178 0
114 178 0
111 178 0
16 178 0
0 33 0
0 35 0
0 132 0
15 178 0
127 178 0
178 37 0
0 121 0
178 121 0
178 141 0
0 170 0
0 39 0
62 178 0
178 122 0
170 178 0
178 139 0
178 40 0
0 157 0
178 41 0
21 178 0
178 170 0
0 42 0
178 42 0
178 169 0
0 44 0
40 178 0
178 44 0
178 157 0
0 45 0
0 166 0
147 178 0
155 178 0
39 178 0
178 46 0
0 176 0
137 178 0
0 167 0
178 127 0
0 47 0
0 75 0
178 162 0
0 49 0
0 125 0
0 52 0
0 54 0
176 178 0
157 178 0
178 55 0
142 178 0
0 56 0
116 178 0
102 0 0
178 57 0
31 178 0
174 178 0
178 58 0
45 178 0
98 0 0
17 178 0
66 178 0
0 126 0
0 138 0
0 59 0
178 61 0
178 132 0
178 63 0
0 65 0
178 70 0
178 119 0
134 178 0
0 72 0
136 178 0
0 74 0
178 134 0
178 131 0
121 178 0
178 75 0
low, high, current -1 -1 8
Confirming Router Algorithm: TIMING_DRIVEN.
T_crit: 6.08466e-08.
T_crit: 6.095e-08.
T_crit: 6.09595e-08.
T_crit: 6.10534e-08.
T_crit: 6.10534e-08.
T_crit: 6.10534e-08.
T_crit: 6.10534e-08.
T_crit: 6.095e-08.
T_crit: 6.095e-08.
T_crit: 6.095e-08.
T_crit: 6.095e-08.
T_crit: 6.10546e-08.
T_crit: 6.14732e-08.
T_crit: 6.18918e-08.
T_crit: 6.16825e-08.
T_crit: 6.16825e-08.
T_crit: 6.15779e-08.
T_crit: 6.16825e-08.
T_crit: 6.16908e-08.
T_crit: 6.168e-08.
T_crit: 6.17897e-08.
T_crit: 6.17847e-08.
T_crit: 6.1888e-08.
T_crit: 6.1888e-08.
T_crit: 6.24088e-08.
T_crit: 6.24088e-08.
T_crit: 6.25147e-08.
T_crit: 6.28286e-08.
T_crit: 6.2724e-08.
T_crit: 6.30354e-08.
T_crit: 6.30354e-08.
T_crit: 6.2932e-08.
T_crit: 6.29307e-08.
T_crit: 6.26206e-08.
T_crit: 6.30341e-08.
T_crit: 6.30341e-08.
T_crit: 6.27227e-08.
T_crit: 6.28125e-08.
T_crit: 6.28125e-08.
T_crit: 6.27227e-08.
T_crit: 6.2579e-08.
T_crit: 6.32019e-08.
T_crit: 6.29963e-08.
T_crit: 6.25803e-08.
T_crit: 6.25147e-08.
T_crit: 6.25147e-08.
T_crit: 6.25986e-08.
T_crit: 6.25147e-08.
T_crit: 6.25147e-08.
T_crit: 6.25147e-08.
Routing failed.
low, high, current 8 -1 16
Confirming Router Algorithm: TIMING_DRIVEN.
T_crit: 6.095e-08.
T_crit: 6.095e-08.
T_crit: 6.095e-08.
T_crit: 6.09595e-08.
T_crit: 6.08561e-08.
T_crit: 6.08561e-08.
T_crit: 6.08561e-08.
T_crit: 6.08561e-08.
T_crit: 6.08561e-08.
T_crit: 6.08561e-08.
T_crit: 6.08561e-08.
T_crit: 6.08561e-08.
T_crit: 6.08561e-08.
T_crit: 6.08561e-08.
T_crit: 6.08561e-08.
T_crit: 6.08561e-08.
T_crit: 6.08561e-08.
T_crit: 6.08561e-08.
T_crit: 6.08561e-08.
T_crit: 6.08561e-08.
T_crit: 6.11548e-08.
T_crit: 6.10502e-08.
T_crit: 6.10502e-08.
T_crit: 6.10502e-08.
T_crit: 6.08599e-08.
T_crit: 6.12735e-08.
T_crit: 6.15874e-08.
T_crit: 6.15874e-08.
T_crit: 6.1692e-08.
T_crit: 6.1692e-08.
T_crit: 6.1692e-08.
T_crit: 6.30476e-08.
T_crit: 6.17321e-08.
T_crit: 6.31419e-08.
T_crit: 6.26351e-08.
T_crit: 6.51236e-08.
T_crit: 6.24569e-08.
T_crit: 6.28731e-08.
T_crit: 6.40224e-08.
T_crit: 6.24728e-08.
T_crit: 6.28247e-08.
T_crit: 6.2496e-08.
T_crit: 6.1865e-08.
T_crit: 6.40079e-08.
T_crit: 6.25937e-08.
T_crit: 6.18206e-08.
T_crit: 6.17603e-08.
T_crit: 6.33307e-08.
T_crit: 6.38552e-08.
T_crit: 6.38394e-08.
Routing failed.
low, high, current 16 -1 32
Confirming Router Algorithm: TIMING_DRIVEN.
T_crit: 6.095e-08.
T_crit: 6.095e-08.
T_crit: 6.08561e-08.
T_crit: 6.10534e-08.
T_crit: 6.10534e-08.
T_crit: 6.10534e-08.
T_crit: 6.10534e-08.
T_crit: 6.10534e-08.
T_crit: 6.10534e-08.
T_crit: 6.10534e-08.
T_crit: 6.10534e-08.
T_crit: 6.10534e-08.
T_crit: 6.10534e-08.
T_crit: 6.10534e-08.
T_crit: 6.10534e-08.
T_crit: 6.10534e-08.
Successfully routed after 17 routing iterations.
Completed net delay value cross check successfully.
low, high, current 16 32 24
Confirming Router Algorithm: TIMING_DRIVEN.
T_crit: 6.10534e-08.
T_crit: 6.095e-08.
T_crit: 6.08561e-08.
T_crit: 6.095e-08.
T_crit: 6.095e-08.
T_crit: 6.07527e-08.
T_crit: 6.07527e-08.
T_crit: 6.07527e-08.
T_crit: 6.08466e-08.
T_crit: 6.07527e-08.
T_crit: 6.07527e-08.
T_crit: 6.07527e-08.
T_crit: 6.07527e-08.
T_crit: 6.07527e-08.
T_crit: 6.07527e-08.
T_crit: 6.07527e-08.
T_crit: 6.07527e-08.
T_crit: 6.07527e-08.
T_crit: 6.07527e-08.
T_crit: 6.07527e-08.
Successfully routed after 21 routing iterations.
Completed net delay value cross check successfully.
low, high, current 16 24 20
Confirming Router Algorithm: TIMING_DRIVEN.
T_crit: 6.08454e-08.
T_crit: 6.0938e-08.
T_crit: 6.08454e-08.
T_crit: 6.09488e-08.
T_crit: 6.0938e-08.
T_crit: 6.08358e-08.
T_crit: 6.0742e-08.
T_crit: 6.08454e-08.
T_crit: 6.08441e-08.
T_crit: 6.08441e-08.
T_crit: 6.08441e-08.
T_crit: 6.08441e-08.
T_crit: 6.08441e-08.
T_crit: 6.08441e-08.
T_crit: 6.08441e-08.
T_crit: 6.08441e-08.
T_crit: 6.08441e-08.
T_crit: 6.08441e-08.
T_crit: 6.0938e-08.
T_crit: 6.0938e-08.
T_crit: 6.0938e-08.
T_crit: 6.0938e-08.
T_crit: 6.0938e-08.
T_crit: 6.0938e-08.
T_crit: 6.0938e-08.
T_crit: 6.0938e-08.
T_crit: 6.0938e-08.
T_crit: 6.0938e-08.
T_crit: 6.0938e-08.
T_crit: 6.15748e-08.
T_crit: 6.15748e-08.
T_crit: 6.15748e-08.
T_crit: 6.15748e-08.
T_crit: 6.15748e-08.
T_crit: 6.15748e-08.
T_crit: 6.15748e-08.
T_crit: 6.15748e-08.
T_crit: 6.15748e-08.
T_crit: 6.15748e-08.
T_crit: 6.15748e-08.
T_crit: 6.15748e-08.
T_crit: 6.17828e-08.
T_crit: 6.16769e-08.
T_crit: 6.16769e-08.
T_crit: 6.15723e-08.
T_crit: 6.15723e-08.
T_crit: 6.15723e-08.
T_crit: 6.15723e-08.
T_crit: 6.15723e-08.
T_crit: 6.15723e-08.
Routing failed.
low, high, current 20 24 22
Confirming Router Algorithm: TIMING_DRIVEN.
T_crit: 6.11418e-08.
T_crit: 6.10315e-08.
T_crit: 6.10257e-08.
T_crit: 6.10295e-08.
T_crit: 6.10295e-08.
T_crit: 6.0916e-08.
T_crit: 6.0916e-08.
T_crit: 6.0916e-08.
T_crit: 6.0916e-08.
T_crit: 6.0916e-08.
T_crit: 6.0916e-08.
T_crit: 6.0916e-08.
T_crit: 6.0916e-08.
T_crit: 6.0916e-08.
T_crit: 6.0916e-08.
T_crit: 6.0916e-08.
T_crit: 6.0916e-08.
T_crit: 6.0916e-08.
T_crit: 6.0916e-08.
T_crit: 6.0916e-08.
T_crit: 6.0916e-08.
T_crit: 6.0916e-08.
T_crit: 6.0916e-08.
T_crit: 6.0916e-08.
T_crit: 6.0916e-08.
T_crit: 6.09828e-08.
T_crit: 6.11316e-08.
T_crit: 6.11316e-08.
Successfully routed after 29 routing iterations.
Completed net delay value cross check successfully.

Checking to ensure routing is legal ...
Completed routing consistency check successfully.

Serial number (magic cookie) for the routing is: 1373281042
Best routing used a channel width factor of 22.


Average number of bends per net: 7.04796  Maximum # of bends: 175


The number of routed nets (nonglobal): 1251
Wirelength results (all in units of 1 clb segments):
	Total wirelength: 163318   Average net length: 130.550
	Maximum net length: 610

Wirelength results in terms of physical segments:
	Total wiring segments used: 81976   Av. wire segments per net: 65.5284
	Maximum segments used by a net: 307


X - Directed channels:

j	max occ	av_occ		capacity
0	22	11.8814  	22
1	22	13.5819  	22
2	22	11.0395  	22
3	22	8.45198  	22
4	22	9.69491  	22
5	22	6.87006  	22
6	22	8.89266  	22
7	22	7.59322  	22
8	22	5.60452  	22
9	21	6.79661  	22
10	21	6.81921  	22
11	22	8.40678  	22
12	22	7.49153  	22
13	22	8.12994  	22
14	20	8.98305  	22
15	22	6.84181  	22
16	22	7.91525  	22
17	20	6.31073  	22
18	20	6.97740  	22
19	21	8.33333  	22
20	22	7.34463  	22
21	18	4.20339  	22
22	16	4.07910  	22
23	12	3.04520  	22
24	12	2.83616  	22
25	6	1.46893  	22
26	6	3.10734  	22
27	5	3.44633  	22
28	4	1.64972  	22
29	3	0.463277 	22
30	4	0.717514 	22
31	5	2.90960  	22
32	5	2.16949  	22
33	3	2.05085  	22
34	4	2.00000  	22
35	4	0.276836 	22
36	5	4.20904  	22
37	2	0.593220 	22
38	3	0.649718 	22
39	5	0.734463 	22
40	4	1.49718  	22
41	3	1.05650  	22
42	2	0.915254 	22
43	4	0.711864 	22
44	1	0.0903955	22
45	2	0.412429 	22
46	4	0.632768 	22
47	5	2.99435  	22
48	5	1.84181  	22
49	4	0.0903955	22
50	4	1.39548  	22
51	4	1.50847  	22
52	2	0.819209 	22
53	4	1.25424  	22
54	2	0.632768 	22
55	2	0.0621469	22
56	2	0.514124 	22
57	7	1.83051  	22
58	4	0.666667 	22
59	5	2.71751  	22
60	5	1.92090  	22
61	6	0.796610 	22
62	3	1.70056  	22
63	4	0.796610 	22
64	5	2.79096  	22
65	5	0.932203 	22
66	6	3.76271  	22
67	5	1.19774  	22
68	3	0.774011 	22
69	4	1.46893  	22
70	7	2.29379  	22
71	5	3.87006  	22
72	4	1.89831  	22
73	3	1.88136  	22
74	3	1.42373  	22
75	1	0.0112994	22
76	5	0.107345 	22
77	1	0.508475 	22
78	2	1.04520  	22
79	3	0.903955 	22
80	3	0.508475 	22
81	4	0.581921 	22
82	7	1.08475  	22
83	6	1.91525  	22
84	3	0.836158 	22
85	4	1.73446  	22
86	6	1.63277  	22
87	8	2.09040  	22
88	9	3.06215  	22
89	9	3.64407  	22
90	9	3.27684  	22
91	8	2.29944  	22
92	5	1.58757  	22
93	4	1.19209  	22
94	7	1.61582  	22
95	4	0.841808 	22
96	4	0.423729 	22
97	6	0.271186 	22
98	5	3.20904  	22
99	4	0.423729 	22
100	3	0.485876 	22
101	6	0.553672 	22
102	3	0.480226 	22
103	3	0.0960452	22
104	7	1.62147  	22
105	8	2.81921  	22
106	7	5.44068  	22
107	8	5.23729  	22
108	6	2.77966  	22
109	3	1.14124  	22
110	5	0.0790960	22
111	7	1.62712  	22
112	7	2.15819  	22
113	4	1.81921  	22
114	2	0.632768 	22
115	3	2.43503  	22
116	4	0.0564972	22
117	8	3.72316  	22
118	3	1.37288  	22
119	3	2.50282  	22
120	3	2.20339  	22
121	5	2.24294  	22
122	2	0.621469 	22
123	2	0.0564972	22
124	4	0.468927 	22
125	4	1.17514  	22
126	3	1.24859  	22
127	4	1.02260  	22
128	5	2.88701  	22
129	3	1.19774  	22
130	2	0.491525 	22
131	2	1.00565  	22
132	2	0.0451977	22
133	2	1.02825  	22
134	5	1.06780  	22
135	2	0.661017 	22
136	3	1.83051  	22
137	1	0.0508475	22
138	2	0.0451977	22
139	1	0.774011 	22
140	1	0.0169492	22
141	4	0.0790960	22
142	3	1.67232  	22
143	5	1.80226  	22
144	5	0.768362 	22
145	3	1.30508  	22
146	2	0.514124 	22
147	4	3.28249  	22
148	5	0.0564972	22
149	2	1.01130  	22
150	3	1.69492  	22
151	2	0.0451977	22
152	3	0.824859 	22
153	6	1.06780  	22
154	2	1.44633  	22
155	1	0.0282486	22
156	3	1.10734  	22
157	3	2.66667  	22
158	1	0.0112994	22
159	3	1.66667  	22
160	3	1.46893  	22
161	3	1.01695  	22
162	3	0.768362 	22
163	4	2.67232  	22
164	3	1.59322  	22
165	2	1.76271  	22
166	7	1.27684  	22
167	6	5.37288  	22
168	4	1.47458  	22
169	3	1.54802  	22
170	2	0.536723 	22
171	9	6.67797  	22
172	8	4.57627  	22
173	14	6.61017  	22
174	15	9.41243  	22
175	20	12.5763  	22
176	17	11.4124  	22
177	14	9.61582  	22

Y - Directed channels:

i	max occ	av_occ		capacity
0	14	9.66102  	22
1	16	11.4350  	22
2	18	11.2429  	22
3	12	7.02825  	22
4	12	6.65537  	22
5	5	0.706215 	22
6	5	3.15254  	22
7	5	2.37853  	22
8	5	2.41243  	22
9	2	1.00565  	22
10	3	1.16384  	22
11	2	0.305085 	22
12	2	0.0508475	22
13	3	1.32768  	22
14	6	2.31073  	22
15	4	1.37288  	22
16	2	1.02825  	22
17	2	0.757062 	22
18	1	0.00564972	22
19	3	0.0451977	22
20	4	0.0847458	22
21	3	1.05650  	22
22	6	2.10734  	22
23	3	1.02825  	22
24	4	1.44633  	22
25	0	0.00000  	22
26	4	2.33333  	22
27	1	0.0112994	22
28	0	0.00000  	22
29	3	0.508475 	22
30	4	1.79661  	22
31	3	0.937853 	22
32	2	0.627119 	22
33	5	1.02825  	22
34	2	0.0451977	22
35	4	1.68362  	22
36	6	0.988701 	22
37	5	3.36158  	22
38	2	0.593220 	22
39	5	1.89266  	22
40	5	1.99435  	22
41	5	1.77401  	22
42	5	2.51977  	22
43	1	0.0169492	22
44	2	0.0395480	22
45	4	1.07910  	22
46	6	3.12994  	22
47	4	0.146893 	22
48	6	0.129944 	22
49	6	1.02825  	22
50	5	2.28814  	22
51	2	0.457627 	22
52	2	0.576271 	22
53	5	2.41808  	22
54	5	3.58192  	22
55	4	0.830508 	22
56	4	1.88701  	22
57	5	3.28814  	22
58	2	1.07910  	22
59	2	1.46893  	22
60	1	0.983051 	22
61	2	1.37853  	22
62	3	1.02825  	22
63	3	2.15254  	22
64	2	1.03390  	22
65	4	0.118644 	22
66	5	0.706215 	22
67	6	0.468927 	22
68	6	0.830508 	22
69	5	1.25989  	22
70	4	0.915254 	22
71	3	1.07345  	22
72	2	1.50847  	22
73	6	1.98305  	22
74	4	0.214689 	22
75	6	1.07910  	22
76	5	0.372881 	22
77	4	2.06780  	22
78	5	2.15819  	22
79	8	1.29379  	22
80	8	3.80791  	22
81	8	3.97740  	22
82	11	2.05085  	22
83	12	2.87006  	22
84	15	2.28814  	22
85	18	3.81356  	22
86	17	3.75141  	22
87	18	5.22599  	22
88	16	3.87006  	22
89	16	3.20339  	22
90	19	5.39548  	22
91	17	3.38983  	22
92	16	5.55932  	22
93	18	4.62712  	22
94	20	4.36723  	22
95	21	2.89266  	22
96	19	4.44068  	22
97	21	4.12994  	22
98	20	7.44068  	22
99	19	3.93785  	22
100	21	6.72316  	22
101	20	3.67232  	22
102	22	4.92655  	22
103	20	4.45763  	22
104	21	6.01130  	22
105	21	5.66667  	22
106	20	4.26554  	22
107	17	6.63277  	22
108	19	6.03955  	22
109	20	4.55367  	22
110	19	4.16384  	22
111	21	4.32203  	22
112	21	4.35028  	22
113	19	2.87571  	22
114	16	4.99435  	22
115	16	2.64407  	22
116	18	2.79661  	22
117	17	2.81356  	22
118	16	4.81921  	22
119	18	2.10169  	22
120	17	4.74011  	22
121	17	3.87006  	22
122	14	3.83051  	22
123	16	2.72316  	22
124	13	4.41808  	22
125	10	2.72316  	22
126	12	4.40678  	22
127	9	3.85876  	22
128	9	1.48023  	22
129	9	4.77966  	22
130	8	1.75141  	22
131	8	2.28249  	22
132	4	0.129944 	22
133	5	2.00000  	22
134	3	0.514124 	22
135	3	0.203390 	22
136	4	0.463277 	22
137	6	1.49153  	22
138	8	2.26554  	22
139	6	1.57627  	22
140	8	1.75141  	22
141	5	3.00565  	22
142	5	1.44633  	22
143	3	1.77966  	22
144	5	1.06780  	22
145	1	1.00000  	22
146	1	0.898305 	22
147	2	1.01695  	22
148	5	2.28249  	22
149	5	1.01130  	22
150	2	0.966102 	22
151	2	0.779661 	22
152	3	1.19774  	22
153	2	0.101695 	22
154	4	0.0564972	22
155	6	0.519774 	22
156	4	2.65537  	22
157	3	0.932203 	22
158	2	0.0621469	22
159	2	0.0677966	22
160	3	0.949153 	22
161	6	4.23164  	22
162	6	3.43503  	22
163	5	1.32768  	22
164	3	0.372881 	22
165	3	1.70621  	22
166	6	2.98305  	22
167	6	1.14124  	22
168	7	0.553672 	22
169	4	1.09040  	22
170	4	1.63277  	22
171	10	4.64407  	22
172	13	6.18644  	22
173	15	10.4350  	22
174	16	9.01695  	22
175	21	12.9548  	22
176	15	10.1977  	22
177	18	12.7684  	22

Total Tracks in X-direction: 3916  in Y-direction: 3916

Logic Area (in minimum width transistor areas):
Total Logic Area: 9.3987e+08  Per 1x1 logic tile: 30000

Routing area (in minimum width transistor areas):
Total Routing Area: 8.66694e+07  Per logic tile: 2766.43

Segment usage by type (index):
Segment type       Fractional utilization
------------       ----------------------
       0                  0.118

Segment usage by length:
Segment length       Fractional utilization
--------------       ----------------------
        2                   0.118

Critical Path: 6.11316e-08 (s)

Time elapsed (PLACE&ROUTE): 20822333.373000 ms


Time elapsed (Fernando): 20822333.402000 ms

