
VPR FPGA Placement and Routing.
Version: Version 5.0.2
Compiled: Dec 11 2020.
Original VPR by V. Betz.
Timing-driven placement enhancements by A. Marquardt.
Single-drivers enhancements by Andy Ye with additions by.
Mark Fang, Jason Luu, Ted Campbell
Heterogeneous stucture support by Jason Luu and Ted Campbell.
This code is licensed only for non-commercial use.

Auto-sizing FPGA, try x = 92 y = 92
Auto-sizing FPGA, try x = 184 y = 184
Auto-sizing FPGA, try x = 92 y = 92
Auto-sizing FPGA, try x = 138 y = 138
Auto-sizing FPGA, try x = 161 y = 161
Auto-sizing FPGA, try x = 149 y = 149
Auto-sizing FPGA, try x = 143 y = 143
Auto-sizing FPGA, try x = 140 y = 140
Auto-sizing FPGA, try x = 139 y = 139
Auto-sizing FPGA, try x = 139 y = 139
FPGA auto-sized to, x = 140 y = 140

Resource Usage:
Netlist      0	blocks of type <EMPTY>
Architecture 4	blocks of type <EMPTY>
Netlist      557	blocks of type .io
Architecture 560	blocks of type .io
Netlist      7875	blocks of type .clb
Architecture 19600	blocks of type .clb

Timing analysis: ON

Operation:  ROUTE_ONLY

PlacerOpts.place_freq:  PLACE_NEVER

RouterOpts.route_type:  DETAILED
RouterOpts.router_algorithm:  TIMING_DRIVEN
RouterOpts.base_cost_type:  DELAY_NORMALIZED
RouterOpts.fixed_channel_width:  NO_FIXED_CHANNEL_WIDTH
RouterOpts.acc_fac:  1.000000
RouterOpts.bb_factor:  3
RouterOpts.bend_cost:  0.000000
RouterOpts.first_iter_pres_fac:  0.500000
RouterOpts.initial_pres_fac:  0.500000
RouterOpts.pres_fac_mult:  1.300000
RouterOpts.max_router_iterations:  50
RouterOpts.astar_fac:  1.200000
RouterOpts.criticality_exp:  1.000000
RouterOpts.max_criticality:  0.990000

RoutingArch.directionality:  UNI_DIRECTIONAL
RoutingArch.switch_block_type:  WILTON
RoutingArch.Fs:  3

The circuit will be mapped into a 140 x 140 array of clbs.

Netlist num_nets:  7907
Netlist num_blocks:  8432
Netlist inputs pins:  32
Netlist output pins:  525

19 8 0
73 38 0
103 31 0
39 3 0
70 9 0
126 2 0
116 18 0
49 3 0
113 24 0
141 65 0
9 13 0
17 60 0
102 6 0
122 23 0
106 3 0
117 3 0
116 30 0
117 14 0
115 32 0
82 10 0
56 1 0
15 42 0
14 1 0
115 3 0
121 9 0
120 1 0
126 3 0
120 7 0
116 41 0
3 65 0
14 54 0
115 47 0
120 4 0
118 6 0
59 2 0
112 31 0
117 39 0
104 37 0
141 102 0
116 40 0
64 37 0
116 8 0
38 72 0
85 13 0
111 26 0
112 4 0
117 9 0
96 14 0
47 7 0
100 9 0
41 13 0
34 64 0
30 53 0
111 6 0
99 5 0
94 11 0
103 38 0
110 45 0
110 53 0
49 7 0
92 10 0
30 68 0
31 59 0
56 61 0
91 30 0
119 10 0
106 46 0
94 12 0
85 6 0
125 5 0
78 36 0
59 9 0
92 7 0
86 12 0
114 5 0
102 26 0
68 7 0
94 47 0
91 49 0
57 4 0
80 26 0
7 79 0
118 20 0
83 34 0
110 20 0
96 26 0
104 48 0
84 59 0
71 45 0
87 45 0
87 41 0
104 45 0
141 80 0
93 48 0
84 51 0
61 4 0
41 60 0
12 24 0
75 34 0
20 14 0
125 19 0
120 20 0
83 14 0
108 27 0
88 26 0
112 24 0
85 48 0
91 47 0
97 47 0
97 48 0
38 19 0
76 7 0
30 60 0
22 54 0
71 5 0
101 4 0
21 25 0
20 27 0
4 27 0
1 9 0
102 37 0
90 33 0
103 49 0
72 43 0
89 48 0
89 43 0
108 47 0
60 47 0
91 16 0
41 4 0
2 66 0
2 31 0
16 21 0
96 48 0
122 19 0
82 52 0
119 7 0
91 2 0
118 8 0
97 4 0
90 3 0
60 35 0
92 5 0
88 35 0
87 40 0
89 40 0
60 6 0
102 9 0
60 15 0
74 20 0
73 51 0
85 51 0
87 6 0
88 6 0
97 1 0
96 8 0
73 2 0
84 35 0
90 40 0
86 39 0
81 23 0
80 40 0
97 8 0
86 19 0
14 24 0
61 65 0
88 17 0
87 51 0
98 5 0
1 1 0
101 5 0
92 3 0
89 20 0
96 7 0
55 37 0
93 7 0
81 32 0
89 38 0
93 41 0
88 40 0
86 51 0
58 32 0
97 20 0
85 9 0
67 15 0
4 7 0
133 19 0
60 13 0
100 11 0
99 2 0
94 9 0
98 14 0
80 16 0
97 14 0
92 4 0
94 37 0
94 40 0
94 39 0
95 39 0
92 40 0
84 40 0
90 39 0
54 31 0
50 20 0
7 78 0
2 54 0
4 6 0
84 3 0
89 30 0
126 4 0
29 25 0
51 20 0
106 2 0
80 6 0
114 32 0
85 12 0
94 3 0
83 6 0
76 25 0
90 37 0
83 40 0
82 39 0
79 37 0
82 40 0
95 40 0
70 34 0
31 12 0
80 28 0
72 3 0
66 58 0
84 1 0
82 9 0
80 15 0
82 38 0
92 9 0
81 28 0
79 28 0
105 34 0
31 16 0
77 33 0
80 39 0
122 13 0
74 33 0
67 8 0
39 1 0
91 6 0
85 30 0
115 31 0
70 7 0
87 32 0
110 39 0
93 8 0
107 39 0
73 45 0
98 33 0
98 34 0
106 32 0
78 60 0
74 18 0
73 31 0
87 25 0
63 17 0
60 50 0
89 24 0
62 27 0
51 1 0
51 24 0
11 41 0
11 74 0
7 73 0
83 52 0
94 29 0
83 37 0
65 1 0
29 22 0
100 34 0
97 37 0
95 47 0
96 46 0
75 26 0
109 17 0
77 32 0
107 18 0
86 21 0
26 8 0
79 34 0
71 3 0
44 8 0
88 30 0
97 30 0
93 38 0
56 25 0
56 11 0
94 33 0
96 30 0
86 29 0
101 34 0
28 15 0
128 37 0
76 19 0
86 20 0
123 18 0
113 31 0
121 7 0
128 2 0
24 1 0
25 6 0
74 32 0
87 33 0
96 21 0
59 11 0
9 70 0
65 64 0
91 31 0
92 41 0
103 39 0
101 39 0
91 37 0
60 14 0
102 39 0
98 28 0
96 29 0
115 40 0
98 31 0
96 32 0
111 34 0
101 38 0
126 30 0
126 38 0
125 36 0
119 37 0
124 10 0
110 15 0
128 20 0
101 37 0
75 7 0
73 34 0
11 3 0
91 33 0
43 23 0
88 25 0
65 27 0
85 33 0
128 38 0
129 38 0
99 48 0
87 19 0
80 4 0
102 31 0
83 38 0
93 24 0
96 20 0
95 21 0
44 37 0
94 18 0
124 7 0
121 13 0
125 13 0
108 13 0
92 18 0
76 31 0
61 1 0
1 54 0
2 52 0
33 52 0
58 66 0
49 34 0
1 53 0
47 32 0
80 36 0
68 8 0
82 13 0
76 20 0
55 29 0
129 39 0
96 34 0
97 33 0
92 31 0
90 16 0
98 35 0
98 29 0
100 33 0
85 18 0
120 9 0
103 16 0
54 22 0
72 31 0
98 16 0
63 13 0
79 19 0
34 58 0
38 59 0
84 55 0
91 42 0
93 35 0
71 41 0
57 10 0
68 23 0
63 34 0
110 10 0
80 37 0
84 44 0
51 40 0
107 8 0
108 18 0
116 38 0
114 9 0
107 10 0
34 69 0
118 11 0
115 7 0
141 35 0
63 49 0
122 10 0
23 21 0
36 31 0
16 33 0
17 62 0
50 39 0
28 44 0
31 54 0
42 59 0
62 41 0
46 38 0
62 40 0
62 44 0
52 9 0
62 59 0
77 41 0
51 36 0
24 46 0
58 40 0
98 8 0
108 46 0
109 45 0
116 33 0
100 27 0
8 43 0
73 17 0
91 36 0
123 9 0
113 12 0
129 12 0
127 32 0
84 26 0
80 33 0
72 34 0
35 5 0
51 65 0
58 63 0
54 61 0
62 62 0
68 54 0
68 56 0
40 38 0
60 42 0
60 44 0
70 5 0
59 41 0
78 42 0
101 48 0
105 44 0
99 11 0
105 6 0
71 10 0
106 19 0
106 30 0
106 29 0
107 19 0
128 33 0
120 29 0
90 31 0
90 32 0
94 28 0
30 19 0
19 24 0
37 12 0
56 46 0
73 41 0
19 52 0
27 61 0
21 60 0
40 61 0
18 40 0
22 18 0
21 31 0
40 12 0
67 53 0
60 41 0
62 9 0
78 33 0
81 44 0
105 32 0
105 46 0
97 10 0
94 8 0
47 15 0
107 30 0
108 30 0
108 29 0
114 31 0
53 32 0
120 25 0
120 19 0
88 39 0
108 38 0
91 35 0
114 30 0
40 15 0
43 67 0
43 54 0
60 54 0
103 30 0
107 9 0
62 19 0
109 14 0
100 35 0
26 54 0
103 12 0
103 13 0
103 11 0
104 30 0
90 48 0
55 14 0
76 56 0
97 22 0
112 33 0
107 29 0
95 25 0
123 33 0
124 33 0
58 3 0
78 5 0
128 5 0
117 33 0
118 12 0
119 4 0
91 26 0
91 48 0
44 24 0
89 25 0
83 32 0
53 39 0
39 70 0
46 62 0
21 7 0
55 61 0
45 53 0
57 43 0
87 52 0
90 26 0
91 7 0
72 36 0
89 5 0
28 10 0
105 14 0
82 12 0
102 14 0
103 18 0
90 24 0
89 37 0
93 11 0
99 25 0
114 34 0
131 35 0
130 35 0
130 33 0
59 1 0
119 14 0
104 8 0
19 33 0
42 19 0
106 37 0
39 56 0
29 8 0
59 6 0
19 25 0
58 41 0
80 29 0
93 16 0
82 36 0
101 15 0
123 3 0
102 11 0
103 7 0
90 2 0
97 21 0
112 36 0
98 11 0
119 32 0
113 34 0
118 36 0
48 18 0
3 1 0
99 4 0
117 20 0
91 5 0
46 2 0
54 39 0
53 16 0
99 7 0
27 3 0
19 2 0
48 9 0
45 40 0
54 5 0
75 25 0
55 33 0
105 9 0
104 21 0
106 12 0
101 14 0
101 12 0
85 17 0
85 21 0
64 11 0
82 25 0
45 26 0
85 8 0
17 30 0
21 81 0
56 57 0
122 31 0
21 40 0
56 63 0
51 55 0
19 31 0
25 48 0
67 50 0
70 41 0
82 44 0
20 31 0
90 8 0
84 10 0
107 5 0
101 10 0
111 12 0
99 8 0
73 6 0
14 48 0
23 28 0
23 31 0
18 27 0
18 21 0
24 24 0
96 25 0
80 48 0
20 33 0
32 38 0
23 37 0
80 41 0
82 27 0
104 10 0
98 2 0
87 9 0
79 30 0
72 18 0
115 20 0
33 16 0
105 2 0
106 9 0
117 2 0
61 36 0
84 27 0
81 29 0
101 35 0
95 5 0
90 13 0
108 32 0
127 35 0
110 36 0
115 36 0
114 7 0
120 27 0
57 44 0
82 8 0
26 73 0
19 35 0
111 1 0
55 35 0
46 14 0
79 40 0
109 13 0
60 18 0
99 1 0
23 59 0
23 71 0
92 13 0
119 3 0
104 1 0
78 29 0
75 41 0
94 2 0
66 24 0
100 14 0
116 7 0
112 12 0
121 26 0
60 25 0
75 42 0
63 39 0
24 13 0
8 79 0
7 6 0
67 59 0
62 7 0
21 41 0
55 40 0
21 6 0
83 47 0
93 44 0
102 7 0
81 38 0
77 37 0
115 39 0
102 15 0
113 14 0
63 16 0
119 12 0
66 10 0
116 13 0
93 3 0
57 31 0
120 14 0
86 15 0
10 8 0
5 73 0
85 25 0
109 4 0
29 61 0
31 60 0
76 3 0
26 19 0
82 45 0
80 49 0
83 41 0
34 45 0
35 8 0
36 14 0
57 42 0
63 43 0
104 29 0
100 16 0
86 14 0
65 29 0
113 13 0
63 19 0
97 12 0
78 11 0
111 20 0
76 11 0
96 28 0
91 12 0
85 11 0
100 39 0
105 19 0
116 27 0
94 10 0
91 29 0
51 23 0
85 15 0
80 19 0
28 37 0
9 11 0
9 31 0
5 79 0
4 14 0
12 26 0
20 59 0
104 44 0
14 32 0
73 5 0
25 25 0
25 40 0
22 4 0
35 12 0
92 20 0
93 17 0
109 40 0
109 22 0
110 26 0
90 12 0
99 30 0
73 14 0
32 9 0
85 7 0
67 18 0
62 17 0
19 18 0
28 25 0
99 14 0
30 48 0
83 21 0
31 27 0
34 26 0
94 23 0
72 35 0
95 27 0
81 17 0
78 12 0
86 30 0
97 36 0
98 25 0
89 26 0
118 16 0
96 18 0
24 70 0
108 17 0
124 5 0
122 20 0
131 27 0
119 27 0
83 18 0
82 33 0
93 52 0
103 4 0
46 41 0
37 39 0
29 45 0
32 40 0
64 33 0
120 5 0
64 31 0
63 30 0
60 31 0
126 6 0
122 29 0
38 48 0
78 64 0
129 28 0
41 41 0
17 15 0
122 30 0
103 27 0
99 20 0
34 25 0
89 28 0
31 28 0
120 31 0
118 21 0
107 42 0
66 43 0
87 30 0
96 1 0
78 37 0
115 28 0
84 38 0
83 25 0
110 27 0
100 8 0
82 24 0
98 21 0
84 17 0
65 38 0
115 21 0
116 22 0
117 26 0
88 33 0
36 52 0
115 23 0
124 16 0
114 23 0
115 24 0
90 46 0
123 22 0
128 25 0
116 23 0
118 24 0
133 26 0
137 27 0
121 17 0
99 29 0
72 15 0
21 22 0
111 3 0
74 35 0
21 24 0
19 7 0
113 7 0
92 23 0
23 43 0
89 32 0
95 26 0
32 50 0
63 50 0
67 42 0
66 38 0
88 38 0
102 36 0
109 36 0
87 7 0
109 32 0
87 18 0
87 15 0
74 11 0
89 21 0
86 4 0
86 32 0
109 20 0
96 31 0
128 3 0
72 22 0
96 23 0
56 26 0
78 23 0
72 19 0
65 36 0
25 28 0
87 28 0
107 44 0
75 29 0
60 12 0
85 27 0
26 11 0
4 44 0
46 16 0
118 13 0
26 15 0
117 6 0
68 20 0
23 8 0
76 2 0
28 7 0
113 1 0
103 1 0
92 24 0
77 2 0
119 5 0
35 19 0
54 15 0
94 21 0
53 33 0
88 7 0
69 43 0
58 31 0
106 22 0
97 16 0
103 19 0
76 41 0
80 14 0
80 18 0
103 23 0
84 14 0
75 8 0
107 23 0
77 6 0
75 22 0
119 15 0
62 12 0
117 16 0
77 5 0
65 15 0
74 26 0
74 13 0
110 12 0
111 19 0
98 12 0
67 16 0
91 40 0
21 23 0
72 7 0
57 21 0
51 22 0
65 13 0
95 24 0
29 30 0
28 21 0
22 41 0
97 23 0
99 24 0
102 30 0
99 38 0
91 25 0
105 13 0
107 36 0
57 13 0
35 51 0
41 50 0
38 51 0
14 4 0
92 21 0
102 22 0
93 5 0
126 20 0
60 26 0
107 41 0
47 26 0
85 31 0
61 26 0
20 29 0
18 42 0
89 14 0
86 23 0
25 31 0
97 17 0
118 25 0
94 14 0
83 48 0
24 21 0
28 46 0
18 16 0
91 18 0
92 19 0
112 30 0
89 47 0
50 36 0
91 23 0
58 42 0
59 29 0
71 29 0
112 27 0
109 27 0
59 32 0
79 43 0
81 24 0
82 22 0
85 14 0
101 22 0
89 13 0
103 15 0
94 30 0
82 4 0
74 28 0
82 48 0
63 40 0
107 31 0
123 19 0
104 22 0
23 23 0
100 21 0
34 11 0
22 37 0
101 28 0
88 5 0
65 12 0
64 39 0
61 7 0
76 6 0
75 20 0
69 23 0
105 26 0
78 7 0
76 32 0
14 26 0
91 17 0
120 17 0
94 6 0
78 4 0
78 6 0
65 30 0
24 22 0
36 60 0
104 26 0
80 24 0
91 15 0
27 36 0
22 17 0
79 9 0
105 25 0
104 20 0
99 21 0
93 47 0
79 7 0
39 14 0
61 10 0
77 16 0
66 40 0
37 41 0
101 23 0
99 17 0
86 9 0
110 23 0
69 32 0
93 18 0
90 19 0
70 22 0
99 12 0
75 5 0
79 42 0
79 16 0
66 22 0
55 2 0
94 27 0
52 20 0
95 10 0
84 29 0
72 12 0
108 31 0
104 25 0
27 45 0
31 9 0
7 52 0
103 34 0
19 39 0
123 16 0
67 4 0
70 11 0
58 17 0
64 19 0
21 29 0
20 23 0
78 18 0
90 21 0
64 28 0
19 6 0
15 41 0
19 34 0
101 29 0
108 24 0
90 25 0
104 23 0
23 13 0
24 55 0
26 55 0
25 13 0
101 20 0
21 8 0
83 23 0
32 8 0
104 19 0
75 16 0
79 13 0
84 15 0
25 8 0
22 13 0
63 1 0
108 33 0
80 3 0
22 15 0
17 25 0
108 21 0
124 39 0
100 36 0
113 41 0
117 13 0
92 34 0
63 22 0
45 4 0
1 37 0
80 25 0
68 26 0
61 32 0
83 20 0
62 35 0
76 35 0
80 23 0
62 34 0
21 26 0
21 33 0
21 35 0
98 23 0
8 47 0
19 30 0
37 40 0
25 56 0
46 39 0
21 37 0
69 18 0
69 19 0
71 26 0
87 43 0
120 3 0
61 30 0
90 5 0
74 12 0
75 18 0
68 19 0
71 18 0
66 9 0
109 6 0
57 23 0
72 2 0
36 36 0
45 27 0
123 39 0
121 38 0
100 12 0
122 39 0
22 36 0
94 24 0
80 21 0
71 4 0
95 36 0
48 43 0
118 40 0
18 24 0
34 50 0
79 18 0
120 15 0
85 19 0
36 38 0
83 45 0
65 43 0
67 43 0
65 37 0
85 20 0
77 18 0
81 12 0
82 5 0
97 13 0
75 12 0
99 22 0
102 8 0
112 13 0
98 13 0
59 16 0
101 19 0
91 10 0
62 20 0
98 38 0
61 24 0
103 17 0
106 14 0
56 9 0
112 20 0
61 29 0
86 27 0
127 13 0
116 19 0
122 22 0
38 11 0
69 1 0
42 8 0
20 37 0
36 61 0
19 37 0
92 1 0
60 4 0
115 4 0
102 4 0
112 7 0
114 4 0
123 6 0
128 8 0
67 22 0
67 25 0
28 35 0
109 3 0
19 26 0
23 34 0
23 26 0
23 29 0
39 10 0
22 20 0
23 45 0
37 14 0
29 34 0
22 31 0
103 50 0
50 38 0
40 37 0
68 42 0
102 18 0
59 35 0
64 7 0
56 37 0
68 29 0
113 38 0
22 32 0
71 30 0
83 28 0
75 4 0
80 13 0
26 46 0
81 31 0
57 12 0
58 14 0
77 14 0
72 16 0
59 13 0
67 23 0
67 47 0
74 34 0
62 45 0
61 45 0
27 30 0
63 44 0
60 43 0
61 46 0
67 17 0
60 46 0
90 11 0
60 19 0
123 15 0
125 15 0
107 37 0
123 11 0
123 4 0
121 14 0
51 0 0
80 17 0
34 53 0
63 2 0
60 3 0
116 1 0
83 9 0
39 24 0
93 1 0
3 15 0
121 32 0
71 21 0
1 30 0
14 72 0
45 64 0
24 59 0
17 63 0
45 59 0
82 46 0
96 4 0
99 6 0
115 2 0
104 4 0
95 6 0
41 51 0
107 43 0
87 38 0
103 48 0
93 4 0
113 4 0
112 32 0
112 3 0
101 9 0
97 7 0
110 13 0
113 2 0
130 141 0
121 2 0
98 15 0
51 10 0
48 3 0
60 36 0
7 60 0
31 75 0
3 43 0
1 59 0
17 61 0
15 79 0
96 5 0
85 35 0
116 2 0
122 2 0
104 2 0
128 6 0
99 15 0
108 12 0
97 45 0
45 3 0
117 21 0
36 16 0
76 22 0
74 36 0
70 4 0
24 30 0
116 24 0
66 23 0
11 48 0
16 63 0
10 48 0
20 26 0
1 58 0
117 38 0
39 63 0
18 54 0
111 31 0
34 65 0
115 38 0
20 39 0
95 3 0
14 46 0
18 32 0
2 16 0
25 54 0
56 28 0
62 32 0
82 17 0
99 33 0
125 25 0
105 24 0
129 9 0
124 19 0
141 36 0
89 3 0
106 23 0
64 2 0
46 26 0
66 16 0
95 2 0
107 2 0
117 1 0
110 1 0
121 1 0
123 38 0
119 18 0
39 27 0
52 10 0
40 2 0
70 3 0
35 58 0
104 43 0
6 38 0
53 20 0
6 52 0
102 2 0
19 40 0
38 63 0
39 64 0
110 33 0
109 7 0
58 6 0
64 46 0
62 4 0
85 45 0
87 44 0
63 4 0
41 55 0
39 65 0
117 7 0
11 29 0
22 40 0
24 5 0
60 8 0
81 40 0
118 41 0
74 42 0
53 37 0
70 58 0
64 43 0
27 5 0
71 50 0
39 45 0
73 24 0
71 35 0
65 4 0
95 13 0
35 67 0
1 26 0
4 61 0
2 76 0
12 42 0
30 63 0
30 79 0
37 2 0
6 3 0
100 7 0
19 13 0
36 12 0
29 76 0
29 79 0
121 44 0
119 42 0
71 6 0
86 38 0
125 23 0
105 48 0
118 39 0
119 29 0
57 35 0
92 45 0
46 35 0
45 30 0
8 78 0
32 64 0
56 60 0
37 59 0
20 2 0
4 1 0
117 35 0
117 43 0
53 22 0
88 43 0
45 22 0
85 37 0
84 39 0
112 5 0
133 27 0
92 2 0
106 36 0
91 24 0
86 22 0
52 17 0
115 12 0
45 9 0
44 6 0
41 27 0
8 19 0
25 60 0
5 63 0
77 10 0
67 60 0
31 39 0
34 10 0
46 10 0
89 45 0
71 31 0
24 74 0
90 45 0
82 50 0
69 46 0
55 6 0
84 45 0
84 21 0
68 48 0
69 49 0
56 38 0
58 46 0
50 30 0
36 15 0
11 54 0
78 56 0
93 13 0
19 75 0
32 39 0
86 46 0
94 49 0
77 45 0
80 46 0
101 30 0
70 43 0
42 25 0
71 37 0
81 47 0
25 21 0
49 22 0
96 39 0
48 30 0
54 11 0
79 48 0
34 51 0
16 72 0
44 61 0
36 41 0
101 16 0
94 48 0
52 2 0
86 49 0
47 35 0
49 11 0
89 10 0
39 6 0
71 46 0
81 13 0
51 30 0
75 27 0
109 41 0
121 41 0
106 7 0
98 43 0
96 43 0
122 24 0
123 35 0
60 29 0
127 26 0
122 26 0
45 41 0
121 23 0
35 48 0
39 34 0
126 23 0
120 26 0
47 46 0
46 43 0
127 29 0
85 36 0
39 54 0
69 29 0
31 42 0
136 40 0
31 32 0
36 28 0
104 13 0
31 29 0
127 31 0
33 39 0
89 11 0
129 33 0
121 29 0
35 53 0
84 20 0
27 25 0
39 17 0
89 50 0
97 3 0
76 24 0
56 58 0
69 59 0
50 58 0
102 28 0
89 16 0
83 26 0
87 36 0
77 28 0
113 27 0
93 57 0
121 30 0
129 26 0
131 28 0
103 25 0
68 40 0
127 2 0
72 29 0
68 31 0
92 36 0
63 31 0
115 37 0
67 19 0
107 27 0
94 7 0
113 28 0
128 14 0
80 47 0
72 42 0
39 43 0
44 5 0
112 17 0
111 27 0
40 47 0
115 46 0
38 10 0
125 31 0
38 14 0
43 9 0
113 9 0
87 35 0
125 14 0
126 29 0
22 25 0
116 32 0
116 31 0
130 28 0
124 14 0
67 13 0
124 15 0
116 26 0
107 13 0
74 15 0
50 43 0
99 10 0
91 52 0
78 27 0
68 21 0
67 21 0
63 25 0
126 5 0
65 19 0
120 22 0
47 11 0
48 1 0
136 28 0
26 29 0
26 22 0
25 32 0
63 26 0
28 20 0
41 17 0
24 40 0
53 38 0
96 36 0
45 6 0
53 30 0
57 3 0
105 42 0
48 10 0
112 23 0
100 45 0
50 5 0
54 10 0
61 20 0
49 6 0
35 47 0
53 47 0
55 23 0
87 2 0
107 3 0
96 17 0
105 39 0
58 11 0
12 79 0
122 32 0
113 32 0
84 5 0
121 31 0
120 32 0
57 19 0
35 27 0
75 33 0
86 36 0
79 27 0
34 27 0
28 16 0
22 16 0
75 23 0
80 34 0
77 29 0
88 36 0
25 9 0
34 14 0
91 45 0
32 14 0
60 21 0
52 54 0
49 54 0
75 44 0
82 28 0
102 23 0
68 47 0
61 16 0
90 6 0
71 7 0
101 21 0
72 17 0
75 19 0
74 43 0
76 17 0
111 14 0
106 17 0
81 6 0
66 26 0
70 27 0
51 12 0
2 13 0
121 25 0
105 17 0
109 19 0
77 30 0
104 16 0
30 31 0
108 9 0
105 7 0
119 17 0
36 46 0
141 49 0
91 3 0
108 7 0
97 6 0
111 8 0
120 24 0
112 41 0
114 27 0
44 15 0
122 6 0
86 33 0
100 42 0
106 5 0
74 21 0
126 24 0
115 44 0
115 42 0
97 43 0
110 42 0
109 42 0
62 18 0
63 9 0
70 50 0
18 23 0
67 20 0
70 15 0
57 18 0
65 46 0
67 24 0
70 35 0
39 39 0
65 7 0
93 30 0
61 17 0
20 24 0
72 4 0
78 30 0
51 18 0
29 57 0
57 5 0
59 15 0
104 3 0
46 59 0
43 68 0
31 56 0
26 63 0
51 51 0
23 51 0
25 47 0
119 30 0
126 9 0
15 38 0
44 12 0
123 36 0
48 15 0
71 33 0
71 54 0
84 42 0
43 17 0
58 28 0
66 32 0
117 5 0
138 26 0
57 57 0
32 11 0
88 28 0
63 8 0
16 2 0
34 39 0
15 44 0
105 10 0
14 41 0
127 34 0
17 68 0
62 36 0
27 62 0
18 12 0
16 76 0
4 74 0
2 15 0
31 74 0
15 60 0
85 54 0
43 30 0
22 75 0
82 42 0
8 63 0
36 27 0
23 73 0
30 38 0
52 67 0
62 26 0
47 13 0
29 68 0
3 58 0
9 24 0
43 37 0
29 39 0
113 10 0
18 30 0
1 23 0
33 9 0
122 12 0
56 40 0
38 38 0
2 73 0
65 20 0
18 74 0
4 9 0
65 33 0
112 10 0
6 56 0
64 23 0
18 75 0
73 23 0
54 58 0
0 26 0
95 34 0
78 44 0
44 25 0
15 61 0
61 27 0
19 29 0
59 25 0
64 26 0
51 29 0
48 29 0
59 37 0
29 70 0
3 60 0
51 26 0
19 46 0
37 34 0
73 0 0
62 11 0
104 7 0
67 7 0
21 12 0
100 6 0
1 79 0
60 58 0
76 0 0
22 56 0
20 42 0
37 28 0
21 45 0
2 33 0
101 25 0
43 18 0
8 31 0
47 22 0
36 44 0
100 29 0
114 24 0
103 6 0
6 21 0
115 10 0
121 10 0
63 6 0
89 6 0
6 75 0
30 58 0
92 27 0
68 58 0
14 21 0
11 1 0
42 24 0
114 12 0
54 67 0
117 11 0
48 49 0
70 52 0
119 23 0
100 30 0
13 11 0
102 42 0
17 50 0
114 15 0
22 48 0
98 17 0
21 50 0
94 1 0
48 19 0
71 13 0
25 17 0
30 6 0
35 14 0
10 45 0
73 18 0
4 34 0
25 72 0
50 28 0
6 73 0
99 40 0
97 40 0
70 36 0
79 38 0
82 35 0
59 30 0
65 28 0
41 40 0
4 54 0
73 57 0
34 56 0
62 1 0
76 29 0
80 9 0
43 24 0
52 13 0
50 33 0
92 12 0
63 5 0
55 36 0
24 39 0
37 44 0
106 11 0
88 42 0
65 45 0
119 11 0
68 57 0
4 8 0
39 35 0
102 46 0
44 29 0
95 32 0
42 21 0
66 25 0
15 23 0
26 2 0
13 4 0
108 20 0
42 10 0
64 6 0
5 15 0
76 8 0
56 53 0
8 50 0
43 61 0
65 39 0
111 36 0
49 46 0
50 68 0
94 16 0
67 41 0
83 31 0
116 14 0
77 15 0
44 42 0
99 13 0
80 7 0
99 3 0
79 32 0
83 49 0
5 70 0
98 41 0
115 14 0
93 22 0
107 15 0
73 29 0
109 8 0
78 28 0
73 9 0
121 24 0
1 7 0
99 45 0
55 0 0
106 34 0
105 35 0
94 15 0
105 38 0
12 6 0
64 14 0
71 16 0
55 5 0
96 40 0
12 35 0
112 40 0
60 51 0
48 52 0
74 56 0
26 5 0
40 66 0
37 48 0
37 56 0
29 5 0
71 52 0
76 14 0
98 0 0
18 51 0
88 14 0
65 16 0
15 31 0
29 43 0
54 20 0
37 26 0
27 59 0
42 66 0
13 25 0
21 38 0
34 31 0
83 13 0
11 30 0
100 1 0
14 73 0
30 39 0
15 73 0
21 32 0
123 8 0
64 32 0
17 9 0
5 75 0
60 11 0
18 19 0
27 47 0
22 44 0
2 20 0
23 72 0
66 47 0
22 73 0
48 28 0
53 11 0
112 14 0
32 65 0
7 57 0
15 67 0
122 28 0
69 71 0
105 11 0
15 53 0
3 79 0
29 59 0
41 63 0
104 12 0
61 57 0
8 32 0
27 6 0
37 51 0
4 11 0
15 57 0
39 21 0
43 13 0
38 12 0
97 24 0
66 12 0
119 25 0
9 53 0
94 46 0
39 19 0
23 12 0
3 38 0
115 35 0
12 17 0
7 25 0
38 60 0
37 9 0
2 22 0
27 37 0
80 45 0
74 31 0
37 69 0
80 58 0
5 30 0
51 34 0
19 32 0
3 25 0
100 19 0
31 31 0
30 70 0
24 3 0
117 19 0
71 53 0
29 18 0
15 74 0
111 11 0
22 67 0
2 61 0
30 17 0
95 16 0
86 6 0
77 0 0
84 11 0
22 57 0
13 53 0
33 43 0
22 74 0
16 68 0
117 27 0
47 8 0
141 130 0
32 48 0
26 70 0
7 76 0
4 77 0
3 76 0
93 31 0
13 46 0
41 23 0
8 22 0
77 52 0
10 31 0
3 42 0
66 36 0
26 51 0
118 29 0
26 37 0
64 22 0
29 11 0
75 31 0
101 32 0
23 9 0
69 52 0
111 49 0
43 8 0
55 41 0
57 20 0
57 30 0
47 14 0
74 5 0
84 43 0
22 5 0
55 34 0
20 17 0
9 2 0
110 7 0
2 2 0
11 28 0
29 12 0
29 47 0
1 22 0
94 22 0
108 16 0
76 43 0
30 20 0
40 55 0
2 42 0
9 51 0
27 44 0
128 18 0
109 23 0
27 19 0
110 32 0
26 27 0
129 35 0
30 14 0
52 47 0
93 27 0
26 18 0
72 39 0
13 32 0
70 48 0
92 43 0
59 39 0
127 33 0
54 33 0
94 20 0
60 27 0
32 16 0
124 27 0
37 1 0
58 7 0
106 43 0
49 24 0
104 24 0
35 68 0
30 33 0
20 28 0
64 16 0
3 70 0
31 40 0
27 39 0
11 9 0
24 29 0
4 58 0
9 56 0
112 38 0
20 20 0
6 26 0
28 17 0
124 18 0
37 42 0
73 28 0
86 41 0
66 52 0
103 37 0
79 3 0
44 35 0
54 44 0
71 25 0
110 38 0
83 33 0
55 69 0
26 20 0
59 43 0
42 58 0
102 45 0
12 32 0
41 65 0
73 61 0
63 28 0
45 38 0
39 37 0
20 44 0
37 57 0
19 49 0
94 4 0
68 46 0
89 44 0
69 57 0
88 11 0
33 65 0
25 70 0
61 41 0
115 25 0
1 44 0
21 20 0
73 43 0
65 17 0
35 21 0
12 53 0
13 37 0
78 26 0
67 26 0
11 77 0
21 74 0
45 61 0
19 48 0
20 57 0
28 49 0
61 28 0
2 48 0
26 7 0
6 18 0
1 29 0
1 35 0
100 17 0
18 7 0
35 55 0
57 17 0
37 37 0
42 14 0
16 65 0
38 30 0
86 35 0
86 50 0
57 56 0
93 39 0
63 23 0
38 15 0
53 48 0
54 51 0
47 10 0
18 39 0
128 31 0
42 29 0
9 34 0
51 3 0
67 27 0
56 54 0
126 8 0
119 34 0
8 72 0
98 49 0
48 51 0
19 67 0
1 16 0
26 64 0
6 45 0
4 78 0
63 61 0
56 33 0
56 50 0
45 55 0
9 67 0
1 61 0
90 38 0
24 71 0
58 9 0
64 18 0
1 41 0
26 25 0
74 58 0
61 61 0
32 23 0
45 49 0
112 42 0
2 35 0
42 63 0
97 42 0
107 38 0
23 53 0
63 38 0
33 62 0
35 24 0
27 11 0
108 42 0
29 67 0
103 22 0
13 42 0
63 10 0
123 34 0
62 31 0
55 11 0
5 57 0
50 11 0
5 59 0
81 22 0
5 66 0
114 2 0
24 64 0
28 12 0
11 16 0
76 18 0
43 52 0
25 63 0
62 3 0
70 1 0
134 27 0
73 26 0
34 15 0
46 37 0
42 51 0
72 40 0
11 61 0
39 52 0
52 41 0
56 67 0
98 32 0
10 29 0
43 48 0
47 65 0
12 72 0
24 72 0
12 66 0
60 55 0
8 33 0
61 25 0
21 43 0
25 59 0
70 56 0
70 54 0
117 24 0
54 47 0
65 18 0
38 17 0
55 52 0
65 5 0
44 49 0
57 52 0
95 48 0
89 35 0
33 24 0
44 55 0
62 52 0
96 41 0
1 66 0
4 23 0
13 10 0
59 3 0
12 31 0
45 44 0
53 5 0
3 23 0
45 33 0
89 27 0
68 3 0
35 18 0
17 31 0
1 67 0
34 32 0
29 10 0
20 67 0
25 42 0
24 35 0
36 67 0
9 38 0
49 35 0
56 55 0
72 1 0
48 16 0
26 56 0
4 46 0
49 33 0
141 20 0
93 2 0
4 73 0
107 4 0
13 70 0
9 61 0
17 19 0
45 21 0
25 58 0
46 64 0
52 31 0
41 9 0
48 38 0
33 40 0
75 24 0
61 5 0
5 38 0
14 55 0
35 17 0
26 23 0
55 54 0
123 13 0
104 9 0
84 2 0
32 0 0
37 50 0
16 17 0
42 49 0
61 15 0
58 51 0
100 22 0
5 12 0
104 18 0
14 42 0
95 4 0
6 13 0
49 65 0
9 63 0
31 72 0
126 35 0
39 22 0
35 15 0
42 4 0
72 51 0
73 53 0
118 23 0
28 29 0
49 42 0
4 52 0
114 14 0
78 24 0
11 70 0
26 41 0
91 38 0
51 16 0
16 7 0
1 69 0
3 73 0
3 74 0
3 75 0
130 34 0
2 75 0
105 8 0
108 25 0
17 77 0
36 13 0
114 38 0
9 54 0
7 17 0
5 41 0
71 27 0
114 40 0
17 65 0
64 25 0
40 19 0
54 49 0
40 0 0
79 49 0
25 4 0
37 29 0
51 50 0
77 11 0
20 40 0
50 63 0
38 5 0
117 32 0
33 71 0
21 27 0
24 9 0
16 40 0
16 29 0
1 21 0
72 50 0
22 22 0
4 65 0
29 6 0
19 79 0
6 61 0
15 7 0
66 41 0
14 80 0
73 4 0
20 76 0
69 41 0
63 57 0
18 59 0
124 24 0
19 43 0
63 55 0
58 54 0
28 69 0
65 48 0
58 39 0
51 52 0
59 57 0
100 47 0
101 6 0
62 16 0
72 28 0
108 28 0
76 54 0
55 22 0
36 63 0
98 18 0
8 56 0
4 17 0
63 15 0
6 37 0
12 12 0
115 11 0
52 7 0
23 78 0
28 1 0
46 30 0
46 25 0
110 46 0
33 45 0
24 14 0
3 71 0
4 24 0
44 2 0
30 59 0
28 52 0
116 9 0
54 26 0
31 7 0
40 9 0
55 25 0
40 16 0
35 22 0
43 51 0
7 40 0
6 57 0
30 51 0
44 0 0
30 69 0
46 29 0
27 75 0
6 67 0
27 28 0
84 12 0
47 69 0
32 5 0
28 3 0
110 40 0
84 49 0
32 68 0
101 36 0
5 18 0
55 47 0
7 43 0
22 52 0
16 16 0
65 61 0
75 1 0
75 40 0
77 62 0
40 59 0
64 51 0
51 47 0
53 28 0
43 14 0
124 4 0
51 66 0
56 6 0
16 19 0
72 59 0
77 13 0
47 51 0
112 11 0
26 31 0
57 15 0
38 42 0
36 43 0
49 48 0
64 35 0
117 4 0
89 33 0
55 30 0
48 37 0
83 42 0
110 25 0
104 31 0
126 15 0
75 52 0
63 32 0
6 32 0
82 49 0
141 113 0
44 50 0
28 40 0
57 39 0
29 2 0
16 5 0
76 44 0
52 15 0
15 47 0
62 38 0
109 34 0
124 32 0
33 13 0
54 50 0
53 49 0
29 35 0
33 67 0
65 44 0
87 17 0
32 29 0
99 18 0
54 38 0
116 39 0
65 58 0
20 63 0
40 39 0
52 53 0
109 37 0
17 45 0
86 1 0
95 37 0
50 4 0
22 10 0
37 6 0
49 43 0
87 37 0
43 36 0
95 33 0
25 51 0
17 41 0
17 2 0
27 76 0
20 35 0
105 15 0
21 76 0
16 44 0
6 60 0
13 36 0
6 76 0
52 52 0
12 28 0
87 34 0
27 20 0
21 71 0
7 10 0
45 66 0
32 69 0
53 46 0
16 80 0
25 43 0
70 28 0
44 3 0
3 30 0
69 14 0
12 9 0
42 27 0
23 62 0
16 64 0
3 48 0
3 28 0
23 38 0
91 13 0
71 38 0
47 58 0
81 9 0
42 65 0
48 60 0
42 3 0
18 56 0
5 61 0
17 1 0
42 13 0
26 26 0
83 12 0
32 56 0
39 5 0
29 71 0
1 57 0
7 36 0
14 27 0
122 3 0
12 76 0
19 77 0
3 40 0
5 31 0
68 5 0
65 35 0
9 65 0
106 41 0
74 53 0
19 53 0
10 57 0
92 47 0
26 59 0
121 8 0
1 20 0
14 14 0
59 62 0
10 41 0
89 34 0
105 5 0
14 45 0
77 55 0
15 65 0
17 6 0
64 10 0
13 27 0
103 41 0
16 26 0
28 45 0
16 34 0
69 20 0
2 64 0
11 50 0
32 42 0
3 7 0
22 58 0
49 9 0
71 32 0
24 20 0
53 1 0
56 39 0
4 10 0
88 1 0
3 32 0
25 66 0
59 59 0
47 38 0
35 25 0
127 28 0
93 20 0
55 49 0
16 51 0
12 18 0
24 31 0
87 13 0
17 70 0
24 54 0
48 36 0
2 12 0
74 4 0
105 40 0
47 37 0
19 21 0
3 80 0
10 74 0
47 36 0
12 51 0
58 4 0
32 24 0
6 19 0
22 34 0
81 15 0
50 42 0
22 79 0
32 72 0
78 52 0
11 71 0
81 49 0
63 37 0
13 47 0
8 4 0
34 61 0
29 60 0
92 16 0
31 15 0
82 23 0
78 22 0
30 72 0
16 14 0
26 58 0
36 77 0
69 44 0
28 55 0
7 21 0
7 80 0
86 17 0
36 58 0
25 61 0
13 80 0
24 62 0
61 48 0
66 15 0
85 5 0
7 3 0
109 29 0
122 18 0
13 79 0
123 17 0
81 14 0
85 29 0
55 59 0
99 23 0
78 31 0
70 46 0
50 59 0
33 17 0
43 43 0
46 36 0
1 52 0
76 26 0
42 61 0
19 69 0
79 2 0
33 2 0
75 28 0
92 17 0
42 39 0
11 33 0
2 43 0
115 41 0
13 40 0
37 17 0
52 16 0
36 26 0
57 7 0
85 49 0
38 24 0
74 59 0
23 75 0
7 58 0
24 19 0
18 73 0
86 54 0
36 65 0
59 51 0
114 18 0
21 73 0
86 5 0
16 13 0
114 35 0
40 51 0
141 27 0
56 51 0
72 33 0
35 42 0
5 1 0
55 53 0
11 42 0
56 30 0
11 25 0
38 65 0
68 9 0
15 49 0
59 21 0
42 69 0
70 29 0
25 75 0
32 66 0
12 64 0
106 13 0
89 2 0
73 37 0
6 12 0
14 49 0
4 43 0
81 27 0
4 22 0
22 28 0
105 37 0
23 5 0
33 54 0
26 68 0
26 17 0
19 28 0
79 10 0
47 17 0
82 21 0
82 47 0
7 4 0
21 65 0
10 68 0
26 53 0
31 77 0
126 14 0
30 42 0
23 52 0
6 79 0
62 2 0
58 65 0
4 51 0
61 63 0
97 27 0
54 60 0
8 30 0
79 35 0
48 61 0
26 65 0
52 58 0
4 57 0
20 64 0
21 69 0
3 61 0
106 1 0
8 54 0
28 61 0
70 26 0
99 47 0
88 53 0
32 61 0
0 31 0
19 15 0
141 28 0
2 18 0
50 61 0
31 64 0
11 49 0
84 37 0
49 61 0
10 1 0
10 15 0
13 33 0
120 12 0
20 45 0
26 57 0
36 64 0
88 41 0
52 14 0
61 19 0
84 54 0
32 60 0
8 27 0
111 22 0
91 39 0
39 32 0
38 50 0
45 50 0
32 77 0
80 12 0
13 67 0
28 56 0
50 9 0
27 73 0
78 34 0
101 2 0
26 21 0
30 62 0
43 39 0
10 59 0
65 23 0
54 41 0
16 48 0
18 14 0
8 51 0
7 23 0
20 53 0
125 6 0
111 28 0
4 75 0
44 65 0
29 58 0
9 5 0
2 1 0
26 66 0
3 21 0
70 20 0
33 15 0
7 22 0
15 14 0
22 39 0
8 57 0
0 8 0
92 25 0
141 66 0
29 13 0
28 62 0
14 3 0
6 28 0
10 19 0
27 70 0
128 32 0
20 47 0
65 34 0
42 33 0
9 22 0
27 8 0
62 33 0
8 66 0
4 5 0
74 41 0
57 54 0
48 55 0
106 26 0
107 7 0
93 6 0
14 56 0
70 40 0
35 31 0
1 60 0
34 13 0
26 50 0
13 16 0
7 62 0
99 26 0
121 35 0
7 68 0
17 46 0
70 19 0
4 60 0
13 45 0
13 20 0
111 39 0
4 41 0
96 38 0
53 45 0
49 50 0
26 74 0
64 64 0
17 58 0
82 14 0
0 33 0
7 31 0
8 42 0
47 56 0
31 43 0
94 38 0
12 45 0
98 20 0
15 1 0
17 18 0
7 45 0
80 65 0
46 7 0
88 13 0
31 2 0
37 27 0
7 37 0
9 35 0
42 46 0
44 51 0
38 61 0
69 51 0
46 58 0
11 26 0
74 38 0
61 35 0
2 27 0
66 3 0
93 25 0
19 72 0
28 43 0
78 40 0
58 5 0
3 67 0
45 17 0
97 15 0
16 43 0
16 54 0
2 32 0
20 61 0
31 50 0
35 34 0
43 58 0
24 7 0
10 58 0
29 49 0
52 43 0
18 11 0
37 64 0
54 59 0
70 44 0
50 6 0
86 0 0
3 12 0
28 73 0
43 34 0
101 33 0
49 16 0
57 32 0
9 60 0
77 38 0
25 78 0
35 4 0
84 47 0
11 11 0
4 48 0
43 5 0
65 24 0
55 10 0
41 49 0
35 1 0
5 47 0
69 17 0
11 73 0
85 2 0
10 26 0
4 13 0
10 61 0
115 33 0
3 41 0
41 24 0
37 11 0
66 13 0
18 71 0
5 14 0
9 47 0
106 21 0
5 4 0
109 39 0
37 10 0
13 73 0
14 71 0
42 47 0
37 35 0
35 28 0
7 63 0
46 28 0
10 62 0
30 61 0
63 7 0
27 42 0
113 6 0
26 60 0
55 48 0
43 62 0
74 14 0
46 66 0
6 6 0
81 46 0
111 16 0
51 59 0
73 8 0
87 16 0
53 21 0
47 49 0
30 16 0
28 57 0
103 28 0
40 18 0
18 61 0
110 8 0
14 67 0
11 66 0
68 4 0
42 22 0
8 15 0
66 33 0
7 64 0
41 58 0
115 34 0
3 34 0
41 66 0
8 40 0
33 70 0
9 75 0
8 74 0
24 63 0
7 49 0
20 74 0
16 35 0
60 17 0
18 35 0
32 70 0
31 13 0
26 47 0
28 11 0
87 5 0
11 64 0
87 11 0
21 2 0
15 28 0
5 21 0
10 16 0
121 18 0
3 24 0
39 4 0
13 44 0
27 50 0
2 51 0
45 42 0
80 1 0
14 78 0
54 32 0
106 33 0
94 36 0
48 64 0
16 6 0
1 34 0
29 24 0
71 42 0
3 18 0
122 25 0
20 73 0
23 47 0
39 66 0
18 41 0
43 56 0
57 26 0
13 52 0
1 12 0
77 53 0
11 8 0
55 19 0
1 36 0
0 12 0
11 45 0
10 63 0
26 10 0
109 44 0
54 25 0
27 66 0
86 28 0
63 60 0
6 7 0
72 8 0
29 14 0
59 49 0
13 64 0
52 40 0
9 37 0
101 24 0
56 48 0
69 39 0
13 1 0
67 44 0
50 13 0
10 65 0
11 18 0
70 14 0
11 32 0
141 34 0
73 12 0
33 58 0
12 65 0
6 39 0
24 23 0
8 77 0
72 10 0
20 4 0
110 14 0
17 57 0
112 34 0
2 7 0
27 79 0
113 15 0
18 43 0
2 24 0
4 67 0
59 40 0
38 45 0
12 38 0
9 45 0
77 36 0
67 34 0
15 32 0
88 16 0
27 18 0
98 9 0
8 8 0
45 20 0
22 2 0
78 43 0
128 29 0
81 33 0
64 8 0
50 67 0
14 64 0
96 2 0
32 47 0
38 7 0
36 55 0
8 29 0
112 25 0
50 45 0
46 27 0
15 16 0
18 28 0
44 56 0
108 19 0
45 11 0
57 1 0
43 141 0
17 35 0
82 43 0
103 36 0
55 24 0
83 0 0
34 7 0
31 61 0
50 16 0
42 45 0
125 7 0
21 68 0
22 61 0
84 24 0
115 22 0
11 44 0
87 24 0
44 54 0
87 22 0
4 69 0
18 62 0
109 10 0
38 41 0
14 69 0
16 45 0
47 41 0
25 20 0
45 43 0
13 57 0
57 16 0
65 47 0
43 3 0
91 14 0
31 18 0
19 10 0
91 32 0
3 11 0
9 28 0
11 15 0
109 16 0
15 36 0
23 64 0
50 62 0
60 52 0
16 27 0
9 36 0
120 2 0
8 6 0
83 30 0
32 37 0
127 1 0
25 41 0
8 71 0
20 70 0
43 31 0
6 64 0
95 17 0
36 20 0
7 39 0
141 83 0
8 53 0
27 40 0
28 50 0
20 65 0
48 24 0
40 10 0
64 56 0
37 43 0
13 9 0
31 1 0
82 20 0
14 33 0
10 25 0
34 43 0
4 80 0
7 66 0
31 55 0
11 67 0
19 54 0
29 37 0
34 47 0
69 48 0
55 62 0
56 44 0
79 23 0
98 40 0
118 22 0
53 35 0
22 3 0
56 29 0
82 3 0
73 49 0
12 48 0
40 34 0
76 62 0
110 11 0
12 7 0
8 55 0
122 14 0
15 19 0
6 63 0
22 42 0
37 30 0
107 14 0
63 42 0
109 26 0
12 39 0
31 22 0
90 36 0
36 62 0
46 17 0
7 47 0
49 47 0
11 43 0
39 55 0
93 26 0
5 9 0
6 8 0
67 29 0
3 72 0
1 46 0
88 23 0
13 24 0
101 44 0
13 5 0
120 28 0
10 51 0
106 42 0
14 51 0
45 36 0
86 13 0
74 24 0
58 56 0
46 3 0
103 33 0
77 8 0
70 17 0
24 61 0
19 11 0
2 71 0
79 33 0
19 63 0
1 18 0
90 44 0
33 36 0
34 67 0
106 38 0
10 43 0
30 26 0
121 11 0
54 24 0
64 60 0
87 20 0
11 20 0
120 35 0
104 39 0
51 37 0
14 20 0
41 43 0
47 6 0
137 28 0
70 59 0
47 52 0
7 33 0
12 75 0
24 53 0
48 57 0
5 62 0
29 66 0
6 15 0
83 22 0
15 29 0
68 11 0
33 61 0
18 36 0
48 21 0
27 72 0
3 22 0
111 32 0
16 60 0
76 42 0
64 29 0
82 34 0
49 51 0
19 60 0
82 58 0
70 51 0
14 47 0
20 34 0
56 47 0
61 2 0
113 8 0
23 44 0
10 52 0
3 16 0
7 2 0
103 24 0
105 1 0
72 54 0
71 9 0
23 65 0
119 36 0
68 44 0
0 9 0
23 50 0
99 44 0
19 45 0
7 7 0
39 69 0
9 27 0
6 48 0
53 58 0
81 8 0
49 41 0
66 45 0
37 19 0
27 48 0
38 44 0
17 79 0
43 20 0
62 14 0
39 44 0
96 45 0
90 22 0
2 9 0
59 23 0
113 39 0
50 12 0
18 15 0
89 41 0
47 21 0
29 1 0
30 44 0
86 43 0
1 63 0
5 60 0
95 45 0
6 34 0
83 1 0
80 5 0
61 60 0
38 32 0
18 68 0
1 45 0
13 51 0
8 49 0
17 28 0
128 26 0
21 78 0
64 0 0
26 67 0
29 15 0
61 51 0
107 33 0
40 65 0
118 1 0
20 51 0
16 11 0
34 72 0
39 62 0
5 20 0
24 67 0
82 31 0
100 23 0
9 3 0
62 10 0
86 47 0
31 51 0
6 25 0
10 66 0
3 50 0
70 25 0
46 42 0
15 22 0
112 21 0
114 3 0
30 1 0
57 50 0
11 46 0
60 60 0
18 1 0
34 37 0
25 65 0
34 9 0
1 77 0
52 56 0
18 64 0
8 76 0
120 18 0
69 40 0
53 34 0
107 6 0
20 56 0
45 47 0
15 17 0
76 9 0
28 38 0
19 27 0
134 12 0
35 13 0
117 31 0
6 4 0
88 29 0
58 53 0
73 50 0
93 33 0
67 51 0
50 32 0
72 57 0
1 15 0
47 64 0
59 56 0
2 46 0
62 56 0
36 40 0
13 56 0
99 32 0
20 10 0
51 5 0
37 20 0
31 58 0
108 37 0
10 42 0
58 15 0
10 5 0
14 8 0
51 54 0
17 44 0
51 61 0
40 7 0
57 38 0
61 56 0
14 25 0
96 27 0
8 16 0
54 76 0
15 69 0
1 5 0
9 79 0
66 50 0
78 35 0
21 4 0
51 39 0
42 42 0
115 18 0
115 50 0
96 47 0
25 71 0
64 3 0
48 41 0
61 8 0
5 69 0
60 33 0
50 64 0
99 28 0
44 14 0
11 5 0
58 62 0
79 52 0
37 36 0
16 22 0
98 22 0
27 46 0
76 49 0
3 9 0
128 28 0
53 23 0
63 20 0
74 19 0
108 6 0
102 32 0
35 69 0
12 40 0
14 63 0
15 35 0
88 20 0
114 20 0
110 29 0
58 23 0
97 2 0
50 53 0
61 50 0
57 6 0
117 28 0
14 68 0
84 52 0
4 63 0
4 30 0
7 69 0
37 24 0
121 28 0
3 17 0
37 7 0
122 9 0
59 60 0
52 57 0
58 36 0
88 15 0
123 1 0
43 7 0
43 53 0
32 19 0
37 76 0
7 27 0
13 22 0
6 51 0
18 17 0
78 21 0
55 21 0
112 16 0
98 36 0
21 64 0
18 37 0
16 31 0
7 41 0
109 48 0
41 53 0
121 6 0
12 33 0
2 6 0
45 57 0
10 54 0
12 55 0
21 66 0
7 26 0
114 11 0
32 52 0
18 20 0
89 17 0
71 23 0
41 28 0
11 13 0
91 41 0
36 66 0
120 13 0
27 77 0
4 37 0
0 38 0
96 15 0
60 20 0
117 22 0
48 69 0
1 33 0
7 32 0
81 45 0
121 39 0
8 10 0
16 4 0
21 39 0
22 8 0
48 11 0
107 20 0
15 68 0
96 37 0
7 24 0
64 5 0
27 22 0
20 11 0
49 23 0
23 24 0
17 39 0
88 10 0
47 12 0
71 2 0
115 16 0
32 62 0
19 73 0
38 33 0
108 1 0
96 24 0
20 8 0
62 53 0
129 19 0
44 1 0
17 32 0
0 139 0
74 54 0
58 10 0
11 27 0
14 74 0
67 56 0
73 20 0
21 11 0
16 69 0
80 30 0
35 37 0
3 66 0
110 18 0
30 7 0
14 70 0
32 53 0
10 23 0
36 9 0
15 72 0
102 24 0
1 17 0
64 49 0
9 71 0
12 56 0
14 17 0
12 71 0
49 8 0
58 52 0
42 0 0
96 11 0
140 26 0
70 18 0
51 43 0
73 56 0
112 28 0
16 38 0
7 29 0
83 50 0
101 11 0
40 41 0
72 45 0
8 61 0
16 18 0
22 80 0
34 33 0
46 21 0
4 50 0
64 20 0
40 30 0
8 26 0
73 10 0
4 53 0
46 46 0
56 21 0
49 36 0
111 38 0
1 51 0
34 57 0
26 1 0
121 15 0
106 18 0
30 28 0
55 9 0
36 24 0
54 55 0
93 46 0
17 53 0
57 55 0
52 26 0
105 27 0
19 3 0
26 40 0
21 80 0
73 33 0
56 23 0
6 9 0
27 10 0
47 23 0
123 31 0
86 3 0
12 0 0
60 30 0
50 70 0
53 63 0
48 54 0
86 26 0
39 33 0
56 10 0
44 18 0
34 42 0
88 46 0
23 2 0
8 5 0
10 7 0
2 53 0
113 22 0
117 15 0
21 62 0
7 67 0
21 59 0
76 39 0
44 13 0
98 6 0
23 36 0
12 16 0
52 42 0
48 35 0
41 2 0
52 22 0
12 27 0
40 42 0
41 35 0
9 44 0
17 43 0
57 48 0
2 23 0
12 41 0
32 43 0
122 16 0
103 3 0
59 54 0
97 9 0
33 41 0
139 25 0
122 8 0
92 46 0
14 19 0
83 19 0
101 27 0
13 2 0
90 9 0
90 15 0
34 4 0
130 29 0
9 64 0
61 11 0
109 25 0
1 75 0
38 69 0
38 29 0
5 26 0
3 78 0
109 33 0
95 31 0
119 13 0
26 42 0
9 57 0
39 42 0
9 66 0
16 32 0
50 18 0
21 18 0
59 42 0
36 11 0
60 45 0
10 80 0
35 16 0
120 23 0
46 12 0
61 23 0
53 61 0
62 13 0
48 20 0
8 41 0
16 12 0
70 12 0
25 53 0
11 65 0
56 4 0
31 11 0
44 40 0
81 10 0
14 23 0
26 78 0
16 10 0
78 48 0
81 11 0
77 34 0
100 3 0
28 8 0
55 57 0
19 23 0
51 11 0
59 50 0
25 74 0
53 54 0
35 44 0
78 10 0
61 42 0
120 11 0
22 70 0
44 45 0
50 51 0
107 25 0
31 37 0
54 48 0
2 11 0
104 5 0
6 47 0
1 71 0
106 20 0
15 25 0
24 25 0
10 36 0
74 50 0
85 50 0
34 63 0
67 31 0
56 34 0
35 33 0
14 22 0
38 57 0
89 23 0
108 11 0
124 6 0
25 45 0
66 28 0
28 68 0
11 60 0
4 2 0
4 42 0
24 10 0
79 0 0
30 50 0
88 4 0
36 54 0
33 60 0
87 4 0
7 48 0
116 4 0
45 14 0
102 29 0
56 36 0
131 34 0
4 76 0
26 30 0
92 32 0
66 18 0
24 47 0
4 32 0
12 50 0
92 38 0
58 43 0
91 22 0
32 58 0
23 57 0
99 42 0
3 29 0
71 51 0
74 55 0
56 45 0
33 5 0
64 24 0
11 21 0
24 69 0
70 24 0
86 25 0
19 12 0
22 35 0
62 51 0
39 2 0
119 33 0
58 58 0
5 39 0
42 36 0
81 48 0
34 18 0
43 2 0
13 77 0
119 22 0
15 62 0
89 39 0
46 22 0
46 6 0
75 39 0
116 15 0
135 6 0
34 46 0
58 35 0
8 46 0
19 14 0
40 26 0
116 20 0
59 36 0
43 42 0
48 8 0
121 0 0
36 42 0
37 21 0
60 5 0
24 26 0
49 30 0
95 29 0
68 25 0
12 63 0
118 33 0
4 45 0
76 59 0
64 52 0
30 30 0
8 13 0
71 66 0
130 27 0
57 59 0
11 24 0
32 1 0
5 56 0
8 17 0
95 43 0
21 1 0
89 22 0
10 69 0
12 54 0
46 55 0
37 55 0
30 22 0
126 39 0
13 6 0
22 47 0
14 6 0
56 12 0
58 45 0
30 35 0
52 60 0
55 45 0
58 57 0
67 40 0
82 11 0
21 63 0
72 25 0
133 28 0
13 30 0
13 78 0
12 61 0
27 64 0
1 49 0
28 28 0
13 8 0
29 26 0
27 23 0
75 35 0
9 25 0
59 61 0
86 8 0
36 53 0
93 15 0
40 27 0
55 58 0
116 5 0
47 25 0
87 29 0
85 40 0
9 30 0
16 61 0
30 56 0
17 37 0
37 16 0
75 57 0
55 31 0
11 17 0
45 32 0
110 5 0
17 67 0
19 62 0
105 33 0
2 77 0
5 77 0
16 25 0
78 32 0
22 66 0
19 22 0
33 44 0
103 2 0
7 11 0
11 53 0
55 28 0
2 50 0
11 40 0
12 21 0
26 48 0
20 58 0
22 27 0
17 56 0
14 34 0
83 36 0
44 28 0
106 48 0
49 4 0
27 68 0
54 12 0
84 6 0
84 19 0
97 39 0
17 14 0
85 34 0
50 40 0
27 7 0
17 48 0
12 59 0
94 13 0
28 60 0
6 49 0
29 56 0
6 46 0
36 18 0
113 30 0
9 48 0
61 37 0
13 61 0
122 35 0
11 0 0
15 4 0
11 55 0
19 59 0
53 2 0
26 33 0
90 23 0
5 0 0
9 14 0
5 52 0
44 58 0
80 57 0
1 19 0
63 21 0
7 72 0
25 55 0
64 55 0
101 17 0
32 71 0
65 26 0
54 23 0
103 26 0
37 54 0
27 65 0
39 67 0
31 79 0
24 49 0
9 16 0
117 30 0
48 23 0
112 19 0
9 74 0
41 57 0
17 3 0
2 45 0
108 23 0
81 57 0
32 46 0
1 74 0
92 6 0
7 77 0
39 20 0
131 25 0
68 32 0
23 80 0
47 18 0
60 49 0
19 19 0
15 54 0
57 24 0
21 61 0
88 34 0
2 63 0
31 53 0
83 16 0
33 64 0
27 57 0
41 42 0
2 56 0
49 63 0
8 2 0
73 22 0
51 45 0
38 78 0
20 75 0
55 63 0
58 20 0
53 31 0
111 29 0
46 23 0
80 0 0
72 41 0
35 2 0
30 13 0
124 34 0
34 20 0
17 20 0
8 1 0
23 7 0
6 53 0
38 71 0
115 5 0
131 33 0
38 8 0
110 24 0
20 68 0
1 38 0
21 46 0
123 14 0
59 20 0
97 32 0
10 46 0
78 39 0
48 2 0
7 53 0
105 18 0
126 34 0
11 19 0
67 54 0
36 47 0
6 33 0
66 17 0
26 49 0
26 39 0
27 16 0
59 27 0
8 60 0
9 58 0
33 46 0
27 51 0
13 66 0
7 59 0
41 7 0
103 5 0
94 5 0
40 31 0
68 18 0
7 55 0
5 33 0
73 15 0
8 37 0
42 28 0
11 58 0
41 48 0
7 28 0
23 10 0
5 28 0
5 55 0
5 64 0
51 44 0
25 7 0
84 18 0
28 24 0
48 39 0
24 16 0
81 2 0
80 42 0
5 34 0
11 34 0
16 71 0
41 67 0
10 37 0
27 74 0
4 36 0
62 23 0
78 9 0
51 19 0
73 55 0
29 64 0
22 30 0
24 58 0
32 73 0
44 20 0
18 18 0
36 57 0
4 31 0
60 22 0
51 49 0
93 19 0
114 29 0
8 18 0
59 19 0
106 35 0
15 76 0
77 35 0
28 13 0
6 42 0
33 72 0
9 41 0
44 16 0
46 49 0
119 24 0
83 7 0
15 63 0
71 12 0
12 19 0
130 46 0
49 49 0
14 37 0
49 59 0
20 52 0
107 1 0
49 73 0
9 21 0
119 6 0
12 20 0
9 18 0
121 21 0
115 15 0
61 62 0
90 18 0
9 33 0
95 14 0
44 64 0
2 38 0
72 11 0
84 28 0
120 33 0
5 17 0
3 2 0
17 40 0
11 6 0
2 8 0
101 1 0
25 19 0
61 22 0
50 49 0
104 15 0
114 37 0
24 48 0
93 42 0
1 32 0
29 52 0
91 21 0
50 57 0
28 41 0
80 56 0
7 9 0
7 20 0
80 35 0
13 14 0
99 19 0
32 3 0
39 28 0
81 39 0
117 17 0
8 59 0
75 30 0
4 3 0
12 47 0
105 3 0
23 32 0
68 14 0
98 3 0
6 11 0
75 43 0
30 25 0
32 18 0
125 35 0
40 36 0
26 52 0
29 20 0
5 54 0
9 26 0
78 20 0
84 7 0
20 32 0
110 28 0
72 20 0
17 4 0
99 34 0
26 35 0
41 22 0
106 24 0
14 15 0
43 50 0
61 53 0
97 25 0
116 37 0
69 7 0
6 29 0
29 17 0
32 25 0
78 25 0
2 14 0
81 36 0
2 60 0
127 18 0
83 39 0
22 64 0
21 57 0
16 47 0
119 40 0
3 33 0
19 51 0
84 22 0
56 27 0
19 5 0
17 23 0
35 62 0
9 7 0
9 62 0
101 3 0
19 57 0
19 50 0
91 43 0
115 8 0
28 66 0
76 40 0
31 20 0
5 16 0
29 0 0
69 37 0
26 61 0
25 39 0
39 74 0
76 46 0
44 48 0
23 76 0
35 29 0
85 41 0
6 24 0
64 15 0
69 45 0
2 39 0
130 26 0
32 59 0
54 17 0
6 31 0
8 11 0
73 54 0
105 43 0
104 41 0
5 40 0
8 62 0
20 16 0
12 30 0
3 4 0
20 22 0
9 4 0
21 79 0
34 75 0
16 9 0
107 32 0
40 60 0
13 74 0
14 59 0
85 38 0
41 8 0
86 34 0
13 23 0
18 63 0
23 55 0
25 37 0
30 67 0
63 56 0
45 1 0
18 65 0
75 13 0
65 53 0
15 34 0
89 8 0
85 32 0
12 25 0
106 10 0
16 75 0
9 17 0
77 22 0
53 17 0
81 18 0
12 74 0
3 57 0
27 13 0
40 45 0
11 12 0
22 59 0
66 48 0
14 60 0
124 28 0
17 55 0
65 55 0
10 12 0
14 2 0
7 14 0
64 58 0
82 1 0
67 55 0
108 0 0
25 16 0
7 16 0
71 59 0
67 62 0
104 28 0
31 68 0
15 33 0
68 13 0
93 32 0
67 11 0
58 24 0
56 2 0
51 27 0
30 75 0
1 2 0
79 44 0
40 57 0
16 41 0
34 40 0
57 64 0
42 62 0
12 70 0
42 54 0
34 16 0
79 29 0
5 10 0
44 63 0
10 55 0
3 52 0
76 28 0
0 13 0
76 50 0
4 18 0
57 66 0
5 2 0
41 52 0
23 70 0
15 77 0
68 28 0
15 56 0
7 15 0
47 59 0
17 12 0
127 14 0
111 54 0
56 8 0
93 14 0
45 5 0
44 19 0
14 44 0
27 21 0
3 26 0
58 30 0
72 23 0
74 10 0
21 75 0
36 3 0
123 24 0
32 28 0
14 5 0
102 19 0
9 77 0
60 59 0
108 14 0
95 49 0
4 33 0
13 3 0
50 60 0
2 62 0
17 47 0
9 1 0
17 13 0
45 24 0
95 1 0
69 35 0
32 30 0
31 49 0
13 49 0
11 63 0
61 31 0
63 24 0
59 5 0
110 16 0
31 46 0
44 53 0
80 44 0
1 39 0
96 12 0
109 24 0
46 13 0
36 19 0
11 57 0
7 61 0
87 50 0
9 80 0
25 76 0
49 28 0
53 56 0
20 30 0
119 2 0
49 40 0
54 56 0
10 33 0
20 48 0
51 7 0
126 36 0
77 12 0
12 60 0
1 47 0
108 22 0
6 35 0
2 26 0
17 27 0
72 53 0
34 68 0
107 16 0
116 36 0
50 48 0
109 30 0
77 1 0
39 58 0
51 17 0
21 13 0
97 41 0
47 19 0
66 20 0
13 13 0
26 3 0
15 78 0
114 17 0
99 37 0
74 45 0
46 47 0
31 65 0
103 21 0
38 39 0
15 45 0
28 42 0
58 49 0
62 29 0
81 35 0
66 66 0
27 26 0
29 69 0
13 72 0
11 14 0
40 23 0
3 35 0
92 28 0
5 8 0
16 66 0
25 14 0
130 25 0
14 79 0
113 3 0
51 42 0
47 77 0
13 48 0
31 52 0
35 52 0
5 65 0
10 3 0
13 59 0
63 62 0
10 10 0
41 3 0
60 57 0
46 48 0
61 55 0
5 42 0
24 79 0
2 21 0
62 43 0
2 41 0
18 72 0
44 27 0
47 31 0
75 53 0
112 37 0
19 47 0
9 39 0
39 12 0
75 58 0
24 37 0
26 36 0
57 61 0
102 5 0
24 56 0
10 18 0
36 39 0
75 51 0
68 2 0
4 40 0
45 51 0
3 44 0
31 48 0
17 21 0
48 47 0
9 15 0
34 60 0
60 39 0
71 49 0
89 4 0
83 51 0
121 3 0
52 36 0
72 27 0
21 3 0
123 2 0
52 3 0
40 24 0
41 20 0
32 32 0
46 68 0
46 56 0
24 33 0
37 32 0
102 3 0
91 19 0
11 76 0
22 9 0
47 45 0
10 22 0
34 29 0
90 4 0
5 74 0
18 31 0
30 18 0
28 14 0
22 43 0
88 47 0
30 40 0
19 70 0
94 44 0
70 33 0
14 58 0
42 15 0
1 73 0
55 44 0
21 70 0
45 10 0
10 50 0
37 68 0
114 36 0
44 62 0
52 38 0
9 20 0
24 76 0
68 67 0
82 15 0
33 27 0
42 17 0
12 46 0
2 70 0
33 7 0
82 19 0
53 50 0
103 47 0
4 49 0
46 61 0
92 22 0
3 8 0
81 26 0
54 34 0
22 29 0
10 11 0
41 36 0
15 37 0
88 32 0
11 72 0
48 5 0
105 45 0
29 36 0
53 29 0
56 31 0
15 26 0
67 30 0
49 25 0
61 21 0
7 44 0
68 12 0
10 17 0
119 19 0
58 55 0
8 21 0
15 71 0
1 64 0
118 26 0
62 55 0
28 30 0
6 62 0
11 22 0
3 53 0
8 23 0
79 57 0
10 49 0
16 70 0
10 6 0
79 11 0
6 43 0
140 27 0
8 3 0
18 45 0
11 69 0
18 33 0
120 30 0
20 5 0
3 5 0
78 57 0
12 3 0
3 13 0
15 46 0
18 69 0
66 51 0
37 33 0
45 58 0
13 65 0
92 50 0
66 46 0
29 73 0
87 49 0
120 6 0
20 18 0
39 68 0
5 51 0
31 71 0
121 20 0
8 34 0
87 39 0
89 15 0
31 73 0
55 55 0
126 18 0
33 48 0
10 13 0
27 14 0
55 38 0
109 15 0
5 5 0
34 59 0
10 70 0
63 59 0
14 12 0
28 58 0
10 39 0
46 40 0
17 26 0
42 23 0
28 53 0
68 16 0
31 45 0
20 72 0
93 40 0
94 56 0
10 24 0
16 28 0
5 32 0
13 7 0
78 19 0
18 9 0
31 70 0
36 25 0
4 71 0
84 36 0
98 44 0
87 23 0
49 39 0
1 8 0
56 3 0
69 13 0
28 9 0
51 31 0
93 51 0
5 7 0
28 76 0
110 34 0
47 66 0
7 1 0
24 27 0
21 10 0
90 52 0
17 64 0
112 35 0
19 55 0
52 11 0
34 6 0
40 53 0
17 36 0
73 16 0
38 46 0
28 19 0
69 12 0
32 57 0
106 4 0
17 51 0
42 32 0
99 35 0
41 1 0
130 0 0
40 21 0
88 8 0
122 27 0
122 1 0
7 51 0
62 25 0
124 35 0
64 34 0
97 46 0
50 47 0
20 3 0
25 46 0
18 2 0
4 79 0
44 26 0
31 33 0
20 66 0
124 31 0
32 78 0
3 49 0
64 21 0
123 32 0
108 43 0
91 51 0
54 21 0
55 26 0
110 21 0
96 51 0
32 4 0
17 22 0
22 55 0
22 26 0
58 37 0
1 56 0
29 54 0
85 1 0
116 12 0
45 7 0
23 61 0
24 18 0
36 48 0
134 28 0
50 69 0
68 53 0
83 43 0
12 67 0
25 77 0
52 55 0
51 38 0
111 44 0
29 62 0
57 67 0
54 18 0
90 41 0
52 48 0
23 63 0
11 38 0
114 33 0
49 56 0
119 28 0
19 38 0
104 17 0
51 63 0
67 5 0
36 51 0
9 50 0
27 60 0
27 1 0
12 1 0
62 30 0
94 25 0
27 58 0
7 30 0
91 44 0
48 33 0
15 9 0
24 52 0
11 75 0
1 3 0
3 27 0
19 16 0
111 43 0
10 35 0
47 54 0
14 13 0
59 52 0
37 66 0
14 35 0
2 17 0
113 29 0
60 56 0
46 51 0
42 64 0
18 52 0
8 14 0
11 52 0
5 72 0
42 57 0
42 48 0
25 24 0
12 52 0
22 63 0
12 15 0
59 8 0
23 46 0
0 37 0
44 31 0
27 52 0
12 10 0
20 13 0
89 42 0
20 36 0
74 48 0
120 36 0
56 19 0
108 2 0
2 58 0
87 12 0
67 2 0
17 33 0
31 63 0
29 74 0
27 53 0
3 59 0
10 75 0
69 53 0
64 48 0
25 35 0
70 39 0
73 52 0
123 28 0
15 58 0
14 77 0
21 58 0
49 66 0
44 41 0
73 35 0
45 2 0
35 20 0
20 46 0
66 53 0
24 41 0
87 14 0
104 27 0
63 48 0
85 0 0
106 6 0
40 63 0
18 10 0
43 66 0
28 48 0
67 66 0
1 4 0
91 28 0
125 17 0
68 55 0
18 55 0
45 45 0
60 28 0
6 16 0
64 50 0
19 68 0
118 15 0
3 6 0
28 65 0
22 60 0
24 73 0
11 51 0
32 67 0
78 1 0
43 4 0
30 66 0
2 10 0
22 65 0
61 3 0
110 30 0
23 60 0
21 49 0
29 38 0
113 5 0
34 19 0
40 67 0
70 38 0
20 38 0
58 47 0
64 53 0
44 17 0
43 59 0
35 30 0
65 21 0
45 37 0
75 59 0
13 15 0
43 65 0
71 15 0
55 13 0
5 67 0
101 8 0
113 16 0
111 35 0
56 35 0
86 24 0
33 14 0
36 10 0
53 57 0
49 20 0
38 43 0
104 32 0
49 26 0
97 19 0
35 41 0
35 43 0
85 43 0
93 50 0
43 26 0
15 20 0
38 31 0
10 34 0
28 63 0
18 47 0
122 15 0
141 29 0
32 36 0
56 15 0
37 45 0
59 53 0
86 52 0
59 28 0
1 62 0
15 52 0
37 23 0
40 11 0
54 46 0
2 29 0
93 12 0
30 52 0
103 44 0
68 36 0
14 52 0
38 26 0
14 53 0
51 48 0
25 30 0
0 36 0
111 13 0
6 14 0
13 63 0
28 51 0
43 16 0
42 56 0
45 54 0
24 15 0
2 57 0
76 5 0
86 48 0
31 41 0
38 21 0
8 45 0
17 76 0
29 63 0
54 37 0
79 51 0
32 33 0
26 12 0
31 67 0
102 21 0
28 67 0
10 76 0
66 39 0
56 52 0
9 72 0
72 44 0
50 10 0
24 34 0
32 63 0
45 65 0
40 62 0
69 36 0
4 26 0
100 10 0
7 70 0
50 22 0
12 36 0
5 46 0
28 72 0
26 77 0
97 34 0
64 13 0
20 79 0
45 39 0
122 7 0
25 44 0
6 72 0
70 30 0
25 2 0
49 29 0
16 3 0
12 68 0
35 65 0
34 71 0
22 62 0
9 29 0
23 77 0
66 6 0
15 75 0
12 34 0
21 17 0
21 14 0
53 51 0
6 10 0
9 43 0
1 48 0
32 51 0
9 46 0
14 43 0
54 35 0
15 5 0
78 2 0
16 23 0
8 38 0
113 25 0
22 1 0
46 1 0
82 41 0
78 8 0
86 37 0
54 7 0
29 29 0
58 8 0
14 75 0
57 8 0
116 6 0
25 15 0
61 12 0
95 15 0
74 23 0
27 54 0
21 47 0
22 50 0
20 6 0
140 29 0
9 23 0
42 44 0
18 57 0
2 36 0
1 6 0
23 18 0
25 34 0
28 71 0
18 70 0
23 42 0
41 14 0
16 1 0
74 7 0
53 40 0
21 9 0
73 27 0
120 8 0
4 4 0
65 52 0
10 9 0
23 15 0
60 61 0
17 74 0
111 2 0
31 36 0
15 80 0
40 70 0
26 6 0
73 32 0
40 29 0
6 23 0
4 70 0
55 42 0
14 40 0
71 11 0
55 8 0
35 46 0
15 0 0
119 9 0
84 32 0
103 8 0
40 32 0
69 58 0
33 30 0
33 34 0
22 23 0
29 72 0
73 47 0
4 68 0
103 42 0
36 29 0
121 34 0
109 28 0
19 41 0
65 54 0
82 141 0
125 2 0
88 21 0
38 34 0
39 51 0
48 12 0
52 50 0
47 2 0
52 21 0
57 51 0
70 32 0
60 34 0
75 15 0
102 1 0
70 21 0
70 10 0
33 50 0
107 45 0
123 29 0
71 17 0
74 8 0
26 69 0
3 55 0
18 60 0
30 5 0
23 41 0
55 3 0
76 33 0
76 55 0
77 25 0
67 6 0
79 12 0
126 25 0
100 2 0
124 25 0
98 30 0
111 24 0
71 19 0
101 45 0
96 42 0
85 39 0
94 41 0
102 34 0
23 56 0
25 68 0
11 36 0
52 30 0
72 5 0
81 4 0
80 11 0
25 69 0
129 16 0
102 40 0
20 12 0
124 11 0
99 39 0
30 55 0
71 24 0
5 24 0
72 21 0
77 20 0
18 38 0
6 40 0
69 28 0
88 37 0
56 14 0
55 43 0
53 43 0
74 22 0
33 38 0
35 10 0
107 12 0
105 31 0
114 10 0
25 23 0
45 13 0
112 15 0
68 10 0
84 30 0
112 6 0
66 35 0
55 70 0
116 11 0
124 13 0
118 14 0
76 15 0
90 47 0
114 1 0
32 2 0
68 17 0
109 1 0
73 39 0
23 1 0
59 18 0
84 16 0
121 36 0
8 75 0
114 13 0
61 54 0
111 15 0
54 65 0
117 10 0
62 39 0
111 7 0
56 24 0
2 37 0
36 8 0
83 11 0
49 58 0
52 6 0
29 65 0
81 51 0
76 13 0
5 13 0
113 19 0
42 53 0
42 31 0
120 10 0
89 29 0
29 80 0
11 23 0
29 7 0
29 50 0
33 35 0
27 29 0
79 41 0
12 4 0
78 14 0
38 35 0
100 13 0
104 14 0
61 43 0
53 15 0
77 23 0
28 70 0
102 27 0
88 19 0
21 53 0
18 58 0
37 4 0
26 9 0
55 18 0
49 1 0
77 47 0
11 2 0
111 42 0
54 53 0
27 56 0
23 14 0
86 7 0
79 6 0
3 14 0
55 51 0
26 14 0
100 18 0
56 49 0
117 18 0
59 17 0
54 19 0
38 47 0
53 18 0
71 36 0
115 1 0
47 24 0
45 12 0
54 14 0
61 9 0
21 67 0
41 29 0
111 23 0
54 3 0
18 66 0
76 10 0
20 19 0
118 27 0
44 34 0
56 18 0
42 9 0
54 29 0
98 37 0
48 40 0
54 40 0
84 34 0
54 43 0
17 54 0
17 49 0
24 36 0
11 47 0
41 38 0
19 4 0
27 41 0
20 60 0
24 12 0
28 26 0
6 54 0
114 28 0
114 19 0
126 28 0
116 29 0
31 8 0
81 53 0
77 4 0
95 9 0
124 20 0
31 10 0
105 12 0
13 35 0
55 56 0
12 49 0
54 16 0
27 17 0
40 46 0
121 12 0
95 42 0
90 28 0
7 56 0
104 40 0
7 75 0
95 41 0
16 30 0
70 57 0
119 21 0
126 40 0
103 40 0
14 76 0
41 34 0
31 47 0
123 12 0
127 25 0
129 32 0
60 7 0
99 27 0
129 29 0
79 21 0
49 2 0
1 28 0
128 24 0
62 24 0
123 20 0
51 28 0
17 17 0
115 9 0
103 9 0
6 44 0
111 45 0
28 36 0
53 24 0
118 35 0
7 65 0
76 64 0
124 1 0
35 32 0
123 26 0
51 32 0
2 30 0
118 3 0
89 46 0
122 4 0
43 63 0
116 16 0
25 38 0
118 17 0
83 15 0
98 47 0
120 16 0
124 22 0
83 4 0
127 19 0
116 17 0
127 38 0
85 46 0
93 36 0
136 27 0
116 28 0
30 54 0
75 36 0
105 28 0
10 72 0
15 66 0
10 4 0
77 21 0
6 78 0
139 27 0
124 26 0
5 78 0
39 38 0
78 3 0
108 15 0
114 26 0
108 26 0
37 60 0
128 19 0
132 28 0
93 21 0
39 61 0
135 27 0
100 46 0
52 8 0
132 27 0
121 27 0
127 27 0
72 38 0
123 27 0
21 44 0
132 26 0
83 44 0
47 42 0
91 11 0
122 21 0
25 67 0
126 16 0
46 31 0
131 21 0
118 18 0
75 10 0
12 43 0
118 28 0
102 44 0
58 13 0
119 26 0
127 22 0
14 57 0
33 47 0
133 20 0
52 5 0
4 19 0
9 12 0
79 53 0
91 50 0
40 52 0
102 43 0
9 19 0
38 49 0
33 51 0
43 60 0
59 10 0
36 37 0
41 12 0
53 59 0
24 2 0
92 52 0
2 59 0
92 49 0
30 73 0
53 13 0
7 35 0
47 67 0
18 22 0
38 62 0
29 21 0
38 22 0
5 29 0
67 49 0
15 6 0
86 11 0
48 53 0
43 38 0
70 47 0
73 25 0
47 29 0
78 13 0
2 19 0
71 22 0
124 3 0
139 26 0
80 10 0
22 24 0
28 5 0
106 27 0
16 36 0
83 3 0
94 34 0
69 26 0
79 45 0
65 66 0
16 20 0
68 1 0
72 46 0
41 26 0
13 41 0
34 21 0
16 52 0
42 41 0
39 31 0
40 22 0
8 20 0
19 20 0
55 17 0
46 53 0
46 24 0
18 25 0
73 13 0
52 24 0
95 38 0
54 36 0
31 69 0
73 3 0
40 64 0
34 36 0
18 78 0
28 4 0
50 29 0
51 2 0
72 6 0
63 53 0
68 62 0
65 51 0
55 32 0
5 27 0
23 3 0
13 60 0
41 30 0
7 13 0
66 64 0
42 34 0
68 30 0
70 23 0
113 17 0
66 30 0
48 22 0
68 22 0
85 28 0
116 21 0
31 44 0
44 46 0
16 55 0
39 50 0
124 21 0
57 2 0
140 55 0
35 71 0
7 42 0
125 33 0
2 28 0
33 59 0
50 52 0
36 74 0
14 18 0
22 53 0
50 34 0
69 9 0
2 68 0
23 27 0
41 25 0
28 33 0
13 34 0
124 2 0
81 50 0
35 70 0
41 56 0
81 37 0
66 55 0
15 43 0
54 1 0
140 31 0
91 27 0
67 12 0
22 19 0
36 70 0
68 51 0
19 1 0
119 35 0
26 16 0
102 41 0
34 17 0
18 34 0
64 4 0
17 24 0
57 22 0
27 71 0
1 14 0
13 18 0
31 76 0
49 53 0
106 15 0
40 68 0
106 31 0
100 28 0
75 48 0
44 10 0
33 1 0
26 72 0
38 66 0
12 14 0
10 47 0
3 47 0
60 2 0
54 45 0
33 4 0
49 19 0
32 15 0
106 47 0
52 34 0
14 9 0
57 33 0
78 15 0
47 1 0
41 6 0
53 9 0
84 13 0
5 68 0
5 44 0
69 22 0
69 21 0
54 8 0
69 3 0
38 28 0
57 37 0
71 28 0
44 38 0
22 21 0
23 4 0
103 32 0
38 9 0
72 55 0
118 19 0
48 67 0
69 15 0
72 56 0
48 27 0
72 49 0
125 26 0
67 10 0
66 49 0
95 35 0
64 41 0
126 19 0
88 22 0
34 22 0
33 11 0
85 23 0
90 50 0
75 37 0
47 34 0
94 50 0
92 39 0
30 12 0
85 24 0
116 50 0
124 23 0
5 25 0
19 42 0
48 74 0
79 17 0
35 60 0
10 56 0
20 71 0
10 64 0
50 56 0
18 8 0
6 0 0
34 1 0
7 5 0
72 14 0
35 66 0
15 30 0
4 59 0
21 36 0
36 59 0
103 43 0
82 29 0
4 16 0
83 46 0
2 47 0
47 53 0
46 8 0
31 14 0
3 63 0
48 46 0
67 52 0
21 77 0
8 58 0
35 35 0
132 23 0
101 18 0
23 11 0
74 3 0
69 30 0
59 7 0
79 24 0
93 28 0
12 5 0
105 23 0
81 41 0
110 37 0
9 42 0
126 32 0
112 1 0
102 20 0
7 38 0
106 25 0
119 31 0
52 1 0
54 27 0
44 59 0
58 26 0
28 54 0
18 46 0
11 59 0
11 7 0
46 60 0
67 14 0
3 56 0
78 41 0
12 29 0
45 19 0
13 29 0
49 10 0
66 29 0
18 48 0
82 2 0
52 27 0
2 3 0
77 26 0
87 31 0
75 9 0
94 45 0
74 30 0
69 76 0
24 11 0
73 21 0
67 36 0
16 24 0
76 51 0
100 5 0
28 64 0
107 22 0
81 5 0
3 31 0
55 50 0
105 22 0
5 35 0
76 4 0
13 43 0
57 65 0
60 62 0
91 34 0
61 74 0
37 5 0
43 29 0
71 61 0
72 62 0
80 50 0
65 59 0
12 2 0
16 73 0
41 68 0
95 11 0
138 0 0
45 67 0
21 56 0
8 65 0
1 10 0
17 66 0
25 62 0
18 79 0
119 20 0
81 42 0
47 62 0
6 70 0
27 67 0
41 19 0
80 55 0
44 67 0
101 31 0
74 6 0
28 59 0
10 73 0
33 68 0
12 62 0
109 12 0
55 20 0
43 49 0
68 35 0
44 4 0
60 1 0
33 8 0
87 47 0
85 10 0
41 64 0
91 46 0
30 15 0
63 18 0
97 31 0
129 24 0
30 57 0
34 49 0
31 34 0
57 45 0
96 6 0
8 69 0
28 18 0
89 49 0
33 18 0
14 16 0
70 60 0
66 59 0
20 25 0
38 25 0
88 18 0
34 44 0
17 42 0
28 39 0
81 3 0
84 41 0
81 43 0
64 73 0
85 4 0
121 19 0
111 9 0
6 22 0
74 1 0
16 56 0
22 46 0
5 36 0
6 20 0
81 30 0
5 22 0
33 3 0
121 22 0
32 6 0
24 6 0
77 7 0
86 18 0
52 19 0
73 73 0
9 69 0
74 44 0
60 37 0
52 35 0
126 11 0
10 44 0
57 25 0
112 2 0
79 1 0
84 33 0
79 4 0
58 2 0
31 6 0
43 22 0
42 2 0
61 59 0
1 25 0
4 29 0
71 58 0
8 70 0
24 8 0
26 34 0
108 41 0
90 43 0
55 39 0
10 27 0
53 7 0
8 25 0
17 73 0
8 39 0
92 29 0
104 36 0
63 41 0
1 27 0
75 17 0
36 4 0
93 34 0
47 27 0
40 28 0
56 5 0
121 4 0
40 35 0
23 30 0
128 27 0
42 35 0
18 29 0
87 46 0
3 46 0
76 12 0
81 19 0
56 20 0
99 9 0
125 18 0
104 6 0
87 8 0
98 1 0
69 33 0
46 54 0
95 20 0
53 52 0
55 15 0
117 42 0
5 37 0
49 57 0
118 7 0
67 9 0
55 1 0
111 40 0
112 9 0
108 10 0
1 78 0
51 21 0
47 57 0
2 44 0
25 73 0
65 22 0
54 57 0
20 54 0
115 30 0
6 5 0
41 61 0
107 26 0
42 6 0
52 28 0
46 52 0
29 33 0
79 46 0
122 17 0
40 56 0
5 23 0
10 79 0
64 27 0
12 57 0
5 58 0
7 34 0
32 20 0
20 50 0
44 30 0
69 4 0
113 42 0
95 19 0
34 8 0
52 37 0
129 31 0
11 68 0
77 57 0
73 40 0
82 30 0
45 34 0
15 70 0
103 20 0
66 8 0
78 55 0
55 46 0
80 20 0
65 8 0
73 1 0
83 17 0
96 10 0
2 49 0
41 47 0
30 47 0
49 64 0
47 47 0
15 55 0
85 22 0
19 65 0
8 35 0
34 5 0
104 35 0
16 67 0
49 12 0
23 67 0
58 29 0
5 48 0
113 23 0
38 37 0
13 68 0
89 7 0
90 35 0
1 43 0
19 71 0
118 38 0
39 15 0
16 57 0
50 66 0
1 65 0
50 54 0
20 7 0
5 45 0
53 66 0
91 1 0
25 1 0
69 47 0
7 54 0
117 29 0
13 26 0
10 21 0
30 4 0
80 43 0
76 16 0
48 34 0
45 31 0
38 54 0
30 46 0
71 40 0
60 32 0
5 50 0
30 34 0
47 50 0
62 37 0
125 1 0
62 64 0
109 18 0
116 3 0
48 45 0
29 16 0
76 45 0
66 56 0
79 47 0
48 50 0
61 33 0
43 57 0
103 35 0
98 10 0
33 6 0
85 16 0
26 28 0
90 1 0
79 25 0
76 23 0
12 58 0
16 50 0
23 79 0
20 77 0
64 44 0
20 69 0
22 33 0
19 76 0
63 51 0
33 57 0
17 52 0
77 19 0
10 78 0
68 41 0
21 5 0
18 49 0
18 50 0
104 38 0
115 19 0
3 69 0
17 71 0
115 26 0
41 45 0
113 36 0
114 6 0
47 30 0
73 46 0
51 15 0
63 3 0
59 4 0
98 7 0
92 11 0
81 7 0
48 31 0
15 24 0
42 5 0
33 75 0
63 58 0
37 53 0
12 37 0
14 61 0
39 29 0
77 27 0
74 16 0
44 33 0
34 12 0
52 61 0
64 45 0
6 2 0
87 48 0
98 26 0
108 8 0
30 37 0
60 53 0
65 40 0
117 12 0
27 35 0
91 8 0
111 21 0
94 19 0
60 0 0
61 58 0
7 71 0
79 15 0
15 2 0
34 55 0
114 44 0
105 4 0
78 45 0
63 35 0
84 23 0
58 16 0
87 3 0
42 7 0
82 6 0
34 30 0
35 50 0
12 80 0
63 47 0
7 19 0
58 1 0
19 17 0
68 27 0
58 60 0
30 45 0
55 68 0
27 32 0
16 77 0
18 3 0
5 3 0
3 20 0
13 54 0
108 44 0
34 41 0
13 71 0
100 20 0
58 64 0
60 16 0
40 14 0
37 65 0
10 32 0
23 69 0
9 55 0
53 8 0
86 45 0
47 40 0
45 62 0
47 55 0
108 4 0
26 44 0
74 64 0
9 68 0
100 37 0
65 10 0
36 17 0
48 26 0
19 74 0
95 8 0
45 25 0
88 2 0
33 53 0
34 48 0
73 36 0
29 53 0
97 5 0
45 46 0
34 54 0
125 9 0
39 16 0
30 2 0
30 80 0
50 31 0
19 80 0
50 21 0
23 58 0
114 16 0
9 59 0
100 40 0
112 18 0
42 40 0
52 29 0
36 45 0
20 9 0
38 13 0
93 10 0
39 26 0
5 53 0
15 40 0
67 38 0
21 42 0
110 2 0
1 31 0
63 36 0
66 4 0
1 70 0
129 40 0
92 51 0
77 64 0
38 79 0
29 9 0
35 11 0
2 72 0
13 69 0
37 38 0
17 72 0
121 5 0
35 36 0
8 28 0
43 11 0
50 19 0
50 2 0
59 31 0
2 40 0
98 46 0
75 54 0
8 36 0
22 11 0
72 48 0
69 5 0
78 58 0
44 9 0
71 56 0
64 17 0
36 21 0
14 11 0
69 54 0
32 34 0
69 55 0
54 52 0
113 11 0
35 26 0
54 6 0
4 35 0
56 17 0
18 44 0
20 78 0
71 1 0
11 4 0
24 60 0
17 11 0
80 54 0
4 21 0
27 27 0
12 69 0
50 55 0
11 56 0
60 38 0
13 28 0
13 12 0
40 71 0
6 1 0
63 45 0
26 62 0
14 65 0
32 12 0
107 35 0
35 56 0
6 77 0
17 38 0
22 71 0
31 66 0
48 71 0
33 63 0
7 74 0
14 7 0
35 64 0
34 70 0
16 59 0
66 7 0
53 6 0
38 6 0
42 20 0
13 38 0
40 1 0
75 2 0
58 34 0
96 3 0
92 26 0
117 36 0
8 64 0
88 24 0
43 6 0
51 53 0
71 64 0
2 34 0
41 15 0
51 6 0
98 42 0
16 15 0
88 27 0
73 58 0
69 56 0
69 60 0
65 56 0
79 5 0
25 50 0
135 28 0
27 49 0
89 19 0
28 34 0
42 38 0
1 42 0
17 80 0
77 31 0
36 23 0
53 44 0
7 8 0
109 2 0
42 12 0
5 11 0
110 3 0
10 71 0
39 8 0
47 28 0
52 46 0
86 2 0
129 37 0
62 5 0
47 3 0
53 27 0
129 1 0
109 5 0
52 32 0
108 39 0
111 4 0
1 55 0
114 8 0
99 16 0
112 26 0
119 1 0
72 66 0
117 8 0
118 9 0
108 40 0
10 53 0
85 3 0
53 60 0
8 73 0
10 14 0
56 7 0
34 24 0
48 59 0
71 14 0
106 8 0
101 41 0
7 46 0
36 71 0
37 25 0
5 43 0
4 64 0
32 10 0
48 4 0
116 10 0
64 57 0
17 29 0
61 49 0
3 10 0
13 50 0
36 76 0
4 39 0
6 58 0
45 48 0
91 9 0
37 3 0
52 25 0
22 14 0
5 6 0
126 26 0
82 26 0
21 55 0
27 12 0
71 55 0
3 19 0
52 4 0
82 51 0
69 0 0
57 27 0
82 54 0
26 43 0
70 42 0
84 25 0
34 38 0
22 12 0
71 8 0
51 57 0
25 57 0
96 44 0
25 52 0
37 61 0
69 61 0
45 63 0
80 27 0
20 43 0
73 48 0
66 57 0
64 59 0
81 34 0
23 54 0
47 9 0
48 66 0
103 45 0
53 42 0
44 52 0
11 78 0
100 25 0
70 16 0
24 57 0
90 29 0
74 2 0
35 57 0
36 30 0
6 55 0
9 52 0
99 43 0
38 1 0
69 10 0
62 6 0
40 4 0
22 7 0
24 50 0
17 10 0
65 3 0
84 9 0
75 45 0
20 49 0
89 12 0
21 54 0
52 23 0
7 12 0
11 31 0
15 13 0
16 49 0
29 32 0
15 15 0
95 50 0
15 10 0
29 28 0
5 80 0
110 17 0
27 4 0
2 67 0
75 3 0
15 21 0
2 65 0
75 74 0
53 4 0
23 20 0
49 37 0
43 35 0
48 6 0
46 44 0
40 8 0
34 3 0
25 5 0
29 3 0
21 48 0
6 71 0
33 69 0
29 27 0
96 13 0
62 57 0
2 25 0
4 25 0
33 56 0
87 42 0
33 77 0
13 76 0
9 9 0
27 43 0
36 1 0
57 58 0
51 14 0
63 52 0
123 10 0
88 12 0
27 34 0
22 49 0
45 8 0
6 59 0
64 1 0
3 54 0
53 19 0
51 41 0
46 63 0
40 69 0
23 49 0
39 59 0
26 38 0
88 48 0
67 1 0
117 40 0
58 18 0
37 70 0
20 41 0
1 68 0
81 1 0
31 62 0
17 75 0
36 2 0
59 12 0
58 21 0
67 35 0
8 7 0
70 6 0
48 17 0
58 59 0
50 1 0
115 27 0
60 10 0
13 55 0
28 47 0
29 40 0
53 53 0
24 66 0
11 35 0
15 48 0
104 34 0
10 20 0
21 34 0
103 46 0
17 34 0
118 37 0
37 62 0
25 10 0
70 49 0
110 43 0
49 44 0
39 40 0
61 38 0
14 10 0
30 64 0
51 13 0
51 60 0
48 58 0
116 25 0
38 20 0
12 23 0
32 27 0
27 31 0
20 1 0
29 51 0
65 6 0
12 8 0
50 41 0
21 51 0
42 30 0
19 64 0
3 37 0
14 36 0
79 31 0
12 44 0
77 44 0
41 21 0
43 41 0
29 41 0
32 17 0
31 24 0
34 2 0
97 44 0
108 35 0
13 19 0
44 21 0
127 24 0
32 31 0
2 55 0
49 60 0
34 35 0
25 29 0
9 40 0
23 39 0
27 55 0
65 60 0
72 32 0
29 78 0
101 26 0
31 19 0
66 19 0
25 64 0
24 51 0
62 48 0
3 51 0
62 63 0
59 63 0
40 49 0
32 21 0
9 76 0
8 12 0
9 73 0
124 30 0
40 43 0
4 20 0
54 63 0
10 67 0
57 68 0
28 74 0
11 37 0
30 71 0
6 74 0
118 10 0
21 52 0
46 4 0
58 33 0
16 62 0
92 48 0
95 23 0
92 37 0
54 13 0
23 66 0
88 45 0
37 47 0
79 54 0
68 45 0
17 69 0
110 4 0
76 36 0
78 47 0
55 16 0
52 45 0
73 44 0
71 48 0
45 18 0
21 15 0
45 60 0
84 46 0
12 22 0
44 22 0
13 62 0
17 8 0
115 17 0
86 31 0
12 11 0
1 40 0
82 18 0
33 26 0
22 72 0
40 3 0
18 77 0
59 34 0
67 33 0
105 30 0
70 53 0
59 47 0
69 34 0
65 41 0
64 30 0
72 37 0
74 37 0
77 43 0
73 11 0
50 26 0
88 31 0
32 55 0
71 47 0
72 52 0
59 58 0
76 52 0
128 34 0
81 52 0
116 35 0
40 33 0
76 53 0
46 72 0
40 58 0
9 49 0
22 77 0
15 18 0
14 39 0
83 53 0
37 52 0
57 60 0
6 17 0
10 2 0
12 77 0
90 7 0
116 34 0
20 55 0
2 69 0
122 37 0
12 73 0
43 1 0
3 68 0
4 47 0
68 59 0
43 55 0
36 33 0
31 4 0
39 48 0
29 44 0
14 62 0
29 46 0
35 45 0
92 14 0
33 22 0
30 23 0
35 54 0
40 44 0
62 61 0
37 58 0
66 34 0
23 33 0
43 64 0
37 49 0
46 11 0
111 5 0
42 43 0
35 72 0
74 29 0
39 13 0
44 11 0
117 23 0
109 38 0
39 49 0
39 23 0
75 46 0
108 3 0
105 29 0
28 23 0
49 13 0
24 28 0
66 11 0
77 9 0
62 50 0
101 40 0
76 21 0
6 68 0
74 40 0
74 25 0
22 69 0
88 9 0
75 56 0
49 14 0
79 14 0
22 51 0
52 51 0
30 49 0
65 31 0
107 17 0
61 6 0
74 9 0
56 16 0
39 41 0
79 26 0
26 45 0
10 38 0
11 79 0
62 21 0
34 52 0
31 26 0
16 42 0
43 28 0
86 10 0
30 32 0
35 61 0
44 23 0
68 15 0
90 34 0
138 28 0
32 54 0
14 29 0
32 13 0
15 50 0
33 23 0
87 27 0
30 36 0
38 56 0
40 40 0
6 66 0
24 38 0
20 21 0
31 57 0
47 44 0
105 41 0
83 29 0
30 29 0
97 26 0
24 45 0
15 51 0
65 49 0
26 71 0
35 23 0
25 26 0
38 70 0
67 57 0
37 63 0
98 24 0
92 30 0
10 30 0
19 61 0
5 71 0
114 41 0
40 20 0
19 78 0
35 63 0
56 22 0
69 50 0
13 21 0
34 66 0
46 65 0
53 26 0
42 60 0
22 68 0
12 13 0
38 58 0
1 24 0
18 67 0
17 5 0
8 9 0
6 65 0
30 65 0
24 65 0
7 18 0
46 18 0
101 7 0
4 66 0
13 58 0
36 56 0
94 32 0
27 15 0
15 11 0
1 50 0
8 67 0
89 52 0
38 16 0
8 44 0
6 50 0
40 50 0
4 15 0
17 7 0
102 38 0
129 27 0
23 16 0
77 3 0
19 36 0
90 14 0
71 57 0
6 27 0
69 6 0
42 50 0
16 37 0
85 47 0
74 46 0
50 50 0
77 42 0
35 38 0
41 11 0
55 27 0
114 21 0
53 14 0
60 9 0
14 28 0
104 46 0
10 60 0
48 14 0
31 3 0
66 54 0
51 8 0
54 54 0
40 17 0
46 32 0
60 40 0
42 16 0
18 76 0
33 55 0
2 74 0
25 22 0
24 4 0
46 5 0
49 5 0
69 16 0
80 51 0
5 19 0
58 25 0
89 18 0
50 25 0
114 25 0
52 44 0
49 45 0
51 58 0
103 10 0
74 27 0
42 11 0
53 68 0
52 59 0
130 1 0
62 54 0
39 46 0
16 78 0
51 9 0
40 5 0
57 11 0
44 57 0
53 69 0
41 32 0
79 22 0
68 24 0
38 2 0
78 53 0
58 27 0
22 45 0
37 18 0
49 17 0
2 5 0
39 57 0
25 3 0
23 68 0
25 18 0
45 29 0
39 30 0
82 7 0
63 27 0
45 35 0
47 16 0
5 49 0
5 76 0
15 27 0
75 38 0
57 53 0
38 4 0
59 33 0
129 34 0
41 59 0
74 52 0
78 17 0
69 42 0
74 51 0
80 52 0
77 51 0
76 48 0
56 56 0
14 38 0
20 62 0
59 14 0
83 5 0
45 56 0
41 54 0
59 46 0
47 5 0
107 21 0
48 32 0
119 8 0
95 44 0
50 27 0
43 21 0
29 42 0
61 47 0
113 33 0
73 42 0
18 5 0
10 28 0
61 34 0
54 9 0
59 48 0
48 44 0
12 78 0
55 4 0
76 47 0
16 8 0
66 1 0
63 54 0
43 19 0
0 21 0
56 41 0
33 32 0
65 2 0
50 23 0
8 68 0
53 12 0
28 2 0
88 3 0
50 35 0
7 50 0
42 55 0
62 8 0
36 7 0
47 60 0
45 15 0
4 72 0
128 35 0
50 8 0
33 29 0
50 44 0
52 33 0
89 36 0
26 4 0
69 24 0
107 34 0
67 46 0
53 10 0
129 25 0
39 9 0
6 41 0
64 54 0
111 10 0
95 28 0
54 42 0
52 49 0
92 15 0
16 58 0
61 52 0
29 4 0
109 9 0
47 43 0
93 29 0
56 43 0
56 32 0
58 44 0
40 13 0
24 42 0
93 23 0
58 50 0
141 24 0
78 54 0
40 6 0
19 66 0
66 2 0
85 42 0
66 21 0
66 60 0
69 38 0
29 19 0
67 61 0
68 61 0
95 22 0
63 46 0
70 8 0
73 7 0
35 7 0
33 25 0
25 12 0
4 62 0
31 25 0
37 8 0
43 40 0
35 49 0
101 13 0
46 45 0
125 28 0
55 60 0
4 28 0
77 40 0
43 33 0
39 7 0
37 15 0
61 13 0
64 36 0
33 66 0
123 5 0
33 42 0
83 10 0
44 32 0
62 22 0
27 38 0
86 16 0
78 50 0
94 43 0
65 50 0
24 75 0
36 69 0
106 50 0
78 38 0
18 6 0
50 37 0
45 23 0
41 46 0
113 21 0
47 48 0
75 32 0
44 7 0
113 20 0
70 55 0
46 19 0
19 56 0
2 4 0
32 49 0
32 26 0
87 26 0
83 24 0
29 48 0
38 0 0
10 40 0
9 10 0
70 31 0
67 3 0
81 25 0
68 6 0
94 51 0
11 62 0
43 47 0
17 16 0
68 37 0
36 50 0
71 34 0
75 14 0
32 35 0
44 39 0
39 53 0
96 33 0
31 35 0
37 22 0
72 58 0
50 7 0
56 13 0
32 22 0
115 13 0
30 10 0
68 60 0
65 25 0
30 43 0
71 20 0
113 37 0
117 25 0
88 44 0
13 75 0
11 39 0
26 32 0
43 12 0
28 31 0
36 35 0
35 3 0
36 5 0
46 57 0
43 15 0
128 7 0
43 27 0
71 43 0
88 52 0
47 4 0
67 39 0
65 57 0
72 47 0
51 25 0
83 8 0
109 21 0
13 17 0
75 11 0
121 16 0
13 31 0
107 11 0
66 42 0
96 16 0
14 50 0
110 22 0
105 21 0
41 72 0
95 7 0
28 27 0
112 8 0
84 50 0
111 33 0
39 25 0
68 38 0
4 55 0
80 2 0
48 48 0
94 17 0
97 28 0
96 22 0
66 27 0
72 13 0
59 45 0
63 11 0
102 16 0
32 7 0
62 47 0
79 39 0
70 37 0
1 11 0
67 37 0
69 11 0
70 2 0
52 12 0
30 41 0
111 41 0
22 78 0
57 49 0
30 8 0
68 49 0
81 54 0
53 41 0
42 52 0
3 36 0
38 18 0
45 78 0
35 9 0
41 18 0
27 2 0
30 11 0
41 31 0
22 76 0
63 29 0
29 31 0
15 3 0
34 34 0
32 45 0
40 54 0
83 27 0
84 4 0
27 33 0
96 9 0
3 62 0
31 5 0
58 19 0
48 7 0
59 22 0
39 60 0
53 36 0
57 47 0
27 9 0
18 53 0
124 12 0
75 47 0
75 49 0
18 13 0
64 42 0
131 1 0
91 4 0
95 46 0
90 53 0
49 27 0
62 28 0
106 16 0
110 19 0
78 16 0
87 21 0
114 22 0
107 28 0
112 29 0
68 52 0
78 46 0
78 49 0
118 5 0
62 49 0
97 11 0
38 27 0
63 33 0
75 50 0
59 26 0
125 16 0
78 51 0
79 50 0
68 39 0
128 1 0
3 39 0
69 27 0
94 31 0
58 48 0
72 26 0
59 38 0
16 74 0
38 23 0
44 43 0
38 40 0
51 56 0
16 39 0
51 46 0
32 44 0
43 45 0
10 77 0
27 69 0
36 32 0
19 58 0
38 3 0
1 13 0
43 46 0
54 2 0
110 6 0
90 17 0
24 78 0
67 58 0
34 28 0
42 1 0
100 31 0
41 5 0
35 6 0
70 13 0
17 78 0
30 21 0
4 38 0
9 8 0
25 33 0
41 71 0
54 4 0
77 24 0
81 21 0
26 24 0
59 55 0
45 16 0
35 59 0
38 52 0
102 35 0
38 53 0
56 59 0
33 28 0
68 43 0
19 44 0
30 27 0
31 30 0
99 31 0
37 46 0
102 13 0
76 1 0
74 57 0
48 13 0
54 66 0
76 37 0
16 79 0
80 53 0
31 38 0
89 1 0
43 44 0
30 24 0
55 12 0
115 6 0
97 29 0
111 18 0
38 64 0
60 24 0
97 49 0
40 48 0
90 20 0
106 28 0
125 24 0
117 37 0
110 35 0
115 29 0
104 33 0
79 36 0
93 45 0
9 32 0
47 39 0
117 34 0
106 44 0
1 76 0
18 4 0
57 40 0
24 43 0
46 33 0
99 36 0
69 25 0
17 59 0
106 39 0
46 20 0
41 44 0
9 78 0
114 39 0
35 40 0
67 32 0
60 48 0
68 33 0
34 23 0
98 45 0
65 32 0
113 18 0
46 50 0
66 37 0
30 3 0
57 14 0
125 27 0
57 34 0
64 40 0
74 39 0
44 36 0
15 12 0
57 41 0
21 72 0
61 40 0
41 39 0
94 42 0
41 37 0
6 36 0
61 18 0
93 37 0
98 48 0
28 32 0
49 15 0
101 42 0
18 26 0
42 26 0
37 31 0
33 37 0
93 43 0
96 49 0
36 22 0
82 37 0
40 25 0
24 44 0
77 63 0
113 26 0
14 30 0
21 30 0
119 16 0
15 59 0
65 9 0
105 16 0
39 47 0
35 39 0
80 22 0
8 48 0
42 37 0
43 10 0
114 42 0
60 23 0
24 68 0
45 28 0
51 35 0
89 9 0
88 49 0
86 40 0
98 4 0
76 27 0
111 37 0
52 39 0
105 47 0
108 34 0
26 13 0
87 1 0
69 2 0
109 43 0
77 49 0
47 68 0
3 45 0
122 36 0
107 40 0
125 38 0
127 39 0
118 32 0
27 63 0
64 47 0
14 66 0
77 46 0
80 32 0
87 53 0
4 56 0
61 44 0
23 19 0
102 17 0
56 42 0
4 12 0
33 49 0
69 8 0
59 44 0
30 9 0
24 17 0
103 0 0
38 36 0
23 25 0
65 14 0
84 8 0
23 74 0
62 58 0
8 52 0
61 39 0
37 13 0
97 38 0
86 42 0
50 3 0
32 41 0
98 27 0
106 40 0
94 35 0
48 56 0
50 46 0
29 55 0
22 38 0
110 9 0
41 16 0
100 24 0
113 40 0
23 17 0
102 25 0
106 45 0
1 72 0
31 21 0
118 2 0
33 21 0
97 35 0
25 36 0
77 17 0
135 19 0
94 26 0
75 21 0
104 47 0
28 22 0
21 16 0
59 24 0
21 21 0
57 29 0
22 6 0
58 22 0
15 8 0
31 17 0
3 3 0
104 42 0
90 42 0
23 35 0
99 41 0
33 33 0
47 61 0
70 45 0
53 55 0
62 15 0
39 18 0
124 29 0
50 24 0
33 10 0
128 16 0
95 18 0
26 76 0
3 64 0
23 48 0
105 36 0
19 9 0
100 15 0
102 10 0
41 10 0
84 48 0
102 49 0
100 38 0
97 18 0
6 30 0
75 55 0
100 41 0
3 77 0
63 12 0
101 43 0
123 25 0
34 62 0
63 14 0
98 39 0
87 10 0
50 15 0
113 35 0
25 49 0
64 12 0
90 10 0
77 48 0
91 20 0
122 5 0
80 31 0
23 40 0
125 20 0
46 9 0
120 34 0
121 33 0
86 44 0
77 54 0
84 31 0
53 3 0
83 35 0
36 49 0
62 42 0
104 11 0
92 8 0
13 39 0
66 5 0
108 5 0
79 8 0
24 0 0
66 44 0
73 19 0
102 12 0
66 14 0
14 31 0
72 9 0
100 4 0
49 38 0
74 47 0
75 6 0
43 32 0
98 19 0
80 8 0
68 34 0
65 11 0
44 44 0
41 33 0
93 9 0
45 52 0
90 30 0
112 22 0
46 34 0
55 7 0
39 11 0
90 49 0
95 30 0
96 35 0
67 48 0
31 23 0
126 1 0
57 9 0
36 6 0
58 12 0
85 26 0
49 52 0
66 31 0
64 38 0
62 46 0
15 64 0
92 42 0
92 44 0
81 16 0
16 46 0
57 46 0
9 6 0
102 33 0
81 20 0
74 17 0
49 31 0
109 35 0
61 14 0
77 39 0
50 14 0
23 22 0
58 38 0
101 47 0
102 47 0
42 18 0
101 46 0
92 33 0
57 36 0
118 34 0
92 35 0
72 30 0
76 34 0
28 6 0
15 39 0
54 30 0
69 31 0
49 55 0
85 44 0
126 27 0
68 50 0
54 73 0
67 45 0
20 15 0
86 53 0
110 44 0
16 53 0
56 0 0
109 11 0
47 33 0
111 25 0
27 24 0
44 47 0
47 20 0
71 39 0
103 14 0
65 42 0
39 36 0
89 31 0
109 31 0
51 33 0
64 9 0
110 31 0
111 30 0
107 24 0
76 30 0
21 19 0
72 24 0
100 26 0
24 32 0
77 50 0
105 20 0
46 15 0
67 28 0
111 17 0
48 25 0
74 49 0
23 6 0
73 30 0
33 31 0
103 29 0
33 19 0
80 38 0
33 12 0
82 16 0
8 24 0
43 25 0
29 23 0
125 37 0
57 28 0
50 17 0
49 21 0
2 78 0
25 11 0
25 27 0
6 69 0
82 32 0
36 34 0
76 38 0
38 55 0
33 20 0
79 20 0
48 42 0
90 27 0
95 12 0
49 32 0
53 25 0
54 28 0
71 44 0
11 10 0
49 18 0
96 19 0
83 2 0
21 28 0
100 43 0
52 18 0
100 32 0
100 44 0
113 44 0
108 36 0
51 4 0
125 32 0
141 86 0
141 115 0
50 0 0
141 105 0
141 59 0
141 7 0
122 141 0
141 114 0
131 141 0
90 141 0
141 101 0
0 28 0
125 141 0
86 141 0
141 122 0
71 0 0
84 0 0
70 0 0
141 121 0
23 0 0
104 141 0
0 134 0
141 74 0
141 137 0
87 141 0
141 103 0
141 64 0
92 141 0
87 0 0
141 116 0
141 77 0
141 48 0
137 141 0
141 45 0
141 91 0
141 13 0
141 44 0
132 0 0
104 0 0
9 141 0
61 141 0
141 129 0
74 0 0
0 59 0
141 112 0
32 141 0
93 0 0
141 125 0
95 141 0
141 84 0
141 67 0
3 0 0
136 0 0
141 75 0
141 123 0
23 141 0
141 89 0
141 56 0
110 0 0
141 39 0
27 0 0
0 89 0
84 141 0
105 141 0
124 141 0
141 14 0
96 0 0
82 0 0
129 0 0
91 0 0
66 141 0
30 0 0
78 141 0
0 76 0
90 0 0
83 141 0
141 47 0
0 104 0
12 141 0
141 61 0
0 46 0
141 111 0
141 52 0
141 93 0
93 141 0
141 106 0
141 4 0
141 120 0
141 30 0
97 0 0
46 0 0
0 45 0
141 51 0
0 51 0
138 141 0
0 55 0
10 141 0
67 0 0
25 0 0
0 48 0
0 103 0
36 0 0
94 0 0
141 12 0
141 11 0
141 8 0
48 0 0
77 141 0
0 69 0
0 11 0
52 0 0
30 141 0
0 74 0
0 133 0
53 0 0
102 0 0
141 21 0
141 60 0
141 50 0
141 104 0
9 0 0
0 136 0
43 0 0
28 141 0
91 141 0
0 3 0
68 141 0
27 141 0
141 87 0
141 118 0
89 141 0
141 41 0
141 42 0
118 141 0
135 141 0
141 78 0
141 132 0
141 90 0
141 2 0
115 0 0
141 63 0
47 0 0
0 122 0
141 57 0
0 1 0
141 139 0
55 141 0
2 0 0
129 141 0
122 0 0
0 105 0
0 84 0
0 98 0
67 141 0
53 141 0
0 39 0
141 15 0
0 5 0
35 141 0
4 141 0
0 97 0
141 109 0
0 30 0
141 43 0
0 73 0
0 14 0
0 116 0
141 133 0
119 0 0
0 32 0
37 141 0
17 141 0
141 72 0
141 110 0
54 141 0
141 95 0
0 20 0
0 43 0
0 49 0
125 0 0
75 141 0
118 0 0
16 141 0
13 0 0
0 42 0
62 141 0
0 88 0
0 67 0
0 63 0
64 141 0
76 141 0
141 100 0
0 56 0
100 0 0
141 55 0
141 97 0
0 68 0
0 41 0
141 98 0
58 141 0
0 119 0
0 115 0
0 80 0
0 90 0
70 141 0
114 141 0
141 136 0
46 141 0
31 141 0
100 141 0
139 0 0
0 113 0
59 141 0
0 111 0
141 128 0
28 0 0
141 5 0
18 0 0
57 141 0
141 135 0
0 101 0
0 23 0
34 141 0
0 40 0
21 0 0
2 141 0
141 108 0
101 0 0
61 0 0
97 141 0
141 31 0
88 141 0
78 0 0
133 141 0
6 141 0
0 87 0
0 70 0
0 82 0
0 78 0
141 9 0
134 0 0
0 86 0
51 141 0
0 35 0
117 141 0
0 7 0
106 141 0
0 118 0
141 23 0
0 27 0
0 53 0
0 18 0
0 93 0
0 120 0
141 124 0
14 141 0
41 0 0
88 0 0
1 0 0
111 141 0
137 0 0
59 0 0
11 141 0
0 125 0
126 141 0
0 91 0
0 52 0
0 85 0
0 121 0
24 141 0
128 0 0
141 53 0
141 69 0
105 0 0
33 141 0
141 96 0
48 141 0
141 73 0
33 0 0
0 29 0
0 4 0
141 38 0
0 109 0
0 83 0
31 0 0
141 85 0
0 81 0
75 0 0
0 95 0
101 141 0
79 141 0
107 0 0
62 0 0
0 19 0
0 50 0
0 127 0
141 25 0
108 141 0
141 18 0
0 34 0
141 58 0
0 72 0
141 68 0
0 117 0
0 124 0
0 66 0
0 47 0
0 24 0
0 64 0
0 10 0
0 61 0
14 0 0
141 138 0
22 0 0
0 106 0
132 141 0
141 131 0
19 141 0
123 0 0
35 0 0
25 141 0
50 141 0
111 0 0
141 119 0
21 141 0
0 65 0
16 0 0
0 6 0
133 0 0
49 0 0
128 141 0
1 141 0
141 81 0
141 32 0
116 141 0
98 141 0
141 88 0
141 79 0
52 141 0
141 71 0
116 0 0
141 22 0
39 0 0
65 141 0
141 82 0
141 134 0
73 141 0
136 141 0
45 141 0
0 102 0
0 58 0
58 0 0
99 0 0
120 141 0
60 141 0
119 141 0
40 141 0
3 141 0
141 33 0
112 141 0
0 131 0
110 141 0
0 129 0
141 19 0
0 17 0
71 141 0
0 25 0
0 96 0
141 10 0
126 0 0
95 0 0
141 107 0
141 46 0
0 140 0
26 0 0
141 76 0
134 141 0
113 141 0
0 57 0
0 123 0
109 0 0
38 141 0
0 92 0
0 132 0
63 141 0
63 0 0
113 0 0
66 0 0
0 110 0
57 0 0
65 0 0
0 2 0
109 141 0
54 0 0
29 141 0
141 6 0
0 128 0
0 130 0
141 92 0
94 141 0
26 141 0
0 126 0
85 141 0
115 141 0
106 0 0
0 79 0
92 0 0
17 0 0
47 141 0
72 141 0
0 16 0
69 141 0
121 141 0
0 112 0
89 0 0
68 0 0
141 117 0
114 0 0
141 17 0
74 141 0
44 141 0
0 22 0
96 141 0
0 114 0
0 71 0
37 0 0
103 141 0
20 0 0
0 15 0
8 141 0
0 44 0
123 141 0
45 0 0
141 16 0
0 75 0
39 141 0
5 141 0
0 54 0
141 37 0
117 0 0
141 99 0
56 141 0
0 77 0
141 54 0
4 0 0
18 141 0
141 26 0
7 141 0
0 62 0
102 141 0
8 0 0
41 141 0
141 94 0
49 141 0
141 70 0
36 141 0
7 0 0
99 141 0
19 0 0
22 141 0
135 0 0
127 141 0
0 94 0
0 60 0
34 0 0
112 0 0
15 141 0
20 141 0
140 0 0
13 141 0
81 0 0
131 0 0
141 3 0
141 126 0
80 141 0
127 0 0
141 1 0
0 137 0
0 100 0
10 0 0
120 0 0
141 40 0
0 107 0
0 108 0
42 141 0
141 127 0
0 99 0
124 0 0
72 0 0
107 141 0
81 141 0
0 138 0
0 135 0
141 62 0
low, high, current -1 -1 8
Confirming Router Algorithm: TIMING_DRIVEN.
T_crit: 1.48602e-07.
T_crit: 1.4922e-07.
T_crit: 1.4889e-07.
T_crit: 1.47871e-07.
T_crit: 1.47354e-07.
T_crit: 1.47255e-07.
T_crit: 1.47155e-07.
T_crit: 1.47052e-07.
T_crit: 1.4746e-07.
T_crit: 1.47364e-07.
T_crit: 1.47709e-07.
T_crit: 1.49121e-07.
T_crit: 1.48198e-07.
T_crit: 1.51317e-07.
T_crit: 1.52794e-07.
T_crit: 1.53222e-07.
T_crit: 1.58672e-07.
T_crit: 1.57011e-07.
T_crit: 1.58266e-07.
T_crit: 1.57362e-07.
T_crit: 1.54936e-07.
T_crit: 1.61449e-07.
T_crit: 1.57383e-07.
T_crit: 1.63558e-07.
T_crit: 1.65858e-07.
T_crit: 1.66252e-07.
T_crit: 1.59742e-07.
T_crit: 1.63628e-07.
T_crit: 1.62413e-07.
T_crit: 1.6916e-07.
T_crit: 1.66821e-07.
T_crit: 1.64175e-07.
T_crit: 1.63259e-07.
T_crit: 1.68343e-07.
T_crit: 1.61313e-07.
T_crit: 1.64523e-07.
T_crit: 1.64395e-07.
T_crit: 1.69354e-07.
T_crit: 1.71468e-07.
T_crit: 1.69035e-07.
T_crit: 1.69268e-07.
T_crit: 1.7147e-07.
T_crit: 1.69599e-07.
T_crit: 1.65613e-07.
T_crit: 1.70612e-07.
T_crit: 1.70929e-07.
T_crit: 1.74439e-07.
T_crit: 1.67825e-07.
T_crit: 1.72914e-07.
T_crit: 1.6742e-07.
Routing failed.
low, high, current 8 -1 16
Confirming Router Algorithm: TIMING_DRIVEN.
T_crit: 1.48704e-07.
T_crit: 1.49221e-07.
T_crit: 1.49321e-07.
T_crit: 1.48908e-07.
T_crit: 1.48918e-07.
T_crit: 1.48297e-07.
T_crit: 1.48487e-07.
T_crit: 1.47772e-07.
T_crit: 1.47661e-07.
T_crit: 1.47456e-07.
T_crit: 1.47667e-07.
T_crit: 1.47354e-07.
T_crit: 1.47763e-07.
T_crit: 1.47565e-07.
T_crit: 1.48083e-07.
T_crit: 1.48194e-07.
T_crit: 1.48605e-07.
T_crit: 1.50502e-07.
T_crit: 1.49876e-07.
T_crit: 1.57843e-07.
T_crit: 1.5406e-07.
T_crit: 1.58958e-07.
T_crit: 1.56941e-07.
T_crit: 1.61184e-07.
T_crit: 1.59389e-07.
T_crit: 1.65312e-07.
T_crit: 1.66146e-07.
T_crit: 1.69282e-07.
T_crit: 1.65682e-07.
T_crit: 1.70182e-07.
T_crit: 1.69324e-07.
T_crit: 1.7424e-07.
T_crit: 1.74861e-07.
T_crit: 1.79867e-07.
T_crit: 1.71555e-07.
T_crit: 1.73428e-07.
T_crit: 1.69705e-07.
T_crit: 1.73422e-07.
T_crit: 1.72168e-07.
T_crit: 1.74691e-07.
T_crit: 1.729e-07.
T_crit: 1.76352e-07.
T_crit: 1.73436e-07.
T_crit: 1.77733e-07.
T_crit: 1.74377e-07.
T_crit: 1.76775e-07.
T_crit: 1.74889e-07.
T_crit: 1.74373e-07.
T_crit: 1.70901e-07.
T_crit: 1.75729e-07.
Routing failed.
low, high, current 16 -1 32
Confirming Router Algorithm: TIMING_DRIVEN.
T_crit: 1.48602e-07.
T_crit: 1.49223e-07.
T_crit: 1.49223e-07.
T_crit: 1.49016e-07.
T_crit: 1.49012e-07.
T_crit: 1.49231e-07.
T_crit: 1.48817e-07.
T_crit: 1.49107e-07.
T_crit: 1.48909e-07.
T_crit: 1.49221e-07.
T_crit: 1.49016e-07.
T_crit: 1.4891e-07.
T_crit: 1.49013e-07.
T_crit: 1.48808e-07.
T_crit: 1.48809e-07.
T_crit: 1.48703e-07.
T_crit: 1.48706e-07.
T_crit: 1.48913e-07.
T_crit: 1.49122e-07.
T_crit: 1.49331e-07.
T_crit: 1.49644e-07.
T_crit: 1.49747e-07.
T_crit: 1.51218e-07.
T_crit: 1.51736e-07.
T_crit: 1.52912e-07.
T_crit: 1.53717e-07.
T_crit: 1.55492e-07.
T_crit: 1.55739e-07.
T_crit: 1.58838e-07.
T_crit: 1.59919e-07.
T_crit: 1.68073e-07.
T_crit: 1.66597e-07.
T_crit: 1.74869e-07.
T_crit: 1.72234e-07.
T_crit: 1.70239e-07.
T_crit: 1.78226e-07.
T_crit: 1.76118e-07.
T_crit: 1.81129e-07.
T_crit: 1.78043e-07.
T_crit: 1.81331e-07.
T_crit: 1.81105e-07.
T_crit: 1.85861e-07.
T_crit: 1.80663e-07.
T_crit: 1.9104e-07.
T_crit: 1.78106e-07.
T_crit: 1.84526e-07.
T_crit: 1.86101e-07.
T_crit: 1.84025e-07.
T_crit: 1.87376e-07.
T_crit: 1.81767e-07.
Routing failed.
low, high, current 32 -1 64
Confirming Router Algorithm: TIMING_DRIVEN.
T_crit: 1.48704e-07.
T_crit: 1.49326e-07.
T_crit: 1.49128e-07.
T_crit: 1.49334e-07.
T_crit: 1.49324e-07.
T_crit: 1.49116e-07.
T_crit: 1.4891e-07.
T_crit: 1.49125e-07.
T_crit: 1.49219e-07.
T_crit: 1.49116e-07.
T_crit: 1.49117e-07.
T_crit: 1.49221e-07.
T_crit: 1.49221e-07.
T_crit: 1.49117e-07.
T_crit: 1.49013e-07.
T_crit: 1.49013e-07.
T_crit: 1.49013e-07.
T_crit: 1.49013e-07.
T_crit: 1.49013e-07.
T_crit: 1.49013e-07.
T_crit: 1.49013e-07.
T_crit: 1.49013e-07.
T_crit: 1.49013e-07.
Successfully routed after 24 routing iterations.
Completed net delay value cross check successfully.
low, high, current 32 64 48
Confirming Router Algorithm: TIMING_DRIVEN.
T_crit: 1.48705e-07.
T_crit: 1.4943e-07.
T_crit: 1.49013e-07.
T_crit: 1.49016e-07.
T_crit: 1.48913e-07.
T_crit: 1.49308e-07.
T_crit: 1.49314e-07.
T_crit: 1.49229e-07.
T_crit: 1.4891e-07.
T_crit: 1.48807e-07.
T_crit: 1.49095e-07.
T_crit: 1.49013e-07.
T_crit: 1.49012e-07.
T_crit: 1.49013e-07.
T_crit: 1.49015e-07.
T_crit: 1.49119e-07.
T_crit: 1.49119e-07.
T_crit: 1.49119e-07.
T_crit: 1.49016e-07.
T_crit: 1.49016e-07.
T_crit: 1.49016e-07.
T_crit: 1.49016e-07.
T_crit: 1.49016e-07.
T_crit: 1.49016e-07.
T_crit: 1.49016e-07.
T_crit: 1.4943e-07.
T_crit: 1.49533e-07.
T_crit: 1.4943e-07.
T_crit: 1.49742e-07.
T_crit: 1.50473e-07.
T_crit: 1.50368e-07.
T_crit: 1.50263e-07.
T_crit: 1.54219e-07.
T_crit: 1.53602e-07.
T_crit: 1.54624e-07.
T_crit: 1.53383e-07.
T_crit: 1.53383e-07.
T_crit: 1.53383e-07.
T_crit: 1.53383e-07.
T_crit: 1.5328e-07.
T_crit: 1.53073e-07.
T_crit: 1.53073e-07.
T_crit: 1.53489e-07.
T_crit: 1.53489e-07.
T_crit: 1.56702e-07.
T_crit: 1.56702e-07.
T_crit: 1.56495e-07.
T_crit: 1.56495e-07.
T_crit: 1.56479e-07.
T_crit: 1.55854e-07.
Routing failed.
low, high, current 48 64 56
Confirming Router Algorithm: TIMING_DRIVEN.
T_crit: 1.48912e-07.
T_crit: 1.49119e-07.
T_crit: 1.49025e-07.
T_crit: 1.49016e-07.
T_crit: 1.49118e-07.
T_crit: 1.49117e-07.
T_crit: 1.4923e-07.
T_crit: 1.49016e-07.
T_crit: 1.48891e-07.
T_crit: 1.48914e-07.
T_crit: 1.48807e-07.
T_crit: 1.4891e-07.
T_crit: 1.48703e-07.
T_crit: 1.48703e-07.
T_crit: 1.48703e-07.
T_crit: 1.48808e-07.
T_crit: 1.48808e-07.
T_crit: 1.48808e-07.
T_crit: 1.48808e-07.
T_crit: 1.48808e-07.
T_crit: 1.48808e-07.
Successfully routed after 22 routing iterations.
Completed net delay value cross check successfully.
low, high, current 48 56 52
Confirming Router Algorithm: TIMING_DRIVEN.
T_crit: 1.48134e-07.
T_crit: 1.48926e-07.
T_crit: 1.48819e-07.
T_crit: 1.48425e-07.
T_crit: 1.48716e-07.
T_crit: 1.48654e-07.
T_crit: 1.48957e-07.
T_crit: 1.49385e-07.
T_crit: 1.48933e-07.
T_crit: 1.49454e-07.
T_crit: 1.49123e-07.
T_crit: 1.48912e-07.
T_crit: 1.49036e-07.
T_crit: 1.48649e-07.
T_crit: 1.48636e-07.
T_crit: 1.48314e-07.
T_crit: 1.4831e-07.
T_crit: 1.48299e-07.
T_crit: 1.48299e-07.
T_crit: 1.48299e-07.
T_crit: 1.48299e-07.
T_crit: 1.48299e-07.
T_crit: 1.48299e-07.
T_crit: 1.48196e-07.
T_crit: 1.48196e-07.
T_crit: 1.48196e-07.
T_crit: 1.48196e-07.
T_crit: 1.48196e-07.
T_crit: 1.48196e-07.
T_crit: 1.48196e-07.
T_crit: 1.48196e-07.
T_crit: 1.48196e-07.
T_crit: 1.48196e-07.
Successfully routed after 34 routing iterations.
Completed net delay value cross check successfully.
low, high, current 48 52 50
Warning (check_all_tracks_reach_pins):  track 48 does not 
	connect to any FB IPINs.
Warning (check_all_tracks_reach_pins):  track 49 does not 
	connect to any FB IPINs.
Confirming Router Algorithm: TIMING_DRIVEN.
T_crit: 1.48871e-07.
T_crit: 1.49458e-07.
T_crit: 1.49172e-07.
T_crit: 1.49305e-07.
T_crit: 1.49162e-07.
T_crit: 1.4918e-07.
T_crit: 1.49482e-07.
T_crit: 1.49546e-07.
T_crit: 1.49227e-07.
T_crit: 1.49421e-07.
T_crit: 1.4908e-07.
T_crit: 1.49022e-07.
T_crit: 1.48811e-07.
T_crit: 1.48657e-07.
T_crit: 1.48945e-07.
T_crit: 1.48839e-07.
T_crit: 1.48851e-07.
T_crit: 1.48853e-07.
T_crit: 1.48851e-07.
T_crit: 1.48851e-07.
T_crit: 1.48853e-07.
T_crit: 1.48853e-07.
T_crit: 1.48853e-07.
T_crit: 1.48853e-07.
T_crit: 1.48853e-07.
T_crit: 1.48853e-07.
T_crit: 1.48853e-07.
T_crit: 1.48853e-07.
T_crit: 1.48853e-07.
T_crit: 1.48853e-07.
T_crit: 1.48853e-07.
T_crit: 1.48853e-07.
T_crit: 1.48853e-07.
T_crit: 1.48853e-07.
T_crit: 1.49467e-07.
T_crit: 1.49467e-07.
T_crit: 1.49467e-07.
T_crit: 1.49467e-07.
T_crit: 1.49467e-07.
T_crit: 1.49467e-07.
T_crit: 1.49467e-07.
T_crit: 1.49467e-07.
T_crit: 1.49467e-07.
T_crit: 1.49467e-07.
T_crit: 1.49467e-07.
T_crit: 1.50021e-07.
T_crit: 1.50129e-07.
T_crit: 1.50129e-07.
T_crit: 1.50129e-07.
T_crit: 1.50129e-07.
Routing failed.

Checking to ensure routing is legal ...
Completed routing consistency check successfully.

Serial number (magic cookie) for the routing is: 1649941711
Best routing used a channel width factor of 52.


Average number of bends per net: 10.1855  Maximum # of bends: 374


The number of routed nets (nonglobal): 7907
Wirelength results (all in units of 1 clb segments):
	Total wirelength: 492045   Average net length: 62.2290
	Maximum net length: 1534

Wirelength results in terms of physical segments:
	Total wiring segments used: 246466   Av. wire segments per net: 31.1706
	Maximum segments used by a net: 772


X - Directed channels:

j	max occ	av_occ		capacity
0	45	28.1143  	52
1	41	24.0071  	52
2	41	26.4857  	52
3	44	27.4714  	52
4	41	25.1500  	52
5	42	25.7286  	52
6	42	25.6214  	52
7	44	25.7786  	52
8	41	25.8571  	52
9	43	26.6214  	52
10	42	26.5714  	52
11	41	26.2214  	52
12	40	26.2286  	52
13	45	27.7071  	52
14	43	28.1214  	52
15	42	27.8929  	52
16	44	29.0643  	52
17	43	28.5571  	52
18	43	28.3643  	52
19	44	29.1571  	52
20	43	28.5857  	52
21	43	28.6071  	52
22	46	29.1357  	52
23	43	28.2214  	52
24	46	29.1143  	52
25	45	30.1071  	52
26	46	29.9429  	52
27	46	31.7429  	52
28	43	30.1929  	52
29	45	28.5714  	52
30	44	28.6143  	52
31	44	29.4714  	52
32	45	28.4929  	52
33	46	30.2214  	52
34	44	29.5357  	52
35	45	28.0357  	52
36	45	29.4929  	52
37	46	28.3286  	52
38	44	29.0286  	52
39	48	28.5929  	52
40	42	27.8714  	52
41	44	26.0643  	52
42	41	25.4357  	52
43	46	25.6286  	52
44	39	24.8071  	52
45	44	26.0071  	52
46	39	23.1214  	52
47	41	24.2500  	52
48	41	23.7071  	52
49	38	23.5714  	52
50	40	22.9500  	52
51	42	22.0786  	52
52	41	21.3357  	52
53	38	20.9571  	52
54	41	19.0786  	52
55	36	18.1143  	52
56	39	19.9786  	52
57	39	17.2571  	52
58	34	15.7000  	52
59	43	16.3714  	52
60	41	14.4857  	52
61	34	13.2071  	52
62	39	12.5214  	52
63	36	12.9500  	52
64	37	10.6214  	52
65	36	12.0500  	52
66	37	10.9714  	52
67	39	10.8929  	52
68	37	9.45714  	52
69	38	9.30000  	52
70	35	8.39286  	52
71	34	8.14286  	52
72	34	8.40000  	52
73	33	7.04286  	52
74	30	5.94286  	52
75	30	5.35000  	52
76	23	3.46429  	52
77	23	3.10000  	52
78	16	3.02143  	52
79	7	1.37857  	52
80	4	0.378571 	52
81	2	0.171429 	52
82	2	0.514286 	52
83	1	0.0214286	52
84	2	0.0357143	52
85	2	0.0214286	52
86	1	0.314286 	52
87	2	0.335714 	52
88	3	0.221429 	52
89	3	0.228571 	52
90	2	0.0928571	52
91	1	0.0357143	52
92	1	0.150000 	52
93	2	0.0500000	52
94	1	0.0142857	52
95	2	0.0857143	52
96	2	0.678571 	52
97	4	0.0428571	52
98	3	0.0428571	52
99	2	0.142857 	52
100	1	0.135714 	52
101	2	0.192857 	52
102	1	0.0357143	52
103	0	0.00000  	52
104	3	0.464286 	52
105	3	0.414286 	52
106	2	0.0357143	52
107	1	0.0285714	52
108	2	0.314286 	52
109	2	0.578571 	52
110	4	0.0785714	52
111	1	0.471429 	52
112	1	0.278571 	52
113	1	0.0142857	52
114	2	0.278571 	52
115	2	0.0785714	52
116	3	0.0428571	52
117	1	0.0142857	52
118	3	0.357143 	52
119	3	0.185714 	52
120	2	0.392857 	52
121	2	0.371429 	52
122	3	0.0642857	52
123	1	0.314286 	52
124	2	0.0642857	52
125	1	0.121429 	52
126	1	0.357143 	52
127	2	0.378571 	52
128	1	0.0142857	52
129	2	0.400000 	52
130	2	0.550000 	52
131	2	0.414286 	52
132	3	0.535714 	52
133	1	0.0214286	52
134	3	0.714286 	52
135	3	0.142857 	52
136	3	0.314286 	52
137	4	0.521429 	52
138	3	0.914286 	52
139	6	2.41429  	52
140	13	5.54286  	52

Y - Directed channels:

i	max occ	av_occ		capacity
0	47	22.6286  	52
1	47	19.6071  	52
2	47	19.4071  	52
3	48	18.7857  	52
4	44	18.4214  	52
5	51	20.6714  	52
6	50	21.7071  	52
7	47	18.8929  	52
8	48	18.6214  	52
9	48	20.1000  	52
10	47	19.7357  	52
11	48	19.8429  	52
12	48	20.2071  	52
13	47	20.3143  	52
14	49	20.0714  	52
15	48	19.6286  	52
16	49	19.3643  	52
17	50	19.6643  	52
18	47	18.5500  	52
19	48	19.1071  	52
20	45	18.6571  	52
21	46	19.1786  	52
22	47	18.7143  	52
23	46	18.4929  	52
24	44	17.5429  	52
25	44	17.7786  	52
26	43	17.3357  	52
27	42	17.5714  	52
28	44	17.9643  	52
29	45	18.4643  	52
30	44	17.1643  	52
31	45	17.4429  	52
32	42	16.8929  	52
33	41	15.8929  	52
34	44	16.7143  	52
35	44	15.8714  	52
36	41	17.4000  	52
37	41	15.7000  	52
38	41	15.0429  	52
39	43	15.6500  	52
40	42	16.0357  	52
41	41	14.0500  	52
42	42	14.4714  	52
43	42	14.3000  	52
44	40	14.4214  	52
45	42	16.0143  	52
46	40	14.5786  	52
47	40	14.8571  	52
48	42	13.6214  	52
49	42	14.0929  	52
50	40	13.0714  	52
51	45	15.0286  	52
52	41	14.0714  	52
53	43	15.2071  	52
54	44	14.5714  	52
55	42	14.2857  	52
56	41	14.1643  	52
57	41	13.1571  	52
58	44	13.3500  	52
59	42	13.3929  	52
60	40	14.2714  	52
61	41	13.8429  	52
62	42	14.1214  	52
63	41	13.8214  	52
64	41	12.5286  	52
65	41	14.9571  	52
66	44	13.5571  	52
67	43	13.7929  	52
68	42	13.4571  	52
69	41	14.4714  	52
70	43	14.3571  	52
71	42	14.5786  	52
72	43	14.2571  	52
73	42	14.2214  	52
74	41	13.4643  	52
75	43	14.3357  	52
76	45	13.7071  	52
77	41	12.7929  	52
78	43	15.1643  	52
79	41	14.1571  	52
80	42	12.4071  	52
81	40	12.4571  	52
82	43	13.4286  	52
83	42	12.4857  	52
84	48	12.5071  	52
85	39	13.5786  	52
86	41	11.9857  	52
87	42	13.9143  	52
88	45	12.9786  	52
89	41	12.2500  	52
90	40	12.6643  	52
91	40	14.1786  	52
92	40	10.4429  	52
93	40	11.5643  	52
94	41	11.9143  	52
95	37	11.6214  	52
96	36	9.18571  	52
97	38	10.3071  	52
98	35	9.10000  	52
99	38	9.40714  	52
100	36	8.74286  	52
101	32	9.20000  	52
102	33	8.50000  	52
103	31	7.47143  	52
104	35	8.54286  	52
105	32	7.94286  	52
106	34	8.50000  	52
107	28	9.12857  	52
108	28	6.35714  	52
109	30	7.23571  	52
110	23	7.65000  	52
111	25	6.67143  	52
112	27	5.65714  	52
113	24	6.15714  	52
114	23	5.15714  	52
115	24	6.84286  	52
116	24	5.31429  	52
117	21	5.71429  	52
118	21	4.45714  	52
119	18	4.10714  	52
120	21	4.15714  	52
121	18	4.92857  	52
122	21	4.92857  	52
123	19	5.65714  	52
124	20	6.07143  	52
125	12	2.87143  	52
126	12	2.43571  	52
127	16	3.77143  	52
128	10	2.05000  	52
129	11	1.07143  	52
130	7	1.76429  	52
131	8	2.68571  	52
132	7	1.88571  	52
133	4	0.278571 	52
134	5	0.807143 	52
135	5	0.485714 	52
136	4	0.978571 	52
137	7	1.25714  	52
138	5	1.44286  	52
139	18	8.92143  	52
140	19	11.1500  	52

Total Tracks in X-direction: 7332  in Y-direction: 7332

Logic Area (in minimum width transistor areas):
Total Logic Area: 5.88e+08  Per 1x1 logic tile: 30000

Routing area (in minimum width transistor areas):
Total Routing Area: 1.27862e+08  Per logic tile: 6523.55

Segment usage by type (index):
Segment type       Fractional utilization
------------       ----------------------
       0                  0.238

Segment usage by length:
Segment length       Fractional utilization
--------------       ----------------------
        2                   0.238

Critical Path: 1.48196e-07 (s)

Time elapsed (PLACE&ROUTE): 49954861.176000 ms


Time elapsed (Fernando): 49954861.205000 ms

