
VPR FPGA Placement and Routing.
Version: Version 5.0.2
Compiled: Dec 11 2020.
Original VPR by V. Betz.
Timing-driven placement enhancements by A. Marquardt.
Single-drivers enhancements by Andy Ye with additions by.
Mark Fang, Jason Luu, Ted Campbell
Heterogeneous stucture support by Jason Luu and Ted Campbell.
This code is licensed only for non-commercial use.

Auto-sizing FPGA, try x = 38 y = 38
Auto-sizing FPGA, try x = 76 y = 76
Auto-sizing FPGA, try x = 152 y = 152
Auto-sizing FPGA, try x = 304 y = 304
Auto-sizing FPGA, try x = 152 y = 152
Auto-sizing FPGA, try x = 228 y = 228
Auto-sizing FPGA, try x = 190 y = 190
Auto-sizing FPGA, try x = 171 y = 171
Auto-sizing FPGA, try x = 180 y = 180
Auto-sizing FPGA, try x = 175 y = 175
Auto-sizing FPGA, try x = 177 y = 177
Auto-sizing FPGA, try x = 176 y = 176
Auto-sizing FPGA, try x = 176 y = 176
FPGA auto-sized to, x = 177 y = 177

Resource Usage:
Netlist      0	blocks of type <EMPTY>
Architecture 4	blocks of type <EMPTY>
Netlist      705	blocks of type .io
Architecture 708	blocks of type .io
Netlist      762	blocks of type .clb
Architecture 31329	blocks of type .clb

Timing analysis: ON

Operation:  ROUTE_ONLY

PlacerOpts.place_freq:  PLACE_NEVER

RouterOpts.route_type:  DETAILED
RouterOpts.router_algorithm:  TIMING_DRIVEN
RouterOpts.base_cost_type:  DELAY_NORMALIZED
RouterOpts.fixed_channel_width:  NO_FIXED_CHANNEL_WIDTH
RouterOpts.acc_fac:  1.000000
RouterOpts.bb_factor:  3
RouterOpts.bend_cost:  0.000000
RouterOpts.first_iter_pres_fac:  0.500000
RouterOpts.initial_pres_fac:  0.500000
RouterOpts.pres_fac_mult:  1.300000
RouterOpts.max_router_iterations:  50
RouterOpts.astar_fac:  1.200000
RouterOpts.criticality_exp:  1.000000
RouterOpts.max_criticality:  0.990000

RoutingArch.directionality:  UNI_DIRECTIONAL
RoutingArch.switch_block_type:  WILTON
RoutingArch.Fs:  3

The circuit will be mapped into a 177 x 177 array of clbs.

Netlist num_nets:  1251
Netlist num_blocks:  1467
Netlist inputs pins:  489
Netlist output pins:  216

66 3 0
0 134 0
54 11 0
52 11 0
40 9 0
42 20 0
62 13 0
58 3 0
48 15 0
33 9 0
60 13 0
54 16 0
69 2 0
91 10 0
44 13 0
53 13 0
51 11 0
39 2 0
42 4 0
52 12 0
60 6 0
40 11 0
97 1 0
52 15 0
54 1 0
30 9 0
66 11 0
64 3 0
68 5 0
60 4 0
59 14 0
33 11 0
50 3 0
52 8 0
73 1 0
68 10 0
55 20 0
49 17 0
49 14 0
39 7 0
55 14 0
48 12 0
29 9 0
51 13 0
55 11 0
54 32 0
61 13 0
62 11 0
59 16 0
49 12 0
54 20 0
26 9 0
47 8 0
54 9 0
28 6 0
48 17 0
71 11 0
71 12 0
53 15 0
57 11 0
51 16 0
74 11 0
70 11 0
58 5 0
58 12 0
51 3 0
69 11 0
46 10 0
40 4 0
57 14 0
55 9 0
49 15 0
83 4 0
47 19 0
51 20 0
47 33 0
45 11 0
51 9 0
52 7 0
53 1 0
52 1 0
0 42 0
41 11 0
9 178 0
178 147 0
0 152 0
60 178 0
178 138 0
48 14 0
105 8 0
173 178 0
118 9 0
46 9 0
161 1 0
52 6 0
178 10 0
0 40 0
130 13 0
120 2 0
53 0 0
177 99 0
5 23 0
2 107 0
139 53 0
178 104 0
0 18 0
122 178 0
110 35 0
170 15 0
58 10 0
38 10 0
138 37 0
177 31 0
1 107 0
59 0 0
140 99 0
153 0 0
56 15 0
47 36 0
51 7 0
174 26 0
0 53 0
1 123 0
178 174 0
40 1 0
64 4 0
132 12 0
1 86 0
178 150 0
120 12 0
0 83 0
78 178 0
47 14 0
16 0 0
40 0 0
95 1 0
3 76 0
178 39 0
62 12 0
171 69 0
95 178 0
107 1 0
48 10 0
38 5 0
2 10 0
45 40 0
57 0 0
57 3 0
0 167 0
169 95 0
16 12 0
0 12 0
0 8 0
1 21 0
178 149 0
55 17 0
0 29 0
52 4 0
35 46 0
0 109 0
0 56 0
0 86 0
92 178 0
2 79 0
0 79 0
53 16 0
178 7 0
59 8 0
178 171 0
177 44 0
0 95 0
175 25 0
14 9 0
35 7 0
178 11 0
52 3 0
178 49 0
167 178 0
0 101 0
0 50 0
150 0 0
8 48 0
0 38 0
65 6 0
47 0 0
0 80 0
2 96 0
35 14 0
1 33 0
45 13 0
35 12 0
172 43 0
148 178 0
178 43 0
47 20 0
16 89 0
178 132 0
16 1 0
3 12 0
49 9 0
178 41 0
178 117 0
178 110 0
110 0 0
40 16 0
63 11 0
178 44 0
0 27 0
0 99 0
74 12 0
0 125 0
1 71 0
178 53 0
62 7 0
0 78 0
178 62 0
0 61 0
0 82 0
78 0 0
178 17 0
0 76 0
43 7 0
178 135 0
98 178 0
2 178 0
178 40 0
29 59 0
55 10 0
67 1 0
1 73 0
0 172 0
0 92 0
55 18 0
0 77 0
178 54 0
66 4 0
53 14 0
17 3 0
162 178 0
48 3 0
23 2 0
109 0 0
177 37 0
0 137 0
75 178 0
0 64 0
71 5 0
127 177 0
35 3 0
173 167 0
8 0 0
97 13 0
178 3 0
0 111 0
178 108 0
1 35 0
113 0 0
136 4 0
3 0 0
42 178 0
0 44 0
178 129 0
178 97 0
0 63 0
19 4 0
61 5 0
178 96 0
46 1 0
9 10 0
152 178 0
0 174 0
49 2 0
0 51 0
0 155 0
3 41 0
66 5 0
0 45 0
152 0 0
0 110 0
69 3 0
61 4 0
157 178 0
0 140 0
0 65 0
1 30 0
29 0 0
177 17 0
7 0 0
154 3 0
50 20 0
178 111 0
46 12 0
1 80 0
126 3 0
0 153 0
99 0 0
178 112 0
1 32 0
90 43 0
21 1 0
0 49 0
67 11 0
35 58 0
135 0 0
178 4 0
94 178 0
49 7 0
135 5 0
0 150 0
133 19 0
60 8 0
130 178 0
0 3 0
178 87 0
177 119 0
178 61 0
112 178 0
44 0 0
178 106 0
177 60 0
63 29 0
126 8 0
0 69 0
12 9 0
56 0 0
48 0 0
68 8 0
177 126 0
1 25 0
48 178 0
170 178 0
178 86 0
147 43 0
4 11 0
84 43 0
109 44 0
0 142 0
49 13 0
0 68 0
4 0 0
57 13 0
51 2 0
49 6 0
6 57 0
1 96 0
57 8 0
76 64 0
134 178 0
178 45 0
0 73 0
24 178 0
173 84 0
178 153 0
41 0 0
53 11 0
95 0 0
168 178 0
0 26 0
0 9 0
72 12 0
175 145 0
76 3 0
0 98 0
68 3 0
9 20 0
45 4 0
109 94 0
38 2 0
70 3 0
178 142 0
46 6 0
178 50 0
70 8 0
174 27 0
115 167 0
1 54 0
0 168 0
92 31 0
178 126 0
1 26 0
2 73 0
41 12 0
2 0 0
0 88 0
177 46 0
177 148 0
53 178 0
0 126 0
54 15 0
66 0 0
53 12 0
0 19 0
55 8 0
26 178 0
48 1 0
11 25 0
136 0 0
49 4 0
39 16 0
2 22 0
68 15 0
120 177 0
47 15 0
29 10 0
178 148 0
25 14 0
33 1 0
178 23 0
57 10 0
178 32 0
120 30 0
148 0 0
13 1 0
69 0 0
0 46 0
163 95 0
48 16 0
59 9 0
136 178 0
93 57 0
178 103 0
42 13 0
176 28 0
150 178 0
55 1 0
64 0 0
40 7 0
52 10 0
178 56 0
59 2 0
56 10 0
0 90 0
29 4 0
35 5 0
55 12 0
18 4 0
67 10 0
36 131 0
25 9 0
28 1 0
56 2 0
0 7 0
178 101 0
56 13 0
0 106 0
73 50 0
1 109 0
1 28 0
54 12 0
24 4 0
173 59 0
177 54 0
130 177 0
51 6 0
52 13 0
6 10 0
178 74 0
32 10 0
178 92 0
64 8 0
177 92 0
178 109 0
47 13 0
68 4 0
40 8 0
83 177 0
0 93 0
39 0 0
119 0 0
0 124 0
42 1 0
0 87 0
43 3 0
53 7 0
50 12 0
61 3 0
178 121 0
51 18 0
178 113 0
178 95 0
35 10 0
40 5 0
172 178 0
52 64 0
31 0 0
43 11 0
178 26 0
39 8 0
178 139 0
60 38 0
6 0 0
51 14 0
177 23 0
121 152 0
62 10 0
2 78 0
56 9 0
31 16 0
177 128 0
166 93 0
67 7 0
64 5 0
48 35 0
0 139 0
64 7 0
60 3 0
177 129 0
31 7 0
5 0 0
178 98 0
169 178 0
36 7 0
53 3 0
69 10 0
40 178 0
60 5 0
54 3 0
59 13 0
0 32 0
177 135 0
53 18 0
90 42 0
178 156 0
60 7 0
60 12 0
177 143 0
172 0 0
35 1 0
0 36 0
0 75 0
15 4 0
177 41 0
178 37 0
89 0 0
4 35 0
178 59 0
178 93 0
1 52 0
128 14 0
57 1 0
0 72 0
46 7 0
55 4 0
57 17 0
37 1 0
37 4 0
1 23 0
26 48 0
178 155 0
0 143 0
0 37 0
49 35 0
0 54 0
54 7 0
30 1 0
75 10 0
0 107 0
58 11 0
5 18 0
177 150 0
52 20 0
178 78 0
56 5 0
52 9 0
178 46 0
58 1 0
10 0 0
56 21 0
30 14 0
177 34 0
125 0 0
0 94 0
54 17 0
48 7 0
1 58 0
1 87 0
0 22 0
53 4 0
74 1 0
140 93 0
40 3 0
177 42 0
52 17 0
25 1 0
0 85 0
177 15 0
0 60 0
58 15 0
177 111 0
178 48 0
33 3 0
33 7 0
63 3 0
25 2 0
79 177 0
69 8 0
79 2 0
67 2 0
102 20 0
83 0 0
178 128 0
47 11 0
174 47 0
123 20 0
49 10 0
0 52 0
178 36 0
0 148 0
35 145 0
39 15 0
0 14 0
134 0 0
35 4 0
65 7 0
45 35 0
75 9 0
178 102 0
50 9 0
0 112 0
178 151 0
178 69 0
178 125 0
44 4 0
7 5 0
53 20 0
18 1 0
39 3 0
1 61 0
32 20 0
18 0 0
0 23 0
0 21 0
114 0 0
28 0 0
24 10 0
177 93 0
58 2 0
0 25 0
38 14 0
13 0 0
3 6 0
1 14 0
43 178 0
55 5 0
56 14 0
0 59 0
178 31 0
35 11 0
79 0 0
178 80 0
178 66 0
122 1 0
29 2 0
1 118 0
0 47 0
178 60 0
48 11 0
112 123 0
14 178 0
178 77 0
27 0 0
0 113 0
65 3 0
50 4 0
178 79 0
62 5 0
70 4 0
47 6 0
31 4 0
46 3 0
0 33 0
42 9 0
31 2 0
140 31 0
7 178 0
50 10 0
122 43 0
36 2 0
112 23 0
11 178 0
164 178 0
145 0 0
49 16 0
0 120 0
178 76 0
87 178 0
12 178 0
48 13 0
116 178 0
2 87 0
0 91 0
178 123 0
0 34 0
0 166 0
177 127 0
0 4 0
176 0 0
178 160 0
32 14 0
60 10 0
178 120 0
57 19 0
32 2 0
140 4 0
178 114 0
34 178 0
178 124 0
30 16 0
42 0 0
61 12 0
177 77 0
0 15 0
23 13 0
120 178 0
1 29 0
178 42 0
0 119 0
37 8 0
57 4 0
0 57 0
0 55 0
178 172 0
0 161 0
158 0 0
51 8 0
177 145 0
29 14 0
27 5 0
1 31 0
18 178 0
123 0 0
14 25 0
0 81 0
0 156 0
132 0 0
0 30 0
125 12 0
51 1 0
47 4 0
76 37 0
178 122 0
178 173 0
178 85 0
108 178 0
40 10 0
129 0 0
178 152 0
0 173 0
14 0 0
178 170 0
178 58 0
0 130 0
178 130 0
178 90 0
47 178 0
178 127 0
178 140 0
115 0 0
178 119 0
1 70 0
178 163 0
177 19 0
115 84 0
20 0 0
56 11 0
56 24 0
177 125 0
38 11 0
44 12 0
178 51 0
0 13 0
178 52 0
97 0 0
0 67 0
178 145 0
37 10 0
0 123 0
0 151 0
124 161 0
178 38 0
117 0 0
41 178 0
45 177 0
21 14 0
33 13 0
169 177 0
53 22 0
48 2 0
131 177 0
45 178 0
80 0 0
174 29 0
133 0 0
45 15 0
172 169 0
24 1 0
177 71 0
164 0 0
76 1 0
0 141 0
84 1 0
166 0 0
175 133 0
178 72 0
55 15 0
54 14 0
178 71 0
178 166 0
160 0 0
167 37 0
163 178 0
88 16 0
0 28 0
70 9 0
116 9 0
37 12 0
52 2 0
63 1 0
178 167 0
174 118 0
0 100 0
177 16 0
94 74 0
174 163 0
178 81 0
33 5 0
36 5 0
178 115 0
87 0 0
36 0 0
178 144 0
65 11 0
177 113 0
0 157 0
178 116 0
133 26 0
177 174 0
1 164 0
178 176 0
177 178 0
143 178 0
21 2 0
178 175 0
88 1 0
178 168 0
166 178 0
178 28 0
90 26 0
51 12 0
76 0 0
55 16 0
144 0 0
112 0 0
178 164 0
0 144 0
0 171 0
0 11 0
0 16 0
69 26 0
48 5 0
0 62 0
96 9 0
68 26 0
1 145 0
178 83 0
69 5 0
60 1 0
170 95 0
0 74 0
178 27 0
0 39 0
178 169 0
1 79 0
1 39 0
32 6 0
70 2 0
54 21 0
56 18 0
68 11 0
1 77 0
177 25 0
50 6 0
178 68 0
178 63 0
77 178 0
73 178 0
77 5 0
44 10 0
65 63 0
16 62 0
16 135 0
73 5 0
45 5 0
0 136 0
0 135 0
178 19 0
79 178 0
0 158 0
1 137 0
42 5 0
0 165 0
2 71 0
81 178 0
69 12 0
55 2 0
51 4 0
68 0 0
0 48 0
178 158 0
174 22 0
105 178 0
0 108 0
178 22 0
178 84 0
178 25 0
43 5 0
178 21 0
178 20 0
74 0 0
173 0 0
178 134 0
59 5 0
0 2 0
24 13 0
178 99 0
116 11 0
94 9 0
140 176 0
118 0 0
117 178 0
162 0 0
170 0 0
104 0 0
142 0 0
55 13 0
116 15 0
178 118 0
92 0 0
167 0 0
1 0 0
6 8 0
0 10 0
59 12 0
24 25 0
0 58 0
90 41 0
177 40 0
178 6 0
0 116 0
137 0 0
175 54 0
177 29 0
16 178 0
178 55 0
42 16 0
178 67 0
178 70 0
44 14 0
178 143 0
176 19 0
177 84 0
168 0 0
0 41 0
127 3 0
150 44 0
178 89 0
126 0 0
92 1 0
178 105 0
48 40 0
149 178 0
136 3 0
0 24 0
131 0 0
100 6 0
0 6 0
63 13 0
110 1 0
0 43 0
139 0 0
159 0 0
88 0 0
178 2 0
1 2 0
0 35 0
57 5 0
0 89 0
178 18 0
178 16 0
178 57 0
56 3 0
178 34 0
0 31 0
51 15 0
178 33 0
178 157 0
103 0 0
6 34 0
0 97 0
55 7 0
0 102 0
0 96 0
0 103 0
178 15 0
178 100 0
30 58 0
32 5 0
0 70 0
22 5 0
163 0 0
12 0 0
0 138 0
64 36 0
83 9 0
36 56 0
84 0 0
25 0 0
105 0 0
14 13 0
56 6 0
1 163 0
174 20 0
34 4 0
0 164 0
0 162 0
0 163 0
0 176 0
178 14 0
178 136 0
48 9 0
16 8 0
14 3 0
22 1 0
130 0 0
51 40 0
122 0 0
42 3 0
17 0 0
116 4 0
74 3 0
108 0 0
123 178 0
125 178 0
73 6 0
127 178 0
0 66 0
148 10 0
42 12 0
178 29 0
178 30 0
57 12 0
41 17 0
178 65 0
177 43 0
0 128 0
178 146 0
178 47 0
40 13 0
37 7 0
176 98 0
178 94 0
49 3 0
6 20 0
51 0 0
27 178 0
52 5 0
32 1 0
0 17 0
37 178 0
43 15 0
124 178 0
11 0 0
0 147 0
157 0 0
40 14 0
178 35 0
0 20 0
45 7 0
65 5 0
38 6 0
0 1 0
36 15 0
1 119 0
66 35 0
40 19 0
47 3 0
53 5 0
178 73 0
177 151 0
37 11 0
1 90 0
38 15 0
44 8 0
8 1 0
45 12 0
36 4 0
52 16 0
35 8 0
56 20 0
52 19 0
73 0 0
34 1 0
39 14 0
51 10 0
57 64 0
53 6 0
50 18 0
45 6 0
58 13 0
1 143 0
50 7 0
43 2 0
46 4 0
50 11 0
37 3 0
178 24 0
55 6 0
44 6 0
46 2 0
44 3 0
50 14 0
42 6 0
56 16 0
52 14 0
35 15 0
31 6 0
43 1 0
53 8 0
29 3 0
45 10 0
39 4 0
25 3 0
174 178 0
29 6 0
52 32 0
27 1 0
27 14 0
50 2 0
0 84 0
48 4 0
61 6 0
44 17 0
82 0 0
0 5 0
58 16 0
64 12 0
53 17 0
58 6 0
54 8 0
54 13 0
54 6 0
34 10 0
45 2 0
67 0 0
61 1 0
61 7 0
9 0 0
55 3 0
62 3 0
65 2 0
67 3 0
46 16 0
93 4 0
75 13 0
68 2 0
21 4 0
62 2 0
106 0 0
42 14 0
43 6 0
12 1 0
36 3 0
178 91 0
64 9 0
57 7 0
43 12 0
73 3 0
70 1 0
83 2 0
63 4 0
59 11 0
61 11 0
76 9 0
178 1 0
54 10 0
42 8 0
41 5 0
30 6 0
64 11 0
61 8 0
65 14 0
35 2 0
173 42 0
58 4 0
34 2 0
54 5 0
45 3 0
24 3 0
50 16 0
178 13 0
31 1 0
60 2 0
90 19 0
48 6 0
0 115 0
0 71 0
41 2 0
51 5 0
44 178 0
39 6 0
43 4 0
11 1 0
57 20 0
50 17 0
36 1 0
41 6 0
4 76 0
16 5 0
56 12 0
3 1 0
37 2 0
83 8 0
37 0 0
45 1 0
17 1 0
83 1 0
170 121 0
86 6 0
177 109 0
56 7 0
46 5 0
58 9 0
71 2 0
45 0 0
50 13 0
50 15 0
82 178 0
50 19 0
47 12 0
65 1 0
131 178 0
57 2 0
67 5 0
52 40 0
41 13 0
43 18 0
2 25 0
66 9 0
103 178 0
53 19 0
56 4 0
53 2 0
161 0 0
68 178 0
54 178 0
35 0 0
178 88 0
62 178 0
111 0 0
141 0 0
4 178 0
121 178 0
147 0 0
94 0 0
111 178 0
23 178 0
83 178 0
50 0 0
90 0 0
13 178 0
55 178 0
178 9 0
140 0 0
107 0 0
127 0 0
143 0 0
0 122 0
85 178 0
151 0 0
77 0 0
62 0 0
135 178 0
0 117 0
55 0 0
0 169 0
171 0 0
89 178 0
178 75 0
156 0 0
0 177 0
34 0 0
86 0 0
46 178 0
15 178 0
52 178 0
71 178 0
156 178 0
137 178 0
96 178 0
169 0 0
38 178 0
69 178 0
10 178 0
174 0 0
52 0 0
0 121 0
28 178 0
104 178 0
110 178 0
120 0 0
97 178 0
51 178 0
74 178 0
70 178 0
106 178 0
142 178 0
81 0 0
154 178 0
46 0 0
99 178 0
72 0 0
33 178 0
178 5 0
36 178 0
146 178 0
177 0 0
21 0 0
151 178 0
161 178 0
0 146 0
64 178 0
96 0 0
149 0 0
58 178 0
61 178 0
178 162 0
32 0 0
178 82 0
0 160 0
85 0 0
76 178 0
159 178 0
113 178 0
154 0 0
158 178 0
71 0 0
155 0 0
32 178 0
155 178 0
98 0 0
93 178 0
43 0 0
0 114 0
100 178 0
33 0 0
65 178 0
0 131 0
22 178 0
144 178 0
88 178 0
17 178 0
56 178 0
91 178 0
15 0 0
30 178 0
54 0 0
0 129 0
165 178 0
63 0 0
133 178 0
139 178 0
91 0 0
178 12 0
101 0 0
145 178 0
114 178 0
86 178 0
140 178 0
178 141 0
19 0 0
25 178 0
0 105 0
49 0 0
24 0 0
119 178 0
0 159 0
153 178 0
178 154 0
70 0 0
93 0 0
178 64 0
8 178 0
5 178 0
31 178 0
160 178 0
58 0 0
121 0 0
35 178 0
50 178 0
1 178 0
178 107 0
109 178 0
101 178 0
21 178 0
178 131 0
0 149 0
0 132 0
124 0 0
30 0 0
138 0 0
115 178 0
165 0 0
84 178 0
178 159 0
20 178 0
19 178 0
3 178 0
178 133 0
100 0 0
175 0 0
116 0 0
178 161 0
128 178 0
80 178 0
178 177 0
90 178 0
0 170 0
75 0 0
178 8 0
147 178 0
0 175 0
129 178 0
141 178 0
57 178 0
107 178 0
178 137 0
132 178 0
118 178 0
0 154 0
72 178 0
0 104 0
63 178 0
6 178 0
0 145 0
146 0 0
128 0 0
59 178 0
38 0 0
0 127 0
178 165 0
23 0 0
102 0 0
22 0 0
66 178 0
0 118 0
39 178 0
65 0 0
0 133 0
138 178 0
29 178 0
102 178 0
49 178 0
61 0 0
26 0 0
126 178 0
60 0 0
67 178 0
low, high, current -1 -1 8
Confirming Router Algorithm: TIMING_DRIVEN.
T_crit: 4.54985e-08.
T_crit: 4.4882e-08.
T_crit: 4.48807e-08.
T_crit: 4.50376e-08.
T_crit: 4.4933e-08.
T_crit: 4.47786e-08.
T_crit: 4.47786e-08.
T_crit: 4.47786e-08.
T_crit: 4.46739e-08.
T_crit: 4.46739e-08.
T_crit: 4.46752e-08.
T_crit: 4.46752e-08.
T_crit: 4.46752e-08.
T_crit: 4.47786e-08.
T_crit: 4.47786e-08.
T_crit: 4.47786e-08.
T_crit: 4.47786e-08.
T_crit: 4.4882e-08.
T_crit: 4.4882e-08.
T_crit: 4.4882e-08.
T_crit: 4.51909e-08.
T_crit: 4.57809e-08.
T_crit: 4.52955e-08.
T_crit: 4.70681e-08.
T_crit: 4.71665e-08.
T_crit: 4.77986e-08.
T_crit: 4.81311e-08.
T_crit: 4.82142e-08.
T_crit: 4.85888e-08.
T_crit: 4.88144e-08.
T_crit: 5.14284e-08.
T_crit: 4.96427e-08.
T_crit: 5.25255e-08.
T_crit: 5.42906e-08.
T_crit: 5.03832e-08.
T_crit: 4.97587e-08.
T_crit: 5.19052e-08.
T_crit: 5.23476e-08.
T_crit: 5.11082e-08.
T_crit: 5.05662e-08.
T_crit: 5.21521e-08.
T_crit: 5.02849e-08.
T_crit: 4.83088e-08.
T_crit: 4.96289e-08.
T_crit: 4.86946e-08.
T_crit: 4.95159e-08.
T_crit: 4.99628e-08.
T_crit: 4.84904e-08.
T_crit: 4.99403e-08.
T_crit: 5.03513e-08.
Routing failed.
low, high, current 8 -1 16
Confirming Router Algorithm: TIMING_DRIVEN.
T_crit: 4.54985e-08.
T_crit: 4.4882e-08.
T_crit: 4.4882e-08.
T_crit: 4.4882e-08.
T_crit: 4.4882e-08.
T_crit: 4.4882e-08.
T_crit: 4.47786e-08.
T_crit: 4.4882e-08.
T_crit: 4.4882e-08.
T_crit: 4.47773e-08.
T_crit: 4.50472e-08.
T_crit: 4.50472e-08.
T_crit: 4.50472e-08.
T_crit: 4.50472e-08.
T_crit: 4.50472e-08.
T_crit: 4.50472e-08.
T_crit: 4.50472e-08.
T_crit: 4.50472e-08.
T_crit: 4.50472e-08.
T_crit: 4.50472e-08.
T_crit: 4.50472e-08.
Successfully routed after 22 routing iterations.
Completed net delay value cross check successfully.
low, high, current 8 16 12
Confirming Router Algorithm: TIMING_DRIVEN.
T_crit: 4.52654e-08.
T_crit: 4.44421e-08.
T_crit: 4.45385e-08.
T_crit: 4.48391e-08.
T_crit: 4.47226e-08.
T_crit: 4.44434e-08.
T_crit: 4.44434e-08.
T_crit: 4.44434e-08.
T_crit: 4.44364e-08.
T_crit: 4.44434e-08.
T_crit: 4.44364e-08.
T_crit: 4.43387e-08.
T_crit: 4.43425e-08.
T_crit: 4.44389e-08.
T_crit: 4.44389e-08.
T_crit: 4.44497e-08.
T_crit: 4.44497e-08.
T_crit: 4.44497e-08.
T_crit: 4.44497e-08.
T_crit: 4.44497e-08.
T_crit: 4.44472e-08.
T_crit: 4.43438e-08.
T_crit: 4.44862e-08.
T_crit: 4.45909e-08.
T_crit: 4.45909e-08.
T_crit: 4.46943e-08.
T_crit: 4.45934e-08.
T_crit: 4.45934e-08.
T_crit: 4.449e-08.
T_crit: 4.449e-08.
T_crit: 4.45934e-08.
T_crit: 4.62545e-08.
T_crit: 4.4803e-08.
T_crit: 4.4803e-08.
T_crit: 4.50768e-08.
T_crit: 4.4803e-08.
T_crit: 4.4803e-08.
T_crit: 4.48042e-08.
T_crit: 4.89762e-08.
T_crit: 4.99236e-08.
T_crit: 4.57489e-08.
T_crit: 4.55305e-08.
T_crit: 4.52165e-08.
T_crit: 4.53262e-08.
T_crit: 4.53262e-08.
T_crit: 4.57274e-08.
T_crit: 4.74115e-08.
T_crit: 4.64621e-08.
T_crit: 4.55282e-08.
T_crit: 4.50125e-08.
Routing failed.
low, high, current 12 16 14
Confirming Router Algorithm: TIMING_DRIVEN.
T_crit: 4.54569e-08.
T_crit: 4.46324e-08.
T_crit: 4.43292e-08.
T_crit: 4.45277e-08.
T_crit: 4.45277e-08.
T_crit: 4.44268e-08.
T_crit: 4.43305e-08.
T_crit: 4.44899e-08.
T_crit: 4.44899e-08.
T_crit: 4.44899e-08.
T_crit: 4.44899e-08.
T_crit: 4.44899e-08.
T_crit: 4.44899e-08.
T_crit: 4.44899e-08.
T_crit: 4.44899e-08.
T_crit: 4.44899e-08.
T_crit: 4.44925e-08.
T_crit: 4.44899e-08.
T_crit: 4.44899e-08.
T_crit: 4.44925e-08.
T_crit: 4.45416e-08.
T_crit: 4.45416e-08.
T_crit: 4.45416e-08.
T_crit: 4.45416e-08.
T_crit: 4.45416e-08.
T_crit: 4.45416e-08.
T_crit: 4.45416e-08.
T_crit: 4.45416e-08.
T_crit: 4.45416e-08.
T_crit: 4.45416e-08.
T_crit: 4.45416e-08.
T_crit: 4.45416e-08.
T_crit: 4.45416e-08.
T_crit: 4.45416e-08.
T_crit: 4.45416e-08.
T_crit: 4.45416e-08.
T_crit: 4.45416e-08.
T_crit: 4.45416e-08.
T_crit: 4.45416e-08.
T_crit: 4.45416e-08.
T_crit: 4.45416e-08.
T_crit: 4.45416e-08.
T_crit: 4.45416e-08.
T_crit: 4.45416e-08.
T_crit: 4.45416e-08.
T_crit: 4.45416e-08.
T_crit: 4.45416e-08.
T_crit: 4.45416e-08.
T_crit: 4.45416e-08.
T_crit: 4.45416e-08.
Routing failed.

Checking to ensure routing is legal ...
Completed routing consistency check successfully.

Serial number (magic cookie) for the routing is: 1453155226
Best routing used a channel width factor of 16.


Average number of bends per net: 6.01998  Maximum # of bends: 218


The number of routed nets (nonglobal): 1251
Wirelength results (all in units of 1 clb segments):
	Total wirelength: 107008   Average net length: 85.5380
	Maximum net length: 872

Wirelength results in terms of physical segments:
	Total wiring segments used: 53746   Av. wire segments per net: 42.9624
	Maximum segments used by a net: 437


X - Directed channels:

j	max occ	av_occ		capacity
0	16	9.55932  	16
1	16	8.64407  	16
2	16	8.62147  	16
3	16	8.40678  	16
4	16	8.31073  	16
5	16	8.59322  	16
6	16	7.23729  	16
7	16	7.76836  	16
8	15	6.66667  	16
9	15	7.11864  	16
10	15	6.81356  	16
11	15	7.36158  	16
12	14	7.41243  	16
13	14	6.92655  	16
14	15	5.80791  	16
15	15	5.34463  	16
16	13	4.67797  	16
17	15	3.89831  	16
18	13	3.37853  	16
19	14	3.35593  	16
20	9	2.68927  	16
21	6	1.51412  	16
22	4	1.40678  	16
23	3	0.446328 	16
24	6	1.59887  	16
25	8	3.33333  	16
26	5	2.11299  	16
27	6	0.988701 	16
28	5	1.19774  	16
29	6	1.54802  	16
30	5	1.19774  	16
31	4	0.378531 	16
32	4	0.474576 	16
33	4	0.937853 	16
34	5	1.62147  	16
35	10	2.85311  	16
36	4	1.24294  	16
37	4	0.644068 	16
38	4	1.31073  	16
39	6	0.779661 	16
40	6	2.58757  	16
41	7	2.53672  	16
42	8	3.53672  	16
43	6	2.88136  	16
44	5	1.17514  	16
45	4	1.06780  	16
46	2	0.0903955	16
47	2	0.186441 	16
48	3	0.248588 	16
49	2	0.514124 	16
50	3	1.04520  	16
51	2	0.689266 	16
52	3	0.711864 	16
53	5	1.35593  	16
54	3	0.751412 	16
55	2	0.0677966	16
56	3	1.02825  	16
57	4	1.03955  	16
58	3	0.118644 	16
59	7	1.42373  	16
60	2	0.983051 	16
61	2	0.129944 	16
62	4	0.621469 	16
63	5	1.45198  	16
64	4	1.56497  	16
65	3	0.649718 	16
66	4	0.836158 	16
67	2	0.440678 	16
68	4	0.666667 	16
69	4	0.372881 	16
70	3	0.457627 	16
71	2	0.0282486	16
72	4	0.101695 	16
73	5	0.875706 	16
74	4	0.135593 	16
75	4	0.740113 	16
76	7	1.03955  	16
77	5	0.101695 	16
78	7	0.389830 	16
79	4	0.768362 	16
80	3	1.24294  	16
81	3	1.47458  	16
82	2	0.0960452	16
83	3	0.474576 	16
84	2	1.11299  	16
85	3	0.214689 	16
86	6	0.0903955	16
87	6	1.28249  	16
88	5	0.711864 	16
89	2	1.09040  	16
90	3	0.745763 	16
91	5	0.248588 	16
92	4	0.440678 	16
93	5	1.14124  	16
94	5	1.13559  	16
95	4	1.76271  	16
96	2	0.0451977	16
97	3	0.446328 	16
98	5	1.62147  	16
99	2	0.932203 	16
100	1	0.0790960	16
101	1	0.0112994	16
102	2	0.401130 	16
103	1	0.610169 	16
104	2	0.0847458	16
105	2	0.310734 	16
106	5	0.118644 	16
107	4	0.101695 	16
108	3	0.0960452	16
109	1	0.0282486	16
110	6	0.254237 	16
111	2	0.0564972	16
112	5	0.0960452	16
113	2	0.870057 	16
114	2	0.655367 	16
115	1	0.0282486	16
116	3	0.220339 	16
117	4	1.34463  	16
118	6	0.785311 	16
119	3	1.35593  	16
120	2	0.0847458	16
121	1	0.0338983	16
122	4	1.85876  	16
123	3	0.706215 	16
124	3	0.0960452	16
125	3	0.0338983	16
126	5	0.0903955	16
127	5	0.0790960	16
128	2	0.0169492	16
129	2	0.536723 	16
130	3	0.169492 	16
131	2	0.700565 	16
132	2	0.248588 	16
133	3	0.0960452	16
134	4	0.435028 	16
135	3	0.525424 	16
136	4	0.0734463	16
137	1	0.0338983	16
138	5	0.0847458	16
139	1	0.00564972	16
140	1	0.0112994	16
141	2	0.0508475	16
142	3	0.0564972	16
143	3	0.310734 	16
144	4	0.152542 	16
145	1	0.124294 	16
146	1	0.0112994	16
147	3	0.502825 	16
148	2	0.802260 	16
149	3	0.0225989	16
150	3	0.587571 	16
151	3	0.112994 	16
152	3	0.649718 	16
153	1	0.0112994	16
154	3	0.875706 	16
155	1	0.0225989	16
156	2	0.0451977	16
157	2	0.0564972	16
158	1	0.0225989	16
159	1	0.0282486	16
160	4	0.350282 	16
161	2	1.11864  	16
162	2	0.700565 	16
163	4	0.0508475	16
164	2	0.0338983	16
165	1	0.0112994	16
166	2	0.0903955	16
167	1	0.0960452	16
168	1	0.0225989	16
169	1	0.0395480	16
170	1	0.0677966	16
171	1	0.0112994	16
172	4	0.717514 	16
173	3	1.03955  	16
174	9	2.84746  	16
175	7	2.77401  	16
176	11	4.38418  	16
177	14	7.58757  	16

Y - Directed channels:

i	max occ	av_occ		capacity
0	14	9.62712  	16
1	15	7.89830  	16
2	13	6.97740  	16
3	13	8.09040  	16
4	9	5.03955  	16
5	7	2.61582  	16
6	8	4.33898  	16
7	6	1.42373  	16
8	7	3.10734  	16
9	3	1.36158  	16
10	6	2.31638  	16
11	4	1.09040  	16
12	5	1.45763  	16
13	4	1.37853  	16
14	5	1.22034  	16
15	7	3.59322  	16
16	5	1.19209  	16
17	8	2.03390  	16
18	3	0.242938 	16
19	4	0.265537 	16
20	6	0.327684 	16
21	3	1.29379  	16
22	7	1.24859  	16
23	6	2.48588  	16
24	5	0.841808 	16
25	7	0.853107 	16
26	8	2.41808  	16
27	7	1.94915  	16
28	10	2.21469  	16
29	8	0.497175 	16
30	11	2.17514  	16
31	8	0.909605 	16
32	10	1.84181  	16
33	12	3.00000  	16
34	12	2.90395  	16
35	13	3.20339  	16
36	12	2.24859  	16
37	13	3.02825  	16
38	12	3.28249  	16
39	14	2.18644  	16
40	11	3.81921  	16
41	15	2.39548  	16
42	12	3.81356  	16
43	14	3.02260  	16
44	13	3.89266  	16
45	15	4.22599  	16
46	14	4.58757  	16
47	15	5.05085  	16
48	13	3.38983  	16
49	14	3.35028  	16
50	15	3.89266  	16
51	14	2.33333  	16
52	15	5.48588  	16
53	14	5.04520  	16
54	13	4.61582  	16
55	15	3.90960  	16
56	13	4.24294  	16
57	14	4.73446  	16
58	14	3.75141  	16
59	14	4.34463  	16
60	15	3.94915  	16
61	12	3.64972  	16
62	13	4.61582  	16
63	12	2.54802  	16
64	12	2.48023  	16
65	10	3.15819  	16
66	12	4.74576  	16
67	10	2.78531  	16
68	10	2.00000  	16
69	11	4.91525  	16
70	11	2.94350  	16
71	8	3.08475  	16
72	6	1.40678  	16
73	5	1.82486  	16
74	7	3.37853  	16
75	7	0.474576 	16
76	6	2.20904  	16
77	4	1.40678  	16
78	3	0.180791 	16
79	3	0.101695 	16
80	4	0.169492 	16
81	3	1.84181  	16
82	5	1.25424  	16
83	7	0.598870 	16
84	4	1.08475  	16
85	4	2.01130  	16
86	4	0.751412 	16
87	4	0.576271 	16
88	3	0.242938 	16
89	5	0.497175 	16
90	4	0.915254 	16
91	4	1.06215  	16
92	3	2.02260  	16
93	4	1.39548  	16
94	3	0.367232 	16
95	4	2.01130  	16
96	5	1.40678  	16
97	3	0.248588 	16
98	2	0.0790960	16
99	4	1.14689  	16
100	2	1.00565  	16
101	4	1.11864  	16
102	2	0.0903955	16
103	3	0.915254 	16
104	5	0.135593 	16
105	3	1.01130  	16
106	6	1.11864  	16
107	4	0.361582 	16
108	4	0.932203 	16
109	4	0.327684 	16
110	4	0.480226 	16
111	3	1.31638  	16
112	3	1.81356  	16
113	2	1.06215  	16
114	4	0.717514 	16
115	6	1.81921  	16
116	4	0.655367 	16
117	4	1.58192  	16
118	5	2.04520  	16
119	5	1.27684  	16
120	3	0.288136 	16
121	5	3.44633  	16
122	5	0.401130 	16
123	6	0.875706 	16
124	2	0.0734463	16
125	3	1.09605  	16
126	3	0.146893 	16
127	7	1.68927  	16
128	3	1.83051  	16
129	4	1.07910  	16
130	3	1.39548  	16
131	4	0.994350 	16
132	3	1.05085  	16
133	2	0.615819 	16
134	4	1.45763  	16
135	5	1.06215  	16
136	4	1.47458  	16
137	3	0.943503 	16
138	3	0.870057 	16
139	4	0.700565 	16
140	3	1.07345  	16
141	2	0.672316 	16
142	2	0.0451977	16
143	1	0.0677966	16
144	1	0.0225989	16
145	3	0.474576 	16
146	3	0.824859 	16
147	3	0.135593 	16
148	2	0.248588 	16
149	2	0.0564972	16
150	3	1.20904  	16
151	1	0.0225989	16
152	2	0.158192 	16
153	3	0.0451977	16
154	3	1.21469  	16
155	2	0.271186 	16
156	2	0.192090 	16
157	2	0.774011 	16
158	2	0.0225989	16
159	2	0.389830 	16
160	3	0.0734463	16
161	3	0.395480 	16
162	2	0.0395480	16
163	3	1.57627  	16
164	3	0.293785 	16
165	4	0.644068 	16
166	3	0.836158 	16
167	6	1.60452  	16
168	4	0.587571 	16
169	7	2.88136  	16
170	4	1.15254  	16
171	8	3.20904  	16
172	6	2.41808  	16
173	8	3.71186  	16
174	8	3.57062  	16
175	11	5.90960  	16
176	14	6.57627  	16
177	14	8.53672  	16

Total Tracks in X-direction: 2848  in Y-direction: 2848

Logic Area (in minimum width transistor areas):
Total Logic Area: 9.3987e+08  Per 1x1 logic tile: 30000

Routing area (in minimum width transistor areas):
Total Routing Area: 6.60647e+07  Per logic tile: 2108.74

Segment usage by type (index):
Segment type       Fractional utilization
------------       ----------------------
       0                  0.106

Segment usage by length:
Segment length       Fractional utilization
--------------       ----------------------
        2                   0.106

Critical Path: 4.50472e-08 (s)

Time elapsed (PLACE&ROUTE): 5484139.895000 ms


Time elapsed (Fernando): 5484139.907000 ms

