
VPR FPGA Placement and Routing.
Version: Version 5.0.2
Compiled: Dec 11 2020.
Original VPR by V. Betz.
Timing-driven placement enhancements by A. Marquardt.
Single-drivers enhancements by Andy Ye with additions by.
Mark Fang, Jason Luu, Ted Campbell
Heterogeneous stucture support by Jason Luu and Ted Campbell.
This code is licensed only for non-commercial use.

Auto-sizing FPGA, try x = 82 y = 82
Auto-sizing FPGA, try x = 164 y = 164
Auto-sizing FPGA, try x = 328 y = 328
Auto-sizing FPGA, try x = 164 y = 164
Auto-sizing FPGA, try x = 246 y = 246
Auto-sizing FPGA, try x = 205 y = 205
Auto-sizing FPGA, try x = 184 y = 184
Auto-sizing FPGA, try x = 194 y = 194
Auto-sizing FPGA, try x = 199 y = 199
Auto-sizing FPGA, try x = 202 y = 202
Auto-sizing FPGA, try x = 203 y = 203
Auto-sizing FPGA, try x = 204 y = 204
Auto-sizing FPGA, try x = 204 y = 204
FPGA auto-sized to, x = 205 y = 205

Resource Usage:
Netlist      0	blocks of type <EMPTY>
Architecture 4	blocks of type <EMPTY>
Netlist      817	blocks of type .io
Architecture 820	blocks of type .io
Netlist      5859	blocks of type .clb
Architecture 42025	blocks of type .clb

Timing analysis: ON

Operation:  ROUTE_ONLY

PlacerOpts.place_freq:  PLACE_NEVER

RouterOpts.route_type:  DETAILED
RouterOpts.router_algorithm:  TIMING_DRIVEN
RouterOpts.base_cost_type:  DELAY_NORMALIZED
RouterOpts.fixed_channel_width:  NO_FIXED_CHANNEL_WIDTH
RouterOpts.acc_fac:  1.000000
RouterOpts.bb_factor:  3
RouterOpts.bend_cost:  0.000000
RouterOpts.first_iter_pres_fac:  0.500000
RouterOpts.initial_pres_fac:  0.500000
RouterOpts.pres_fac_mult:  1.300000
RouterOpts.max_router_iterations:  50
RouterOpts.astar_fac:  1.200000
RouterOpts.criticality_exp:  1.000000
RouterOpts.max_criticality:  0.990000

RoutingArch.directionality:  UNI_DIRECTIONAL
RoutingArch.switch_block_type:  WILTON
RoutingArch.Fs:  3

The circuit will be mapped into a 205 x 205 array of clbs.

Netlist num_nets:  5987
Netlist num_blocks:  6676
Netlist inputs pins:  128
Netlist output pins:  689

140 12 0
164 0 0
96 3 0
122 18 0
138 7 0
133 13 0
129 14 0
138 14 0
132 15 0
83 15 0
152 16 0
136 16 0
143 7 0
82 14 0
141 10 0
141 14 0
94 4 0
88 4 0
93 1 0
76 18 0
135 6 0
136 1 0
72 18 0
136 4 0
147 0 0
129 18 0
124 8 0
125 7 0
133 3 0
98 22 0
129 19 0
140 9 0
143 2 0
129 5 0
137 1 0
105 8 0
132 5 0
133 5 0
141 9 0
130 11 0
130 3 0
147 3 0
127 14 0
95 4 0
103 17 0
127 18 0
142 4 0
131 16 0
129 3 0
131 3 0
139 16 0
144 16 0
10 14 0
124 9 0
128 3 0
96 33 0
130 9 0
115 20 0
156 15 0
143 8 0
3 21 0
96 15 0
108 13 0
138 13 0
94 33 0
101 7 0
117 15 0
135 9 0
148 19 0
133 14 0
114 20 0
110 21 0
104 18 0
147 6 0
101 2 0
109 14 0
52 12 0
92 21 0
109 35 0
135 14 0
107 24 0
112 21 0
100 3 0
68 13 0
110 17 0
131 11 0
112 7 0
108 17 0
113 33 0
98 8 0
121 6 0
10 21 0
131 7 0
128 11 0
113 1 0
154 16 0
101 17 0
112 18 0
101 16 0
100 20 0
150 4 0
114 8 0
14 10 0
55 11 0
16 22 0
102 17 0
98 21 0
88 10 0
66 20 0
104 8 0
107 17 0
102 15 0
144 13 0
87 27 0
102 19 0
116 15 0
100 19 0
103 1 0
100 1 0
102 7 0
77 18 0
72 17 0
93 9 0
66 18 0
105 1 0
75 12 0
113 16 0
109 6 0
135 4 0
102 8 0
114 17 0
101 24 0
35 9 0
68 19 0
75 11 0
144 5 0
109 1 0
1 9 0
105 11 0
109 2 0
129 20 0
120 22 0
111 17 0
91 3 0
129 24 0
99 34 0
74 12 0
88 35 0
86 26 0
88 28 0
87 30 0
89 28 0
121 7 0
127 10 0
68 18 0
92 8 0
140 1 0
110 10 0
162 20 0
78 10 0
99 23 0
82 37 0
84 26 0
89 38 0
97 21 0
117 8 0
106 2 0
8 29 0
30 26 0
45 17 0
55 19 0
93 39 0
106 10 0
151 1 0
161 18 0
109 10 0
162 18 0
132 21 0
82 10 0
90 33 0
75 18 0
89 33 0
93 32 0
90 34 0
89 6 0
109 9 0
85 20 0
60 18 0
102 3 0
98 12 0
51 18 0
109 29 0
93 19 0
116 20 0
117 27 0
99 21 0
91 11 0
98 25 0
73 6 0
91 25 0
95 38 0
142 9 0
99 18 0
97 25 0
49 19 0
97 16 0
117 21 0
127 2 0
110 14 0
129 7 0
103 25 0
100 16 0
95 12 0
103 24 0
113 22 0
99 22 0
119 1 0
91 20 0
83 31 0
94 37 0
157 8 0
109 12 0
59 20 0
121 2 0
111 1 0
116 24 0
113 30 0
117 13 0
75 1 0
114 9 0
118 33 0
83 7 0
95 36 0
69 21 0
5 17 0
70 1 0
87 1 0
108 26 0
108 30 0
107 29 0
114 35 0
116 14 0
112 0 0
116 7 0
83 1 0
83 36 0
118 13 0
119 11 0
125 2 0
118 6 0
69 25 0
98 24 0
139 11 0
138 8 0
73 23 0
94 9 0
93 8 0
108 1 0
81 8 0
114 5 0
59 39 0
4 25 0
33 19 0
45 41 0
76 1 0
62 18 0
94 38 0
72 37 0
113 9 0
91 36 0
128 12 0
116 13 0
105 2 0
58 15 0
123 12 0
116 9 0
120 13 0
92 24 0
133 1 0
94 3 0
116 18 0
116 33 0
55 38 0
47 18 0
47 40 0
71 42 0
134 13 0
131 12 0
117 16 0
100 8 0
115 13 0
148 1 0
92 4 0
111 9 0
136 2 0
82 24 0
128 13 0
143 15 0
149 14 0
69 7 0
124 3 0
148 4 0
127 5 0
19 9 0
14 2 0
59 19 0
63 36 0
73 5 0
129 13 0
146 16 0
131 18 0
130 22 0
130 23 0
100 12 0
124 20 0
120 21 0
126 9 0
100 5 0
142 2 0
140 2 0
122 7 0
124 12 0
144 2 0
51 11 0
130 8 0
135 23 0
143 24 0
51 13 0
133 6 0
120 11 0
96 23 0
128 15 0
73 27 0
56 17 0
1 29 0
2 50 0
91 19 0
125 21 0
113 7 0
120 26 0
130 21 0
107 13 0
129 1 0
147 13 0
133 22 0
106 20 0
139 2 0
131 5 0
153 12 0
145 12 0
132 20 0
42 12 0
135 24 0
143 26 0
177 16 0
101 4 0
117 6 0
100 6 0
98 33 0
88 37 0
80 10 0
1 26 0
56 19 0
89 4 0
128 6 0
143 17 0
156 5 0
151 10 0
123 8 0
82 7 0
151 8 0
128 7 0
99 1 0
62 7 0
150 18 0
146 18 0
121 26 0
116 26 0
98 6 0
11 6 0
134 18 0
109 3 0
123 3 0
101 5 0
101 15 0
112 14 0
1 22 0
1 21 0
132 2 0
105 15 0
49 39 0
126 5 0
140 10 0
152 6 0
153 9 0
150 13 0
108 9 0
143 11 0
140 15 0
157 15 0
122 8 0
111 3 0
93 24 0
73 26 0
119 26 0
117 25 0
78 27 0
1 33 0
133 10 0
133 9 0
89 12 0
103 11 0
105 26 0
61 22 0
107 4 0
92 6 0
148 12 0
114 16 0
153 19 0
161 9 0
156 16 0
146 23 0
107 10 0
154 18 0
145 1 0
144 1 0
146 8 0
114 21 0
82 11 0
149 3 0
134 15 0
144 9 0
134 26 0
148 21 0
121 25 0
67 14 0
160 15 0
89 23 0
113 5 0
105 7 0
101 34 0
114 10 0
54 29 0
69 20 0
53 43 0
114 6 0
143 4 0
171 8 0
160 7 0
143 19 0
148 6 0
139 1 0
124 7 0
155 13 0
157 4 0
119 24 0
139 23 0
127 21 0
151 19 0
149 22 0
152 19 0
84 15 0
116 23 0
121 5 0
74 25 0
127 7 0
35 18 0
102 4 0
1 40 0
1 42 0
128 9 0
97 3 0
140 16 0
146 4 0
138 5 0
146 5 0
153 1 0
116 1 0
124 1 0
78 7 0
150 22 0
138 25 0
118 24 0
67 15 0
140 20 0
130 7 0
145 17 0
135 26 0
144 15 0
148 16 0
149 16 0
127 20 0
84 16 0
90 10 0
95 23 0
136 8 0
97 35 0
1 36 0
3 39 0
91 26 0
4 35 0
117 4 0
154 6 0
123 24 0
151 11 0
109 7 0
94 22 0
145 24 0
95 6 0
135 18 0
136 22 0
147 24 0
85 1 0
132 23 0
75 10 0
136 7 0
130 20 0
136 23 0
136 24 0
92 2 0
180 16 0
76 22 0
113 8 0
102 13 0
92 44 0
94 28 0
56 42 0
1 43 0
22 25 0
57 27 0
64 32 0
146 12 0
142 17 0
105 13 0
155 9 0
151 5 0
123 11 0
143 21 0
97 24 0
141 21 0
19 22 0
141 24 0
144 24 0
121 24 0
96 28 0
94 27 0
95 3 0
132 25 0
106 19 0
82 2 0
13 26 0
100 23 0
106 7 0
103 20 0
97 19 0
108 2 0
10 19 0
2 39 0
2 42 0
59 27 0
112 37 0
58 36 0
108 5 0
146 30 0
122 17 0
142 15 0
149 34 0
103 15 0
155 16 0
150 16 0
152 22 0
145 22 0
106 23 0
151 33 0
11 24 0
102 24 0
119 25 0
94 39 0
123 25 0
98 23 0
126 4 0
127 26 0
77 29 0
100 11 0
111 34 0
132 24 0
134 30 0
135 25 0
73 31 0
86 3 0
95 5 0
24 12 0
93 30 0
99 12 0
80 44 0
88 9 0
118 22 0
6 41 0
32 16 0
2 19 0
56 24 0
64 21 0
7 37 0
117 17 0
0 50 0
31 7 0
66 38 0
0 7 0
79 3 0
41 17 0
50 12 0
3 18 0
42 26 0
38 29 0
48 35 0
140 11 0
30 41 0
27 40 0
75 2 0
103 7 0
40 7 0
15 38 0
75 26 0
44 26 0
13 11 0
37 26 0
146 13 0
10 17 0
65 6 0
120 36 0
72 12 0
36 40 0
104 33 0
108 31 0
126 24 0
23 7 0
91 22 0
0 11 0
154 5 0
20 34 0
9 44 0
63 23 0
60 14 0
34 35 0
34 20 0
100 15 0
112 24 0
77 26 0
37 21 0
81 37 0
88 24 0
96 18 0
88 21 0
111 24 0
154 22 0
81 2 0
141 7 0
94 16 0
68 2 0
47 16 0
44 20 0
38 21 0
84 32 0
74 27 0
31 1 0
5 16 0
34 39 0
61 21 0
83 28 0
16 44 0
94 44 0
89 39 0
47 23 0
11 35 0
1 41 0
112 9 0
88 18 0
25 34 0
49 3 0
117 22 0
84 17 0
49 33 0
56 36 0
85 44 0
58 30 0
126 23 0
62 0 0
206 103 0
78 17 0
164 10 0
83 16 0
59 34 0
62 21 0
56 11 0
112 10 0
59 12 0
124 6 0
20 42 0
71 2 0
63 5 0
17 35 0
70 10 0
149 2 0
55 20 0
35 2 0
60 31 0
50 2 0
36 23 0
48 40 0
29 30 0
48 38 0
133 11 0
133 15 0
75 27 0
198 12 0
31 39 0
6 42 0
61 31 0
126 21 0
202 8 0
9 11 0
87 23 0
69 31 0
60 27 0
71 29 0
10 36 0
105 9 0
43 6 0
145 10 0
45 20 0
28 23 0
104 9 0
72 26 0
134 23 0
66 7 0
70 12 0
61 24 0
46 13 0
10 2 0
56 20 0
18 1 0
85 15 0
145 4 0
36 8 0
41 36 0
100 13 0
9 34 0
125 20 0
56 32 0
161 21 0
76 24 0
122 21 0
128 26 0
6 6 0
98 7 0
167 10 0
106 32 0
96 1 0
127 0 0
64 35 0
1 1 0
130 1 0
73 22 0
60 30 0
14 46 0
7 19 0
141 6 0
102 11 0
25 28 0
131 0 0
204 12 0
5 25 0
65 26 0
126 8 0
63 22 0
24 23 0
52 29 0
52 10 0
74 23 0
36 22 0
31 27 0
19 42 0
97 9 0
10 7 0
85 7 0
18 33 0
100 18 0
71 24 0
21 44 0
19 28 0
92 33 0
19 18 0
53 36 0
109 25 0
40 41 0
33 40 0
122 11 0
57 35 0
102 9 0
15 28 0
2 20 0
53 30 0
63 29 0
19 2 0
158 12 0
103 33 0
125 27 0
106 9 0
129 12 0
122 26 0
65 12 0
104 17 0
37 39 0
29 18 0
177 13 0
75 9 0
153 11 0
96 8 0
50 6 0
81 35 0
58 32 0
149 7 0
85 6 0
99 0 0
58 27 0
24 41 0
118 29 0
67 5 0
32 21 0
69 29 0
44 16 0
58 7 0
19 37 0
55 4 0
73 35 0
171 206 0
69 30 0
166 13 0
62 36 0
34 30 0
162 14 0
56 7 0
47 31 0
29 32 0
12 30 0
25 44 0
14 25 0
0 19 0
15 1 0
103 21 0
13 30 0
52 36 0
12 10 0
10 33 0
34 15 0
11 26 0
24 29 0
40 13 0
13 39 0
44 3 0
49 20 0
14 31 0
57 30 0
17 30 0
113 13 0
84 19 0
40 28 0
30 38 0
72 14 0
62 22 0
18 5 0
74 6 0
92 12 0
135 5 0
34 18 0
4 37 0
12 46 0
119 2 0
79 21 0
29 10 0
73 2 0
77 7 0
34 23 0
96 19 0
206 14 0
57 25 0
54 17 0
4 32 0
73 30 0
105 14 0
69 2 0
34 31 0
5 42 0
90 23 0
96 9 0
27 29 0
1 2 0
117 19 0
2 22 0
59 30 0
126 19 0
70 7 0
23 28 0
41 27 0
13 25 0
35 32 0
61 0 0
21 46 0
114 19 0
14 17 0
11 27 0
39 36 0
12 29 0
17 9 0
74 13 0
63 26 0
82 21 0
109 26 0
59 41 0
45 27 0
75 19 0
46 31 0
112 16 0
167 7 0
16 38 0
37 10 0
40 19 0
70 29 0
16 17 0
4 15 0
94 10 0
66 13 0
88 19 0
60 16 0
75 5 0
85 10 0
167 20 0
62 37 0
55 21 0
60 1 0
78 24 0
6 33 0
147 2 0
72 9 0
149 5 0
96 0 0
143 18 0
68 31 0
41 25 0
82 28 0
23 27 0
52 8 0
157 7 0
41 45 0
21 30 0
30 36 0
23 29 0
80 13 0
21 31 0
109 21 0
9 2 0
70 9 0
46 28 0
16 29 0
3 20 0
16 26 0
79 0 0
10 5 0
87 22 0
86 21 0
67 29 0
88 12 0
56 8 0
54 13 0
51 15 0
151 32 0
58 37 0
80 5 0
54 42 0
66 29 0
68 17 0
22 34 0
137 7 0
105 25 0
54 23 0
53 13 0
106 27 0
120 27 0
137 8 0
84 10 0
16 3 0
7 4 0
64 24 0
41 13 0
54 0 0
157 20 0
95 24 0
119 22 0
78 21 0
114 1 0
34 29 0
39 32 0
206 176 0
14 37 0
11 40 0
13 4 0
81 38 0
118 2 0
11 38 0
13 6 0
41 9 0
96 24 0
78 34 0
51 25 0
53 6 0
7 35 0
123 10 0
112 30 0
153 6 0
72 11 0
65 23 0
192 10 0
102 22 0
32 2 0
66 27 0
128 10 0
55 5 0
20 0 0
45 34 0
57 22 0
2 2 0
120 25 0
42 14 0
5 20 0
21 15 0
132 4 0
100 25 0
13 17 0
50 40 0
132 22 0
89 30 0
5 14 0
32 19 0
31 38 0
28 32 0
73 3 0
78 13 0
92 20 0
35 29 0
45 30 0
16 31 0
137 3 0
8 25 0
65 13 0
14 28 0
60 4 0
90 11 0
109 33 0
142 6 0
78 8 0
43 28 0
4 26 0
65 37 0
37 6 0
67 35 0
141 19 0
155 11 0
134 14 0
128 8 0
127 36 0
59 31 0
100 30 0
79 25 0
97 30 0
76 7 0
173 9 0
83 9 0
77 0 0
97 22 0
13 12 0
0 34 0
88 30 0
54 20 0
64 17 0
65 11 0
3 40 0
77 17 0
15 39 0
21 28 0
113 17 0
52 15 0
96 17 0
73 20 0
53 38 0
7 21 0
6 39 0
6 7 0
39 20 0
92 37 0
66 34 0
124 24 0
13 46 0
86 28 0
49 30 0
43 22 0
156 0 0
10 4 0
133 8 0
145 6 0
15 4 0
2 46 0
10 15 0
82 20 0
119 23 0
56 21 0
55 7 0
87 26 0
68 29 0
25 17 0
12 43 0
99 5 0
78 35 0
59 40 0
116 31 0
104 0 0
44 22 0
0 36 0
39 26 0
63 30 0
20 15 0
36 34 0
0 15 0
75 16 0
90 27 0
37 35 0
42 13 0
35 34 0
68 6 0
40 36 0
26 36 0
110 31 0
81 28 0
12 13 0
95 32 0
57 28 0
116 17 0
104 22 0
8 26 0
14 6 0
17 8 0
117 23 0
50 29 0
79 34 0
68 30 0
28 14 0
35 7 0
49 31 0
69 10 0
80 36 0
40 12 0
118 4 0
42 10 0
116 11 0
123 20 0
147 9 0
150 8 0
115 25 0
94 19 0
110 4 0
148 9 0
36 41 0
136 9 0
5 11 0
74 0 0
83 12 0
57 21 0
127 25 0
79 15 0
143 12 0
47 17 0
21 43 0
15 43 0
191 11 0
123 13 0
80 27 0
14 21 0
55 28 0
14 22 0
44 5 0
206 21 0
34 7 0
52 25 0
121 10 0
53 25 0
147 10 0
50 26 0
121 9 0
4 33 0
36 27 0
37 28 0
6 13 0
46 26 0
39 4 0
33 17 0
74 28 0
37 25 0
12 4 0
149 9 0
34 25 0
24 6 0
58 12 0
11 13 0
30 34 0
29 21 0
26 35 0
65 30 0
13 8 0
181 14 0
100 14 0
16 21 0
58 9 0
126 30 0
31 22 0
15 12 0
0 13 0
131 23 0
48 7 0
83 20 0
44 36 0
89 3 0
112 27 0
24 33 0
76 2 0
14 15 0
40 10 0
86 25 0
105 3 0
27 26 0
27 4 0
71 19 0
19 29 0
60 25 0
24 1 0
203 10 0
110 8 0
40 45 0
138 9 0
57 15 0
93 27 0
39 13 0
68 33 0
41 14 0
4 7 0
64 27 0
35 25 0
54 25 0
133 0 0
40 24 0
127 27 0
2 16 0
29 23 0
27 16 0
115 31 0
122 20 0
73 28 0
79 7 0
27 22 0
10 13 0
15 22 0
80 0 0
100 21 0
31 33 0
76 13 0
68 8 0
84 37 0
34 22 0
159 18 0
16 42 0
120 12 0
15 34 0
107 21 0
12 18 0
106 6 0
19 24 0
42 38 0
48 31 0
9 19 0
14 33 0
49 38 0
19 6 0
13 9 0
50 20 0
117 26 0
12 19 0
38 36 0
69 12 0
51 20 0
1 44 0
42 25 0
18 8 0
158 1 0
148 24 0
40 9 0
94 5 0
1 13 0
39 35 0
169 9 0
41 8 0
23 30 0
153 4 0
200 13 0
58 26 0
82 0 0
3 13 0
2 34 0
57 8 0
13 29 0
81 16 0
56 3 0
87 15 0
79 6 0
53 28 0
2 29 0
32 29 0
92 28 0
43 2 0
56 37 0
5 28 0
30 12 0
68 28 0
29 16 0
87 33 0
0 57 0
43 38 0
66 14 0
83 0 0
45 3 0
47 30 0
2 33 0
7 11 0
56 38 0
26 21 0
38 45 0
26 38 0
126 20 0
10 1 0
117 14 0
29 24 0
165 14 0
65 21 0
141 1 0
86 34 0
80 33 0
30 18 0
14 44 0
57 10 0
119 15 0
72 23 0
139 24 0
11 29 0
24 21 0
96 13 0
169 12 0
27 35 0
95 28 0
35 37 0
82 34 0
14 20 0
40 38 0
70 13 0
27 11 0
119 17 0
102 27 0
3 11 0
156 11 0
30 33 0
70 18 0
74 34 0
30 9 0
127 9 0
55 25 0
61 33 0
40 34 0
132 6 0
46 33 0
130 16 0
66 8 0
50 33 0
104 15 0
162 11 0
22 30 0
138 22 0
8 40 0
150 1 0
29 14 0
155 12 0
53 40 0
70 5 0
25 27 0
107 30 0
18 32 0
9 45 0
73 16 0
31 6 0
104 34 0
59 7 0
52 33 0
52 0 0
174 11 0
113 24 0
55 2 0
45 11 0
53 20 0
28 9 0
49 5 0
67 18 0
5 33 0
118 14 0
54 21 0
4 45 0
92 22 0
154 9 0
24 42 0
5 12 0
71 11 0
68 15 0
63 3 0
83 17 0
26 17 0
97 17 0
26 23 0
106 11 0
27 23 0
65 31 0
41 39 0
43 27 0
139 26 0
17 4 0
4 21 0
132 19 0
21 10 0
17 36 0
78 15 0
23 3 0
23 35 0
36 32 0
69 5 0
136 12 0
23 37 0
19 36 0
12 28 0
45 38 0
58 20 0
42 39 0
53 35 0
46 29 0
169 7 0
92 16 0
110 20 0
127 15 0
60 33 0
153 16 0
15 44 0
17 7 0
10 25 0
76 30 0
90 8 0
28 15 0
61 14 0
74 18 0
56 31 0
2 43 0
170 10 0
17 40 0
47 26 0
115 26 0
43 20 0
36 45 0
30 25 0
74 15 0
52 34 0
152 12 0
20 39 0
51 14 0
36 30 0
48 15 0
37 38 0
15 26 0
35 24 0
55 33 0
5 45 0
4 31 0
36 25 0
14 41 0
24 28 0
50 34 0
80 8 0
146 17 0
99 16 0
15 20 0
23 15 0
28 33 0
41 20 0
32 17 0
50 10 0
191 14 0
23 38 0
36 29 0
118 30 0
13 38 0
73 24 0
41 16 0
97 13 0
9 25 0
18 31 0
99 10 0
140 7 0
38 28 0
39 28 0
120 9 0
4 4 0
25 47 0
20 36 0
25 41 0
3 19 0
135 13 0
151 9 0
103 28 0
20 38 0
43 41 0
26 19 0
43 10 0
95 21 0
113 31 0
28 38 0
53 34 0
81 32 0
153 22 0
79 31 0
136 0 0
34 6 0
8 41 0
163 6 0
20 24 0
105 17 0
84 20 0
136 14 0
204 7 0
66 16 0
59 32 0
49 2 0
45 35 0
172 206 0
112 33 0
141 20 0
47 45 0
163 14 0
72 32 0
77 27 0
101 0 0
104 1 0
76 35 0
206 114 0
1 31 0
162 17 0
162 8 0
54 14 0
22 9 0
2 12 0
74 29 0
65 36 0
55 15 0
32 9 0
76 9 0
42 42 0
73 29 0
28 42 0
116 16 0
107 27 0
144 7 0
11 9 0
58 5 0
125 6 0
11 33 0
82 25 0
117 11 0
54 30 0
131 10 0
134 11 0
83 13 0
22 11 0
118 10 0
28 39 0
6 2 0
37 42 0
31 12 0
104 27 0
28 40 0
18 13 0
22 39 0
125 3 0
102 21 0
90 21 0
38 39 0
125 0 0
117 0 0
19 39 0
178 12 0
50 36 0
93 16 0
35 16 0
17 39 0
25 36 0
87 17 0
23 42 0
87 20 0
11 25 0
21 40 0
37 40 0
78 5 0
66 23 0
19 23 0
30 31 0
44 39 0
8 21 0
96 26 0
33 11 0
45 37 0
24 31 0
62 35 0
110 2 0
22 22 0
154 12 0
49 12 0
15 24 0
87 10 0
48 12 0
68 9 0
80 25 0
2 44 0
21 27 0
26 29 0
76 33 0
25 25 0
63 4 0
112 5 0
14 18 0
149 23 0
54 27 0
54 11 0
8 39 0
85 18 0
30 40 0
22 42 0
46 42 0
146 15 0
37 11 0
80 7 0
118 9 0
125 25 0
38 40 0
167 8 0
33 39 0
113 18 0
18 46 0
15 25 0
87 14 0
9 23 0
44 35 0
33 2 0
79 18 0
10 8 0
62 5 0
10 30 0
15 30 0
163 7 0
33 6 0
13 32 0
127 8 0
173 29 0
130 17 0
34 28 0
9 30 0
63 8 0
11 16 0
5 26 0
1 4 0
53 37 0
189 14 0
28 36 0
4 3 0
5 0 0
22 31 0
105 27 0
28 20 0
69 18 0
162 15 0
40 17 0
152 1 0
14 26 0
61 8 0
64 28 0
77 19 0
35 36 0
134 6 0
21 11 0
63 14 0
6 40 0
76 0 0
147 25 0
97 1 0
52 37 0
29 2 0
47 29 0
8 22 0
8 33 0
64 40 0
69 35 0
116 21 0
121 8 0
13 43 0
1 3 0
135 21 0
201 11 0
157 13 0
16 15 0
114 11 0
12 3 0
27 10 0
20 27 0
75 33 0
71 30 0
21 21 0
41 11 0
36 36 0
84 36 0
161 13 0
92 25 0
109 30 0
31 13 0
64 16 0
43 11 0
40 14 0
115 7 0
112 26 0
90 0 0
19 38 0
37 8 0
32 25 0
61 5 0
2 40 0
148 13 0
22 8 0
39 8 0
144 6 0
105 19 0
81 29 0
50 19 0
5 1 0
25 39 0
117 12 0
9 22 0
6 31 0
57 14 0
74 20 0
18 37 0
106 28 0
68 7 0
5 3 0
97 26 0
77 23 0
54 4 0
8 4 0
84 28 0
25 33 0
19 45 0
1 12 0
108 6 0
27 38 0
87 6 0
24 27 0
41 37 0
41 18 0
2 5 0
61 39 0
4 9 0
20 12 0
60 43 0
189 9 0
76 8 0
18 4 0
122 9 0
30 13 0
124 13 0
62 31 0
31 11 0
0 58 0
29 7 0
27 30 0
0 41 0
116 5 0
27 18 0
63 20 0
88 15 0
3 44 0
132 1 0
47 6 0
26 31 0
12 31 0
143 10 0
204 10 0
35 10 0
65 7 0
3 37 0
9 33 0
52 5 0
43 13 0
56 35 0
10 42 0
144 23 0
151 14 0
124 26 0
8 8 0
25 2 0
28 5 0
55 10 0
46 24 0
53 11 0
33 30 0
42 43 0
25 42 0
165 2 0
163 10 0
100 17 0
66 25 0
29 39 0
8 23 0
110 0 0
64 23 0
66 44 0
26 6 0
44 30 0
103 9 0
4 2 0
71 8 0
10 9 0
51 32 0
36 38 0
36 11 0
86 11 0
73 25 0
54 32 0
11 7 0
77 33 0
82 27 0
120 2 0
68 32 0
16 13 0
20 3 0
104 28 0
99 33 0
62 25 0
19 19 0
28 2 0
33 36 0
73 37 0
4 16 0
36 1 0
136 25 0
46 11 0
94 11 0
22 38 0
14 43 0
15 3 0
28 8 0
0 21 0
14 7 0
16 1 0
18 17 0
142 8 0
23 43 0
11 41 0
24 40 0
129 0 0
0 42 0
0 56 0
72 5 0
156 20 0
56 2 0
8 14 0
15 7 0
115 19 0
21 23 0
6 1 0
132 17 0
115 5 0
11 4 0
52 13 0
77 8 0
78 28 0
5 31 0
91 0 0
65 32 0
86 15 0
85 2 0
8 2 0
37 24 0
125 19 0
103 4 0
13 14 0
4 29 0
69 23 0
24 7 0
28 18 0
58 8 0
88 13 0
27 7 0
125 33 0
198 14 0
66 15 0
138 12 0
157 11 0
56 15 0
112 8 0
16 43 0
174 9 0
9 4 0
30 6 0
89 19 0
78 33 0
143 3 0
132 14 0
74 14 0
65 10 0
163 8 0
78 2 0
160 30 0
180 11 0
32 20 0
98 27 0
89 15 0
83 8 0
82 12 0
30 22 0
72 15 0
113 27 0
53 5 0
152 11 0
38 37 0
41 31 0
71 1 0
37 41 0
19 46 0
78 22 0
7 23 0
32 23 0
95 2 0
90 31 0
162 22 0
114 33 0
84 6 0
6 23 0
79 9 0
70 34 0
163 15 0
6 10 0
72 20 0
166 10 0
125 9 0
69 24 0
12 27 0
7 1 0
31 8 0
41 40 0
65 19 0
53 31 0
167 18 0
150 15 0
54 18 0
49 36 0
90 18 0
101 14 0
25 5 0
16 23 0
148 11 0
61 29 0
68 1 0
29 35 0
13 1 0
81 20 0
9 29 0
38 1 0
137 17 0
14 38 0
55 39 0
89 5 0
8 19 0
89 1 0
102 1 0
2 37 0
88 6 0
51 31 0
83 30 0
93 40 0
114 7 0
10 23 0
49 9 0
203 15 0
57 1 0
64 8 0
6 4 0
111 206 0
116 6 0
43 29 0
155 17 0
128 14 0
37 45 0
168 23 0
86 22 0
38 5 0
109 4 0
63 13 0
24 38 0
148 7 0
126 22 0
2 3 0
79 4 0
64 14 0
11 46 0
150 11 0
9 1 0
14 14 0
170 11 0
56 27 0
100 27 0
48 28 0
151 23 0
25 8 0
161 12 0
83 23 0
26 4 0
102 12 0
36 16 0
24 5 0
31 36 0
93 10 0
17 24 0
60 24 0
24 46 0
35 20 0
49 15 0
86 13 0
67 4 0
31 9 0
200 9 0
62 34 0
81 23 0
5 38 0
71 18 0
75 23 0
36 39 0
12 42 0
146 9 0
17 3 0
50 16 0
13 24 0
107 1 0
123 18 0
41 10 0
99 17 0
84 14 0
77 36 0
106 33 0
13 44 0
41 1 0
179 11 0
106 12 0
117 1 0
34 9 0
168 10 0
37 9 0
33 41 0
154 10 0
137 26 0
0 53 0
65 28 0
39 29 0
12 14 0
103 19 0
132 13 0
17 22 0
196 13 0
4 19 0
44 33 0
128 1 0
78 37 0
91 38 0
64 3 0
23 44 0
50 23 0
42 5 0
47 5 0
0 14 0
122 23 0
65 2 0
27 6 0
21 4 0
78 9 0
145 9 0
61 40 0
86 18 0
16 10 0
26 28 0
124 23 0
18 11 0
35 45 0
1 0 0
43 5 0
187 8 0
156 12 0
62 8 0
23 16 0
42 6 0
51 35 0
3 42 0
80 19 0
12 21 0
36 6 0
43 12 0
40 21 0
25 14 0
118 25 0
3 4 0
128 31 0
47 8 0
29 20 0
94 34 0
21 0 0
92 3 0
20 1 0
0 17 0
48 25 0
72 24 0
119 0 0
25 20 0
17 32 0
161 14 0
24 36 0
134 21 0
52 16 0
42 18 0
51 33 0
3 47 0
12 33 0
38 20 0
16 41 0
199 13 0
107 35 0
54 33 0
68 26 0
27 32 0
78 30 0
24 43 0
150 19 0
98 2 0
6 3 0
41 43 0
137 9 0
13 40 0
73 12 0
109 16 0
51 28 0
59 8 0
51 1 0
33 22 0
74 17 0
94 26 0
105 32 0
64 29 0
120 24 0
119 16 0
27 1 0
107 0 0
85 3 0
201 15 0
189 13 0
162 4 0
0 48 0
60 34 0
8 42 0
83 25 0
82 26 0
70 26 0
25 1 0
84 38 0
21 2 0
58 21 0
24 18 0
49 35 0
120 6 0
51 7 0
74 22 0
165 12 0
13 35 0
63 1 0
70 27 0
49 1 0
74 36 0
0 46 0
71 37 0
50 25 0
16 34 0
95 31 0
63 17 0
45 36 0
40 23 0
50 42 0
26 10 0
27 34 0
151 20 0
7 9 0
54 9 0
54 3 0
206 9 0
49 23 0
28 1 0
29 31 0
2 35 0
83 29 0
110 13 0
33 31 0
123 15 0
23 41 0
46 4 0
149 11 0
43 8 0
155 4 0
23 8 0
51 19 0
19 12 0
10 26 0
107 28 0
5 23 0
59 38 0
96 31 0
7 26 0
202 11 0
32 37 0
99 27 0
58 10 0
89 32 0
161 25 0
166 12 0
0 30 0
135 0 0
110 12 0
68 20 0
13 27 0
20 14 0
95 17 0
64 44 0
66 30 0
0 52 0
60 9 0
139 8 0
91 4 0
38 23 0
36 19 0
72 3 0
22 10 0
84 35 0
108 8 0
0 161 0
11 32 0
33 5 0
12 11 0
9 9 0
0 23 0
48 4 0
0 60 0
14 8 0
39 21 0
89 22 0
44 9 0
6 18 0
92 5 0
57 5 0
1 50 0
44 7 0
44 24 0
73 36 0
117 31 0
65 16 0
37 7 0
0 80 0
72 21 0
3 22 0
156 13 0
58 22 0
76 21 0
95 9 0
107 25 0
1 38 0
49 37 0
74 3 0
45 32 0
52 19 0
44 1 0
139 6 0
135 10 0
57 29 0
59 36 0
37 12 0
121 19 0
107 26 0
84 31 0
80 31 0
5 4 0
98 0 0
114 31 0
113 34 0
5 32 0
46 39 0
4 13 0
45 22 0
155 10 0
25 23 0
88 2 0
77 5 0
113 14 0
36 37 0
29 26 0
35 33 0
81 17 0
65 17 0
35 30 0
145 3 0
25 11 0
57 18 0
145 33 0
33 14 0
51 21 0
41 30 0
153 8 0
2 27 0
24 3 0
1 7 0
10 71 0
24 39 0
71 16 0
55 31 0
75 3 0
78 16 0
141 17 0
81 25 0
18 25 0
97 10 0
16 8 0
80 14 0
22 43 0
31 26 0
42 17 0
34 12 0
21 22 0
94 21 0
85 27 0
59 22 0
38 30 0
40 32 0
42 21 0
151 7 0
106 30 0
60 17 0
155 8 0
53 2 0
43 37 0
92 19 0
2 26 0
23 12 0
71 23 0
77 14 0
64 20 0
94 14 0
42 16 0
118 11 0
67 17 0
17 34 0
47 12 0
67 23 0
85 29 0
36 2 0
78 12 0
14 40 0
74 26 0
22 3 0
21 42 0
38 27 0
30 45 0
28 21 0
56 0 0
21 37 0
4 39 0
74 5 0
29 22 0
25 29 0
129 10 0
6 8 0
23 13 0
31 37 0
82 3 0
96 11 0
115 9 0
40 1 0
81 3 0
41 26 0
34 32 0
7 24 0
70 20 0
57 7 0
175 7 0
162 10 0
31 43 0
7 7 0
2 47 0
0 29 0
164 13 0
16 37 0
79 29 0
137 22 0
63 33 0
38 38 0
78 29 0
102 2 0
168 13 0
77 1 0
137 19 0
206 162 0
70 8 0
18 2 0
113 11 0
111 18 0
64 10 0
135 27 0
52 4 0
129 11 0
102 23 0
111 6 0
4 8 0
136 15 0
88 31 0
1 28 0
21 29 0
33 15 0
66 22 0
35 6 0
27 9 0
130 24 0
58 2 0
121 3 0
180 14 0
183 0 0
76 34 0
26 40 0
47 37 0
153 27 0
22 24 0
29 37 0
67 27 0
180 23 0
84 12 0
124 19 0
76 26 0
9 15 0
76 27 0
34 1 0
168 12 0
11 23 0
115 30 0
44 37 0
58 4 0
3 46 0
63 9 0
47 10 0
25 24 0
39 2 0
112 6 0
14 23 0
122 13 0
34 27 0
156 1 0
134 7 0
29 8 0
65 5 0
17 19 0
25 4 0
14 1 0
34 3 0
54 24 0
35 14 0
66 9 0
26 33 0
27 8 0
85 37 0
113 25 0
71 0 0
52 30 0
125 17 0
151 12 0
10 24 0
37 16 0
95 8 0
93 29 0
41 23 0
9 12 0
8 16 0
59 3 0
156 22 0
70 2 0
69 17 0
140 19 0
48 33 0
48 2 0
58 43 0
126 26 0
72 27 0
60 20 0
139 17 0
133 12 0
149 1 0
67 10 0
85 39 0
108 16 0
69 4 0
2 49 0
35 35 0
58 19 0
168 14 0
103 35 0
86 6 0
13 3 0
73 19 0
59 37 0
139 15 0
62 4 0
42 20 0
96 6 0
89 11 0
0 39 0
54 31 0
148 17 0
2 13 0
55 14 0
164 20 0
71 28 0
57 9 0
79 17 0
4 5 0
99 11 0
124 10 0
206 17 0
15 14 0
120 18 0
99 2 0
57 0 0
160 20 0
31 5 0
131 28 0
29 9 0
42 7 0
4 6 0
81 4 0
150 5 0
42 22 0
30 37 0
40 22 0
87 18 0
94 15 0
60 36 0
18 15 0
118 32 0
157 16 0
22 44 0
103 8 0
35 39 0
42 2 0
15 15 0
19 10 0
45 9 0
127 23 0
32 13 0
1 34 0
3 31 0
8 38 0
30 35 0
52 6 0
100 24 0
1 47 0
44 2 0
193 8 0
50 39 0
9 7 0
50 15 0
22 36 0
15 16 0
20 7 0
164 5 0
69 19 0
104 5 0
83 39 0
70 32 0
1 35 0
44 15 0
61 18 0
90 24 0
23 6 0
43 42 0
58 33 0
86 31 0
55 12 0
63 31 0
78 14 0
28 30 0
66 32 0
2 18 0
141 15 0
8 28 0
93 31 0
35 40 0
96 12 0
66 11 0
111 21 0
47 2 0
149 19 0
142 13 0
93 0 0
134 22 0
85 24 0
44 43 0
20 35 0
26 20 0
160 12 0
125 1 0
0 8 0
158 7 0
54 16 0
60 6 0
37 30 0
91 18 0
206 11 0
76 16 0
39 22 0
22 32 0
55 6 0
28 34 0
118 23 0
101 21 0
28 22 0
48 18 0
134 1 0
93 21 0
14 9 0
98 26 0
49 11 0
9 17 0
149 6 0
27 24 0
118 35 0
79 13 0
131 8 0
118 21 0
79 206 0
6 16 0
45 42 0
1 24 0
63 27 0
93 23 0
37 19 0
32 26 0
7 28 0
15 21 0
128 35 0
109 23 0
42 27 0
5 29 0
92 7 0
3 7 0
153 15 0
51 23 0
22 5 0
5 40 0
34 11 0
22 40 0
64 19 0
34 8 0
60 13 0
101 23 0
37 36 0
5 10 0
71 12 0
206 19 0
65 9 0
74 9 0
123 1 0
115 16 0
39 9 0
152 7 0
73 38 0
45 23 0
116 8 0
137 23 0
29 28 0
0 43 0
111 10 0
84 8 0
133 7 0
12 20 0
58 3 0
47 9 0
199 12 0
16 14 0
16 28 0
2 48 0
41 19 0
39 19 0
16 32 0
19 1 0
41 21 0
25 6 0
0 25 0
28 31 0
60 3 0
33 10 0
54 8 0
59 11 0
149 4 0
0 22 0
92 31 0
111 19 0
11 17 0
63 44 0
159 13 0
85 32 0
109 20 0
4 23 0
124 4 0
106 29 0
14 36 0
13 28 0
30 24 0
10 34 0
122 22 0
135 8 0
14 12 0
42 36 0
99 14 0
11 18 0
22 27 0
39 14 0
91 37 0
21 8 0
59 33 0
122 10 0
64 26 0
135 2 0
18 35 0
93 12 0
170 14 0
93 26 0
11 11 0
24 14 0
165 11 0
106 31 0
63 2 0
19 40 0
99 25 0
60 41 0
73 18 0
206 151 0
89 31 0
20 18 0
115 0 0
44 14 0
32 40 0
127 13 0
0 31 0
18 38 0
41 32 0
2 15 0
30 15 0
117 7 0
35 17 0
124 18 0
8 13 0
115 18 0
95 26 0
68 3 0
64 43 0
123 5 0
57 4 0
50 35 0
56 6 0
34 33 0
126 15 0
160 10 0
33 9 0
60 32 0
65 4 0
8 7 0
38 2 0
46 2 0
80 2 0
80 16 0
54 41 0
77 25 0
15 13 0
135 1 0
4 41 0
114 14 0
0 33 0
112 35 0
24 30 0
147 5 0
40 30 0
39 25 0
179 3 0
31 45 0
2 38 0
21 35 0
0 47 0
16 18 0
44 21 0
67 3 0
0 27 0
14 34 0
12 25 0
35 22 0
52 35 0
205 13 0
38 34 0
163 12 0
73 11 0
26 13 0
40 8 0
62 1 0
59 29 0
153 14 0
52 17 0
12 7 0
10 39 0
14 30 0
138 18 0
115 21 0
192 13 0
27 5 0
135 22 0
120 0 0
143 9 0
46 45 0
152 15 0
22 1 0
24 2 0
50 9 0
154 8 0
100 10 0
25 31 0
130 19 0
59 5 0
66 6 0
117 18 0
74 7 0
20 30 0
81 18 0
130 10 0
77 6 0
24 34 0
137 0 0
16 11 0
2 36 0
34 36 0
8 44 0
52 18 0
32 14 0
48 9 0
61 36 0
145 15 0
25 15 0
194 5 0
55 18 0
77 21 0
13 18 0
45 5 0
173 28 0
12 15 0
127 32 0
135 3 0
23 31 0
153 10 0
78 32 0
85 14 0
46 9 0
169 1 0
106 4 0
2 17 0
108 15 0
57 36 0
30 30 0
52 32 0
125 11 0
67 9 0
20 33 0
206 144 0
31 24 0
77 3 0
4 28 0
112 4 0
68 21 0
161 8 0
81 24 0
6 20 0
49 32 0
101 22 0
88 29 0
122 2 0
4 18 0
71 14 0
48 1 0
39 24 0
113 2 0
74 11 0
34 14 0
24 44 0
18 27 0
8 27 0
61 15 0
57 38 0
27 20 0
29 1 0
27 27 0
152 17 0
11 1 0
67 0 0
21 36 0
153 2 0
70 19 0
64 13 0
123 4 0
169 15 0
61 13 0
19 15 0
126 12 0
125 14 0
70 22 0
120 16 0
32 33 0
151 2 0
76 10 0
86 8 0
19 26 0
42 3 0
25 26 0
61 25 0
164 18 0
11 2 0
62 6 0
136 3 0
26 16 0
109 19 0
19 30 0
135 19 0
92 11 0
131 6 0
50 28 0
6 25 0
28 19 0
102 25 0
29 27 0
4 10 0
33 35 0
107 18 0
120 17 0
60 7 0
94 29 0
111 11 0
156 4 0
0 40 0
98 29 0
112 20 0
36 28 0
11 19 0
172 11 0
104 29 0
147 4 0
126 6 0
6 26 0
138 4 0
108 25 0
36 4 0
137 10 0
24 24 0
79 33 0
5 2 0
125 5 0
3 38 0
124 21 0
0 12 0
3 24 0
5 18 0
42 37 0
206 15 0
47 1 0
138 3 0
156 21 0
109 32 0
2 24 0
141 12 0
142 5 0
130 27 0
1 27 0
67 20 0
27 31 0
8 71 0
118 18 0
31 21 0
105 23 0
4 34 0
1 25 0
18 39 0
75 34 0
60 12 0
3 26 0
36 15 0
25 35 0
8 46 0
51 10 0
60 19 0
141 16 0
159 4 0
0 18 0
66 2 0
116 22 0
87 32 0
40 26 0
142 22 0
158 13 0
124 14 0
46 6 0
9 14 0
66 4 0
19 32 0
43 1 0
43 33 0
53 29 0
2 31 0
131 13 0
0 54 0
48 22 0
46 12 0
48 6 0
59 16 0
107 32 0
41 4 0
46 5 0
66 19 0
15 32 0
69 15 0
170 9 0
17 21 0
111 0 0
99 8 0
124 2 0
64 15 0
71 3 0
6 38 0
15 19 0
41 33 0
14 24 0
90 12 0
13 16 0
30 42 0
55 26 0
37 34 0
13 34 0
64 39 0
108 18 0
24 9 0
126 2 0
58 38 0
16 24 0
35 38 0
39 30 0
128 23 0
126 7 0
11 34 0
109 17 0
112 23 0
132 7 0
27 13 0
196 9 0
5 43 0
3 1 0
1 23 0
29 5 0
0 51 0
46 35 0
159 11 0
38 7 0
110 3 0
17 2 0
21 12 0
8 24 0
55 27 0
89 14 0
98 1 0
38 31 0
77 24 0
18 10 0
28 16 0
180 13 0
38 33 0
102 32 0
39 5 0
11 28 0
126 10 0
158 16 0
11 21 0
0 44 0
157 12 0
10 32 0
18 20 0
31 4 0
33 20 0
90 20 0
156 9 0
35 8 0
87 19 0
101 39 0
16 2 0
83 34 0
91 9 0
82 1 0
1 8 0
48 36 0
135 12 0
43 17 0
121 12 0
11 36 0
123 17 0
15 35 0
113 6 0
31 34 0
39 17 0
81 34 0
32 10 0
20 32 0
171 12 0
63 7 0
65 27 0
121 14 0
28 10 0
11 22 0
117 24 0
115 22 0
77 35 0
131 4 0
3 17 0
161 17 0
42 30 0
142 11 0
32 8 0
33 32 0
77 22 0
3 2 0
17 16 0
62 38 0
3 10 0
21 3 0
2 11 0
75 13 0
42 11 0
48 10 0
143 5 0
59 14 0
127 24 0
9 24 0
119 8 0
80 22 0
98 32 0
101 6 0
19 3 0
20 43 0
5 22 0
0 59 0
51 3 0
119 14 0
50 17 0
96 14 0
56 1 0
15 9 0
77 37 0
39 42 0
4 27 0
155 15 0
51 5 0
118 5 0
108 27 0
32 39 0
91 39 0
20 21 0
0 28 0
8 20 0
76 20 0
45 33 0
205 14 0
13 45 0
154 14 0
188 9 0
62 10 0
133 2 0
4 38 0
124 0 0
50 22 0
123 22 0
59 43 0
17 33 0
79 28 0
71 31 0
32 15 0
19 35 0
37 33 0
13 42 0
14 27 0
10 12 0
90 2 0
16 27 0
86 9 0
154 11 0
4 46 0
104 35 0
72 29 0
206 8 0
18 23 0
11 31 0
102 26 0
11 5 0
20 41 0
6 35 0
178 7 0
50 24 0
49 6 0
31 17 0
77 10 0
97 7 0
46 14 0
13 22 0
96 21 0
41 42 0
11 15 0
159 15 0
0 37 0
28 37 0
1 45 0
156 6 0
52 40 0
42 24 0
1 37 0
5 46 0
105 10 0
134 5 0
67 6 0
98 19 0
153 0 0
22 28 0
60 2 0
66 5 0
67 8 0
40 5 0
77 2 0
70 37 0
39 7 0
89 29 0
20 22 0
2 28 0
118 12 0
121 22 0
60 5 0
102 14 0
28 4 0
88 5 0
46 20 0
162 21 0
158 6 0
155 7 0
174 14 0
156 10 0
89 34 0
206 192 0
55 0 0
34 5 0
133 17 0
111 27 0
108 35 0
84 29 0
45 25 0
69 16 0
148 15 0
151 4 0
49 24 0
54 5 0
11 20 0
82 16 0
79 30 0
67 36 0
83 27 0
13 36 0
161 10 0
57 2 0
1 11 0
23 45 0
13 47 0
39 43 0
99 44 0
40 40 0
5 21 0
104 19 0
20 31 0
19 20 0
24 32 0
20 37 0
2 25 0
44 40 0
137 16 0
151 25 0
93 20 0
43 40 0
37 22 0
1 10 0
43 15 0
123 9 0
140 6 0
26 32 0
86 2 0
7 14 0
63 11 0
1 49 0
48 8 0
46 16 0
2 9 0
187 0 0
38 18 0
55 35 0
23 9 0
13 23 0
92 23 0
55 1 0
144 12 0
69 0 0
65 38 0
23 39 0
0 10 0
85 5 0
16 5 0
142 43 0
12 16 0
3 43 0
60 8 0
92 30 0
121 13 0
19 34 0
28 6 0
41 41 0
79 19 0
116 3 0
2 1 0
120 15 0
29 25 0
54 19 0
101 19 0
23 24 0
17 43 0
16 4 0
24 19 0
28 3 0
21 41 0
62 2 0
19 44 0
41 38 0
40 42 0
65 14 0
62 3 0
54 12 0
22 23 0
15 2 0
115 28 0
17 26 0
17 28 0
107 5 0
117 29 0
70 35 0
104 10 0
17 42 0
81 33 0
173 13 0
91 33 0
116 12 0
66 28 0
1 32 0
82 8 0
44 34 0
66 21 0
104 2 0
126 3 0
153 17 0
54 36 0
89 13 0
51 6 0
93 22 0
65 3 0
16 40 0
80 23 0
17 44 0
18 43 0
51 2 0
50 11 0
19 21 0
24 17 0
13 21 0
17 38 0
7 47 0
80 30 0
45 40 0
88 7 0
37 29 0
9 38 0
4 47 0
16 6 0
1 18 0
106 26 0
3 8 0
154 15 0
98 35 0
166 8 0
16 30 0
2 45 0
103 12 0
84 33 0
46 18 0
56 25 0
94 7 0
97 5 0
66 10 0
27 43 0
126 25 0
64 9 0
4 42 0
63 18 0
88 27 0
18 12 0
94 32 0
26 12 0
127 3 0
126 17 0
0 49 0
68 35 0
38 22 0
48 5 0
26 15 0
75 37 0
114 26 0
91 14 0
27 14 0
96 2 0
52 31 0
73 34 0
152 25 0
100 2 0
125 18 0
61 12 0
60 23 0
20 28 0
51 30 0
78 0 0
196 11 0
75 35 0
25 18 0
7 30 0
28 35 0
72 19 0
143 16 0
137 15 0
21 17 0
49 34 0
39 12 0
16 33 0
93 13 0
110 27 0
22 19 0
26 42 0
12 9 0
15 27 0
25 40 0
104 26 0
130 4 0
171 14 0
72 13 0
4 11 0
25 9 0
80 17 0
42 34 0
64 4 0
110 24 0
119 4 0
65 22 0
193 12 0
86 32 0
58 23 0
60 38 0
14 42 0
114 29 0
8 11 0
156 17 0
1 48 0
99 26 0
76 4 0
17 31 0
49 18 0
24 16 0
11 30 0
73 33 0
59 35 0
136 19 0
24 20 0
65 8 0
52 38 0
46 1 0
17 11 0
142 0 0
67 33 0
62 11 0
18 19 0
62 26 0
58 34 0
26 30 0
9 5 0
130 25 0
38 17 0
31 16 0
19 41 0
88 0 0
18 9 0
2 41 0
75 20 0
39 34 0
128 24 0
38 35 0
90 14 0
2 30 0
8 34 0
17 18 0
49 8 0
25 37 0
61 30 0
21 34 0
46 40 0
27 2 0
86 4 0
75 15 0
69 37 0
168 6 0
18 14 0
32 27 0
149 30 0
94 2 0
142 14 0
108 22 0
45 10 0
56 10 0
67 12 0
11 12 0
30 14 0
28 17 0
71 44 0
123 21 0
32 28 0
91 12 0
15 5 0
44 8 0
152 13 0
145 13 0
14 45 0
168 7 0
132 12 0
195 0 0
19 27 0
50 7 0
105 24 0
37 32 0
61 10 0
79 36 0
77 30 0
197 7 0
22 20 0
69 33 0
28 28 0
119 9 0
147 12 0
206 13 0
71 9 0
0 55 0
118 0 0
153 18 0
4 22 0
148 5 0
19 31 0
134 4 0
39 27 0
18 21 0
50 31 0
32 32 0
21 38 0
19 5 0
158 19 0
116 27 0
21 6 0
114 3 0
7 17 0
52 28 0
18 22 0
54 6 0
164 12 0
52 21 0
13 2 0
17 14 0
122 27 0
62 16 0
8 10 0
179 15 0
27 41 0
45 16 0
127 35 0
7 5 0
17 5 0
38 42 0
1 16 0
73 21 0
87 2 0
67 13 0
58 16 0
32 34 0
59 28 0
55 29 0
41 2 0
23 14 0
108 3 0
79 5 0
6 44 0
29 3 0
3 25 0
90 22 0
120 29 0
79 24 0
70 14 0
18 29 0
84 24 0
114 15 0
109 11 0
62 19 0
53 18 0
140 5 0
33 37 0
8 15 0
138 15 0
63 15 0
129 4 0
35 13 0
26 7 0
18 40 0
35 5 0
58 40 0
70 11 0
35 28 0
82 29 0
154 4 0
178 13 0
58 11 0
29 19 0
3 45 0
40 39 0
96 25 0
72 33 0
25 7 0
98 4 0
22 16 0
139 19 0
30 4 0
152 10 0
127 34 0
32 7 0
94 23 0
26 11 0
156 14 0
34 16 0
22 15 0
75 4 0
127 19 0
126 14 0
100 33 0
6 34 0
26 41 0
35 1 0
53 14 0
67 37 0
27 42 0
17 10 0
9 31 0
20 40 0
51 9 0
29 40 0
137 25 0
17 41 0
98 11 0
23 19 0
7 40 0
65 18 0
28 41 0
15 41 0
90 26 0
30 39 0
7 44 0
68 10 0
110 9 0
8 31 0
83 24 0
83 6 0
10 27 0
22 29 0
12 26 0
64 5 0
87 29 0
28 25 0
68 4 0
37 20 0
89 18 0
57 32 0
35 26 0
38 14 0
56 30 0
141 2 0
9 35 0
43 25 0
67 26 0
53 12 0
45 2 0
55 13 0
104 7 0
21 39 0
56 28 0
89 24 0
137 11 0
70 17 0
103 18 0
3 14 0
119 19 0
23 36 0
104 21 0
130 15 0
52 3 0
43 30 0
155 20 0
108 12 0
78 1 0
139 18 0
5 5 0
57 11 0
89 21 0
62 30 0
70 24 0
125 15 0
8 45 0
52 1 0
72 4 0
204 13 0
42 23 0
100 0 0
34 10 0
12 35 0
118 36 0
93 2 0
144 36 0
145 34 0
126 31 0
119 32 0
172 9 0
105 34 0
44 17 0
39 31 0
51 36 0
47 7 0
45 15 0
150 9 0
46 8 0
29 36 0
77 16 0
44 29 0
79 32 0
9 21 0
90 7 0
33 1 0
66 17 0
53 9 0
14 39 0
29 45 0
21 19 0
18 44 0
35 21 0
78 23 0
19 43 0
9 42 0
94 24 0
43 14 0
7 32 0
133 16 0
9 28 0
37 17 0
6 29 0
30 27 0
125 13 0
17 25 0
36 31 0
6 71 0
33 28 0
59 10 0
76 19 0
98 20 0
47 36 0
76 12 0
63 10 0
83 44 0
96 10 0
80 9 0
28 27 0
84 4 0
110 19 0
94 25 0
78 19 0
50 14 0
108 20 0
55 36 0
6 22 0
54 1 0
111 30 0
118 19 0
56 23 0
65 45 0
109 13 0
32 5 0
120 19 0
144 18 0
55 22 0
111 5 0
137 18 0
33 24 0
121 4 0
66 37 0
37 2 0
20 16 0
91 31 0
12 1 0
4 43 0
68 36 0
41 7 0
179 9 0
154 13 0
100 28 0
42 45 0
134 17 0
142 34 0
1 14 0
130 2 0
135 15 0
123 33 0
35 3 0
39 3 0
106 21 0
39 11 0
30 20 0
82 5 0
144 10 0
72 28 0
30 11 0
65 20 0
40 18 0
41 6 0
121 23 0
62 9 0
92 18 0
126 29 0
29 41 0
45 8 0
29 43 0
155 6 0
46 7 0
15 11 0
15 40 0
8 1 0
79 35 0
5 6 0
59 17 0
9 43 0
29 13 0
7 39 0
3 32 0
10 41 0
107 9 0
9 27 0
145 25 0
191 19 0
24 8 0
61 35 0
10 16 0
43 24 0
40 43 0
140 22 0
144 4 0
25 19 0
5 24 0
24 22 0
12 24 0
27 33 0
69 3 0
54 38 0
131 15 0
33 26 0
26 27 0
60 28 0
67 21 0
98 17 0
69 27 0
110 18 0
107 8 0
97 33 0
35 31 0
2 6 0
112 15 0
88 3 0
116 10 0
112 19 0
136 20 0
133 25 0
108 7 0
108 4 0
32 18 0
66 12 0
69 1 0
6 45 0
41 28 0
52 9 0
10 44 0
30 2 0
94 30 0
30 29 0
48 13 0
192 14 0
46 37 0
98 14 0
52 39 0
180 12 0
90 1 0
33 4 0
42 32 0
30 21 0
136 11 0
36 35 0
34 17 0
38 3 0
92 0 0
120 4 0
37 4 0
33 8 0
31 19 0
65 1 0
17 37 0
27 39 0
31 32 0
20 6 0
6 46 0
110 11 0
1 19 0
25 12 0
12 39 0
7 42 0
8 3 0
12 41 0
125 12 0
13 15 0
40 16 0
94 8 0
138 26 0
42 4 0
5 27 0
17 12 0
47 38 0
34 38 0
9 26 0
26 26 0
33 33 0
20 29 0
108 19 0
28 26 0
91 17 0
60 11 0
32 30 0
68 37 0
74 10 0
46 36 0
92 39 0
98 18 0
66 36 0
89 20 0
94 20 0
82 9 0
86 24 0
98 10 0
31 40 0
15 42 0
109 8 0
90 13 0
113 19 0
115 17 0
134 8 0
110 16 0
161 11 0
61 20 0
2 10 0
107 15 0
106 15 0
31 30 0
107 12 0
117 32 0
139 12 0
92 1 0
86 0 0
107 11 0
31 3 0
89 7 0
64 45 0
149 17 0
18 18 0
84 22 0
181 17 0
99 24 0
13 20 0
78 3 0
58 14 0
52 2 0
115 12 0
51 39 0
103 0 0
13 19 0
205 3 0
77 4 0
94 0 0
83 2 0
37 15 0
38 4 0
33 7 0
61 3 0
32 4 0
35 4 0
38 10 0
133 24 0
28 11 0
129 9 0
63 25 0
29 15 0
40 20 0
123 26 0
13 37 0
68 14 0
40 4 0
31 31 0
79 14 0
10 40 0
20 9 0
7 29 0
8 43 0
11 14 0
126 16 0
59 6 0
22 14 0
6 15 0
40 11 0
39 45 0
25 38 0
25 21 0
27 19 0
53 22 0
6 30 0
66 42 0
26 18 0
21 32 0
44 23 0
136 26 0
53 21 0
151 6 0
95 20 0
77 11 0
120 14 0
87 31 0
97 20 0
99 20 0
81 14 0
114 18 0
155 14 0
112 13 0
95 16 0
93 15 0
110 15 0
26 34 0
104 6 0
12 34 0
97 2 0
94 1 0
84 25 0
3 28 0
102 5 0
80 15 0
49 25 0
1 17 0
47 3 0
112 11 0
3 34 0
34 26 0
79 1 0
14 29 0
49 22 0
195 13 0
90 5 0
22 35 0
84 0 0
48 11 0
73 40 0
72 30 0
43 19 0
30 8 0
102 6 0
139 4 0
61 19 0
36 9 0
66 31 0
35 12 0
10 11 0
6 14 0
177 11 0
46 19 0
56 12 0
115 34 0
63 6 0
58 28 0
67 28 0
62 23 0
61 11 0
57 20 0
80 11 0
12 37 0
10 38 0
70 33 0
11 39 0
138 17 0
48 24 0
37 13 0
11 43 0
14 35 0
6 17 0
36 3 0
0 16 0
105 5 0
3 15 0
91 13 0
39 1 0
85 33 0
19 14 0
61 9 0
33 23 0
34 34 0
23 20 0
153 23 0
37 18 0
79 22 0
53 1 0
78 20 0
75 24 0
143 25 0
134 9 0
75 25 0
23 25 0
97 18 0
115 15 0
95 13 0
203 14 0
142 10 0
11 37 0
138 10 0
85 11 0
92 15 0
133 18 0
87 7 0
97 15 0
124 11 0
56 9 0
55 17 0
97 23 0
89 10 0
76 6 0
107 6 0
51 34 0
34 4 0
39 16 0
38 24 0
23 22 0
12 40 0
31 25 0
1 15 0
56 40 0
84 30 0
14 13 0
5 39 0
79 38 0
59 15 0
149 15 0
84 1 0
24 10 0
77 9 0
200 12 0
118 34 0
90 6 0
98 31 0
101 25 0
30 3 0
160 13 0
147 21 0
25 43 0
64 2 0
46 30 0
26 5 0
65 33 0
64 33 0
39 39 0
53 10 0
61 32 0
5 36 0
62 33 0
13 33 0
9 41 0
31 14 0
10 43 0
7 33 0
15 29 0
16 35 0
115 2 0
21 5 0
8 17 0
39 38 0
19 13 0
1 46 0
6 21 0
99 13 0
133 23 0
50 30 0
134 10 0
122 5 0
101 13 0
55 41 0
70 21 0
46 41 0
72 36 0
39 18 0
33 29 0
110 5 0
85 23 0
204 14 0
81 22 0
50 1 0
71 17 0
48 20 0
79 16 0
41 24 0
106 3 0
107 2 0
72 22 0
0 35 0
64 30 0
98 16 0
93 4 0
67 2 0
81 10 0
78 6 0
2 14 0
128 16 0
119 13 0
131 21 0
106 25 0
5 41 0
95 7 0
89 16 0
92 13 0
3 71 0
86 14 0
10 10 0
86 16 0
38 41 0
114 13 0
70 25 0
86 1 0
154 19 0
80 6 0
108 10 0
166 21 0
122 36 0
22 26 0
79 10 0
18 26 0
34 37 0
71 10 0
51 17 0
50 5 0
6 28 0
83 18 0
3 30 0
48 27 0
55 9 0
142 23 0
51 8 0
6 19 0
167 15 0
158 14 0
42 29 0
87 12 0
54 10 0
130 5 0
146 2 0
116 30 0
97 34 0
126 18 0
67 32 0
95 10 0
109 28 0
71 20 0
114 27 0
74 31 0
135 7 0
74 30 0
63 32 0
133 27 0
0 156 0
32 43 0
94 17 0
69 28 0
147 1 0
66 33 0
164 21 0
20 13 0
81 30 0
8 35 0
9 37 0
15 10 0
5 15 0
12 6 0
7 16 0
27 37 0
43 36 0
86 10 0
57 39 0
119 12 0
51 22 0
34 19 0
58 31 0
70 39 0
28 29 0
82 13 0
87 0 0
48 30 0
75 21 0
52 14 0
141 11 0
80 21 0
68 16 0
68 25 0
95 30 0
81 11 0
15 23 0
76 14 0
81 12 0
84 13 0
74 16 0
67 31 0
14 3 0
80 4 0
52 24 0
130 12 0
173 8 0
85 13 0
93 14 0
56 43 0
5 9 0
107 14 0
3 41 0
23 34 0
75 36 0
38 12 0
11 8 0
84 23 0
107 19 0
20 19 0
36 20 0
84 18 0
73 1 0
22 7 0
148 10 0
93 44 0
32 11 0
40 25 0
66 35 0
131 14 0
65 25 0
135 34 0
98 3 0
48 3 0
23 23 0
85 30 0
0 61 0
10 31 0
120 20 0
93 17 0
112 12 0
11 3 0
79 12 0
92 10 0
28 45 0
49 45 0
8 36 0
45 19 0
120 10 0
56 13 0
49 13 0
151 13 0
193 11 0
67 30 0
50 3 0
71 32 0
204 5 0
118 28 0
67 22 0
117 33 0
116 28 0
110 30 0
27 28 0
42 19 0
113 28 0
67 11 0
110 29 0
7 31 0
96 32 0
25 30 0
71 27 0
46 10 0
156 19 0
69 32 0
2 7 0
108 23 0
44 32 0
5 13 0
70 28 0
13 7 0
112 36 0
7 43 0
5 37 0
5 7 0
4 30 0
10 28 0
108 11 0
55 40 0
58 39 0
118 26 0
24 4 0
54 39 0
135 17 0
32 38 0
20 17 0
7 12 0
62 13 0
76 11 0
78 26 0
45 39 0
106 18 0
68 23 0
17 23 0
83 26 0
60 21 0
70 23 0
74 41 0
66 26 0
76 23 0
85 12 0
121 27 0
30 28 0
9 46 0
81 15 0
9 8 0
152 9 0
36 5 0
129 17 0
101 10 0
84 9 0
128 29 0
95 15 0
61 7 0
119 7 0
119 18 0
131 2 0
0 20 0
7 25 0
121 21 0
87 16 0
14 16 0
40 35 0
0 6 0
81 13 0
46 22 0
76 3 0
157 9 0
108 21 0
79 20 0
151 18 0
57 40 0
77 20 0
89 35 0
56 22 0
126 1 0
74 1 0
87 13 0
192 1 0
95 29 0
0 9 0
74 19 0
84 3 0
13 41 0
58 17 0
144 14 0
33 43 0
3 33 0
86 23 0
26 8 0
44 31 0
42 28 0
36 7 0
97 6 0
139 21 0
70 4 0
139 5 0
84 21 0
83 5 0
95 0 0
116 29 0
12 8 0
115 24 0
25 32 0
19 25 0
7 45 0
160 16 0
17 20 0
74 8 0
70 31 0
24 13 0
82 32 0
4 17 0
66 0 0
75 28 0
93 3 0
27 12 0
7 13 0
82 18 0
6 11 0
134 19 0
119 20 0
1 6 0
39 37 0
61 17 0
8 30 0
60 39 0
49 21 0
40 31 0
43 16 0
47 27 0
107 23 0
124 5 0
2 0 0
64 31 0
18 42 0
75 7 0
114 22 0
132 9 0
115 6 0
15 36 0
135 16 0
103 14 0
134 12 0
85 21 0
41 22 0
81 19 0
107 20 0
106 14 0
53 19 0
23 32 0
119 6 0
117 20 0
128 4 0
17 0 0
33 34 0
99 31 0
32 22 0
3 9 0
100 7 0
102 18 0
103 16 0
28 24 0
36 17 0
18 16 0
76 17 0
89 27 0
52 20 0
97 14 0
51 24 0
9 32 0
56 45 0
7 38 0
142 18 0
206 22 0
43 7 0
186 14 0
90 15 0
76 29 0
75 0 0
118 27 0
125 29 0
7 6 0
71 4 0
27 36 0
44 4 0
91 16 0
23 33 0
72 1 0
107 16 0
91 23 0
150 2 0
43 9 0
119 3 0
133 20 0
15 37 0
13 10 0
22 33 0
6 36 0
129 6 0
139 3 0
9 39 0
111 13 0
8 6 0
18 41 0
15 33 0
55 37 0
47 20 0
26 39 0
129 22 0
34 45 0
3 5 0
26 24 0
20 5 0
82 22 0
9 40 0
8 37 0
38 19 0
99 7 0
36 18 0
129 25 0
163 1 0
50 8 0
49 17 0
45 21 0
4 24 0
66 24 0
109 22 0
37 37 0
170 15 0
113 26 0
49 42 0
34 2 0
50 18 0
85 22 0
50 32 0
131 1 0
127 4 0
104 4 0
91 7 0
132 18 0
142 7 0
65 24 0
47 34 0
98 15 0
47 15 0
137 31 0
90 19 0
81 5 0
140 14 0
89 25 0
121 18 0
77 44 0
85 19 0
87 5 0
111 14 0
85 17 0
53 16 0
43 21 0
146 6 0
123 7 0
107 7 0
27 44 0
102 16 0
188 13 0
74 2 0
116 2 0
58 29 0
111 33 0
5 19 0
81 7 0
39 15 0
76 28 0
64 12 0
52 7 0
9 18 0
40 37 0
115 1 0
49 7 0
37 27 0
3 35 0
55 32 0
18 3 0
110 28 0
114 4 0
45 12 0
83 3 0
17 6 0
125 28 0
22 2 0
49 27 0
100 26 0
117 28 0
88 25 0
183 12 0
47 24 0
146 29 0
31 10 0
38 8 0
30 32 0
23 17 0
6 37 0
27 17 0
18 24 0
59 13 0
64 22 0
59 4 0
25 3 0
97 11 0
70 16 0
39 33 0
42 33 0
71 22 0
128 20 0
67 34 0
127 17 0
46 34 0
113 23 0
17 15 0
71 26 0
86 30 0
57 26 0
129 15 0
113 20 0
96 16 0
106 1 0
128 18 0
101 9 0
111 12 0
7 27 0
101 3 0
123 16 0
4 1 0
38 11 0
59 18 0
84 7 0
106 13 0
118 17 0
136 17 0
105 20 0
92 29 0
100 9 0
37 14 0
61 23 0
72 10 0
98 9 0
30 5 0
116 19 0
113 15 0
132 16 0
80 1 0
114 24 0
52 22 0
138 6 0
48 17 0
123 6 0
47 28 0
38 6 0
41 5 0
103 2 0
17 1 0
63 24 0
88 17 0
58 24 0
30 17 0
69 6 0
85 28 0
97 27 0
45 31 0
62 40 0
42 9 0
34 21 0
16 12 0
80 32 0
204 15 0
62 39 0
25 16 0
11 44 0
45 1 0
29 34 0
32 35 0
28 7 0
31 35 0
18 7 0
42 31 0
88 16 0
8 32 0
32 36 0
43 34 0
44 18 0
72 8 0
45 28 0
7 15 0
68 34 0
157 22 0
44 27 0
84 2 0
111 23 0
47 21 0
59 9 0
114 23 0
69 13 0
106 16 0
73 13 0
104 16 0
43 18 0
5 44 0
91 8 0
139 14 0
22 6 0
4 20 0
46 32 0
41 12 0
123 14 0
38 13 0
81 6 0
112 22 0
95 11 0
22 13 0
40 3 0
113 35 0
47 13 0
42 40 0
71 7 0
23 40 0
12 38 0
44 28 0
103 27 0
137 6 0
91 32 0
41 34 0
148 18 0
105 22 0
41 3 0
80 35 0
56 4 0
87 34 0
43 32 0
12 22 0
30 1 0
36 14 0
39 6 0
51 43 0
97 28 0
6 5 0
13 31 0
24 11 0
125 22 0
76 32 0
0 26 0
74 4 0
46 23 0
2 8 0
155 22 0
29 29 0
10 35 0
46 15 0
100 4 0
104 14 0
61 4 0
3 27 0
14 4 0
158 8 0
48 23 0
55 34 0
46 25 0
84 27 0
63 37 0
57 23 0
11 42 0
103 29 0
67 19 0
101 11 0
0 32 0
90 29 0
128 21 0
129 23 0
164 11 0
29 33 0
44 13 0
93 7 0
60 15 0
77 13 0
83 33 0
185 15 0
58 1 0
117 3 0
141 8 0
85 31 0
105 4 0
65 44 0
45 29 0
61 37 0
47 33 0
72 6 0
115 14 0
4 36 0
30 10 0
56 18 0
9 36 0
86 19 0
71 13 0
110 22 0
38 32 0
69 36 0
32 12 0
48 26 0
71 6 0
51 38 0
23 1 0
2 4 0
104 23 0
20 10 0
20 4 0
64 11 0
101 26 0
48 37 0
9 6 0
62 15 0
6 9 0
71 25 0
41 35 0
1 39 0
118 3 0
78 18 0
22 37 0
43 23 0
64 25 0
54 37 0
54 28 0
162 6 0
91 21 0
55 23 0
56 26 0
9 10 0
35 27 0
103 32 0
53 27 0
61 28 0
48 39 0
42 35 0
72 7 0
119 5 0
110 7 0
93 11 0
109 15 0
83 14 0
129 21 0
120 8 0
45 26 0
144 11 0
157 19 0
147 14 0
80 12 0
119 35 0
92 34 0
58 18 0
132 8 0
36 21 0
148 3 0
21 16 0
28 13 0
128 19 0
101 12 0
75 8 0
88 14 0
68 5 0
62 44 0
21 24 0
24 26 0
6 27 0
73 44 0
40 29 0
84 34 0
51 26 0
69 11 0
65 34 0
164 17 0
74 32 0
62 24 0
54 7 0
121 1 0
64 18 0
33 3 0
61 2 0
19 8 0
122 24 0
26 1 0
12 12 0
134 27 0
16 20 0
47 25 0
64 38 0
131 25 0
42 1 0
58 25 0
90 32 0
132 27 0
14 5 0
131 26 0
151 22 0
131 27 0
103 6 0
78 41 0
89 8 0
17 29 0
154 20 0
134 16 0
2 32 0
194 14 0
156 8 0
110 6 0
95 1 0
80 18 0
158 5 0
151 15 0
65 15 0
131 19 0
121 16 0
103 10 0
130 28 0
84 11 0
34 40 0
58 6 0
31 2 0
59 1 0
162 9 0
70 15 0
88 34 0
75 29 0
87 36 0
83 37 0
40 33 0
54 26 0
55 24 0
107 22 0
45 6 0
73 8 0
21 1 0
3 3 0
22 4 0
77 34 0
17 17 0
56 29 0
53 23 0
86 5 0
23 10 0
132 11 0
5 35 0
141 13 0
53 32 0
128 17 0
73 9 0
51 40 0
50 27 0
141 18 0
60 26 0
83 21 0
99 30 0
157 18 0
140 3 0
157 14 0
133 4 0
49 10 0
43 31 0
101 30 0
136 6 0
142 1 0
50 21 0
83 19 0
101 8 0
122 16 0
90 3 0
54 15 0
147 11 0
124 16 0
57 3 0
78 31 0
112 17 0
118 1 0
126 11 0
84 5 0
62 14 0
103 22 0
80 40 0
21 25 0
67 1 0
97 12 0
37 23 0
18 34 0
13 13 0
48 34 0
96 5 0
2 23 0
91 6 0
43 4 0
37 1 0
29 17 0
88 11 0
54 22 0
50 4 0
67 24 0
27 25 0
43 35 0
23 11 0
162 12 0
137 5 0
141 5 0
24 37 0
10 3 0
73 32 0
105 30 0
108 28 0
100 29 0
6 24 0
45 14 0
60 35 0
33 21 0
149 12 0
156 7 0
138 16 0
125 24 0
147 7 0
97 31 0
149 10 0
118 8 0
139 7 0
91 5 0
85 16 0
1 20 0
57 31 0
117 10 0
122 1 0
65 42 0
63 45 0
83 35 0
82 15 0
87 3 0
111 20 0
7 41 0
90 17 0
78 4 0
63 12 0
89 9 0
95 27 0
123 19 0
35 19 0
44 12 0
85 34 0
45 4 0
65 29 0
45 18 0
104 13 0
23 26 0
48 32 0
136 13 0
77 32 0
140 4 0
140 13 0
27 0 0
148 8 0
39 23 0
129 8 0
146 11 0
140 17 0
66 1 0
144 8 0
73 4 0
114 12 0
38 25 0
57 19 0
8 12 0
18 36 0
140 8 0
146 7 0
38 15 0
21 14 0
38 9 0
40 6 0
97 0 0
61 1 0
21 26 0
47 35 0
21 13 0
85 8 0
51 4 0
87 24 0
46 21 0
53 7 0
13 5 0
120 3 0
24 25 0
107 3 0
26 14 0
91 10 0
10 22 0
103 26 0
47 14 0
58 35 0
45 24 0
75 38 0
36 13 0
72 34 0
145 19 0
153 13 0
111 32 0
134 25 0
105 21 0
119 27 0
90 38 0
45 7 0
23 2 0
57 43 0
166 18 0
26 43 0
7 22 0
1 30 0
120 7 0
71 35 0
104 11 0
72 31 0
91 30 0
113 3 0
80 3 0
46 17 0
46 27 0
56 5 0
39 10 0
64 1 0
9 20 0
31 29 0
110 1 0
28 43 0
33 38 0
15 17 0
20 8 0
22 21 0
12 2 0
23 18 0
124 17 0
61 16 0
29 4 0
122 30 0
70 36 0
20 26 0
76 36 0
66 3 0
53 33 0
71 33 0
52 23 0
126 13 0
34 13 0
51 27 0
57 33 0
110 34 0
115 10 0
103 30 0
110 32 0
119 21 0
19 33 0
12 36 0
151 21 0
92 9 0
142 16 0
121 11 0
143 6 0
129 16 0
95 22 0
8 18 0
166 7 0
67 16 0
86 33 0
81 27 0
35 15 0
111 4 0
127 1 0
86 7 0
90 9 0
118 31 0
68 41 0
31 23 0
82 31 0
96 22 0
57 16 0
79 2 0
169 20 0
206 188 0
31 20 0
70 6 0
193 15 0
92 17 0
8 5 0
4 44 0
26 2 0
11 10 0
51 37 0
3 6 0
39 41 0
182 9 0
61 34 0
127 12 0
57 34 0
95 18 0
73 14 0
53 15 0
87 21 0
32 31 0
154 7 0
141 23 0
108 14 0
122 43 0
140 23 0
125 4 0
61 38 0
141 3 0
138 2 0
118 7 0
115 3 0
104 12 0
89 26 0
77 40 0
33 13 0
56 16 0
40 15 0
57 6 0
21 20 0
22 17 0
158 10 0
113 29 0
48 14 0
19 4 0
57 37 0
32 24 0
103 5 0
69 14 0
171 1 0
56 33 0
74 33 0
54 34 0
50 37 0
47 32 0
47 11 0
95 33 0
131 22 0
160 25 0
159 28 0
38 16 0
37 31 0
60 29 0
54 35 0
3 29 0
51 12 0
7 2 0
15 8 0
7 10 0
76 5 0
137 21 0
98 28 0
76 31 0
102 10 0
137 2 0
157 6 0
134 2 0
137 4 0
115 4 0
43 3 0
47 22 0
19 17 0
142 12 0
48 19 0
117 5 0
137 24 0
17 27 0
57 24 0
58 13 0
72 2 0
131 9 0
47 4 0
25 46 0
112 1 0
31 18 0
101 1 0
59 24 0
53 3 0
19 11 0
32 1 0
128 0 0
20 20 0
12 5 0
142 24 0
24 15 0
101 18 0
28 12 0
4 12 0
35 23 0
64 7 0
41 29 0
111 2 0
40 2 0
49 14 0
44 6 0
141 4 0
18 28 0
73 10 0
90 4 0
65 39 0
125 10 0
122 3 0
206 168 0
141 22 0
161 5 0
105 6 0
60 10 0
104 3 0
63 16 0
17 13 0
75 45 0
29 11 0
52 26 0
103 31 0
20 44 0
111 8 0
26 9 0
80 29 0
55 3 0
148 20 0
21 7 0
53 39 0
22 18 0
22 12 0
4 14 0
59 26 0
77 15 0
26 25 0
68 24 0
48 16 0
55 30 0
164 15 0
144 20 0
76 15 0
98 30 0
130 13 0
147 16 0
61 26 0
104 24 0
0 24 0
47 19 0
56 39 0
52 42 0
57 17 0
30 7 0
102 20 0
138 1 0
94 18 0
113 10 0
76 44 0
53 17 0
96 29 0
9 3 0
73 17 0
75 6 0
68 39 0
115 37 0
61 6 0
29 6 0
139 9 0
23 5 0
26 22 0
19 47 0
125 16 0
132 3 0
38 26 0
7 36 0
16 16 0
121 33 0
25 10 0
26 3 0
152 5 0
143 27 0
49 28 0
82 4 0
14 11 0
7 20 0
75 31 0
27 3 0
20 2 0
36 12 0
53 26 0
10 29 0
33 18 0
119 10 0
70 30 0
114 2 0
61 27 0
80 28 0
95 25 0
111 28 0
45 13 0
36 10 0
76 25 0
143 13 0
49 16 0
64 34 0
69 9 0
162 13 0
144 27 0
144 19 0
46 38 0
55 16 0
71 5 0
99 4 0
114 0 0
115 11 0
128 2 0
96 27 0
33 27 0
79 26 0
14 32 0
87 9 0
130 18 0
7 71 0
5 71 0
171 9 0
25 22 0
75 14 0
7 8 0
147 15 0
88 1 0
99 15 0
32 3 0
25 13 0
10 6 0
74 24 0
68 27 0
62 27 0
99 29 0
91 28 0
55 8 0
99 28 0
119 28 0
82 35 0
142 27 0
106 5 0
133 19 0
3 16 0
24 35 0
103 3 0
12 23 0
90 40 0
87 28 0
72 25 0
98 13 0
87 11 0
88 8 0
21 18 0
15 6 0
105 28 0
19 7 0
23 21 0
7 18 0
8 0 0
12 17 0
132 10 0
97 32 0
1 5 0
40 27 0
136 5 0
62 28 0
78 11 0
86 27 0
100 31 0
87 8 0
118 15 0
109 18 0
83 22 0
140 21 0
173 21 0
174 21 0
104 20 0
149 18 0
93 6 0
131 24 0
137 14 0
113 12 0
154 21 0
37 5 0
160 22 0
145 2 0
35 11 0
50 43 0
202 14 0
75 22 0
140 18 0
88 32 0
99 6 0
5 8 0
86 20 0
6 32 0
53 8 0
57 13 0
46 3 0
0 113 0
51 42 0
138 21 0
50 41 0
9 71 0
30 16 0
36 33 0
1 51 0
150 32 0
152 23 0
23 47 0
69 8 0
113 21 0
10 20 0
81 9 0
112 3 0
69 26 0
71 15 0
16 39 0
97 29 0
72 16 0
115 29 0
125 26 0
3 23 0
44 10 0
31 15 0
144 17 0
150 14 0
145 8 0
172 21 0
145 14 0
135 20 0
121 20 0
142 19 0
143 20 0
27 21 0
87 39 0
97 4 0
102 35 0
67 7 0
62 12 0
64 6 0
6 43 0
8 9 0
122 4 0
52 43 0
23 4 0
5 30 0
122 15 0
117 2 0
146 19 0
57 12 0
127 16 0
94 13 0
63 34 0
80 20 0
29 12 0
67 25 0
63 21 0
158 20 0
74 21 0
80 26 0
50 13 0
53 4 0
151 29 0
49 26 0
160 3 0
111 7 0
54 2 0
20 25 0
150 10 0
9 16 0
127 11 0
34 24 0
27 15 0
122 32 0
21 33 0
53 24 0
122 29 0
136 28 0
108 24 0
32 6 0
93 5 0
96 30 0
95 37 0
101 20 0
94 6 0
71 21 0
107 33 0
121 15 0
73 15 0
68 22 0
59 21 0
73 7 0
62 20 0
106 8 0
43 26 0
106 34 0
48 21 0
149 13 0
112 25 0
62 17 0
42 8 0
96 7 0
135 11 0
75 32 0
123 36 0
151 17 0
112 2 0
52 27 0
110 23 0
128 25 0
102 28 0
133 26 0
5 34 0
68 12 0
95 14 0
63 38 0
100 22 0
197 13 0
36 24 0
142 21 0
96 20 0
96 4 0
16 19 0
129 2 0
59 23 0
81 1 0
62 29 0
77 31 0
33 12 0
86 12 0
146 3 0
42 15 0
62 42 0
87 25 0
91 29 0
49 4 0
90 28 0
167 17 0
169 21 0
85 4 0
85 9 0
168 20 0
105 16 0
131 17 0
111 16 0
59 2 0
89 17 0
12 32 0
33 25 0
163 3 0
69 22 0
86 39 0
52 11 0
115 23 0
105 12 0
78 25 0
106 22 0
85 35 0
95 19 0
81 21 0
44 25 0
59 25 0
102 31 0
3 12 0
77 12 0
49 29 0
19 16 0
142 20 0
20 23 0
62 32 0
69 34 0
81 26 0
30 23 0
102 30 0
90 35 0
156 24 0
51 29 0
93 33 0
82 6 0
44 19 0
120 1 0
82 30 0
158 17 0
79 11 0
79 27 0
85 25 0
124 22 0
103 23 0
82 19 0
148 22 0
16 7 0
56 14 0
99 3 0
147 20 0
145 5 0
83 32 0
86 17 0
75 17 0
52 41 0
77 28 0
48 29 0
7 3 0
75 30 0
122 19 0
9 13 0
80 34 0
91 35 0
79 23 0
60 22 0
85 26 0
79 8 0
31 28 0
51 16 0
128 5 0
150 3 0
160 11 0
122 6 0
63 19 0
41 15 0
125 8 0
79 44 0
2 21 0
83 4 0
30 19 0
113 4 0
69 40 0
91 2 0
136 21 0
83 10 0
33 16 0
134 24 0
18 30 0
204 11 0
91 24 0
124 25 0
90 25 0
18 6 0
82 23 0
88 26 0
86 29 0
143 14 0
93 25 0
16 9 0
145 11 0
145 7 0
99 9 0
148 14 0
147 17 0
44 38 0
17 46 0
112 32 0
106 17 0
51 45 0
85 36 0
92 26 0
21 9 0
97 8 0
98 5 0
92 14 0
10 45 0
44 11 0
87 37 0
198 24 0
88 33 0
3 36 0
26 37 0
88 23 0
116 25 0
118 16 0
91 15 0
89 2 0
94 12 0
146 10 0
63 28 0
70 3 0
147 8 0
109 5 0
143 23 0
37 3 0
88 20 0
16 36 0
86 41 0
103 13 0
121 17 0
159 21 0
159 20 0
10 18 0
10 46 0
21 45 0
87 4 0
56 34 0
92 32 0
117 9 0
100 32 0
87 35 0
91 27 0
47 39 0
111 22 0
82 33 0
120 5 0
88 22 0
109 27 0
14 19 0
83 11 0
111 25 0
15 18 0
110 26 0
120 23 0
0 38 0
80 24 0
43 39 0
149 8 0
90 16 0
99 19 0
109 24 0
15 31 0
135 35 0
16 25 0
145 16 0
150 12 0
101 31 0
106 24 0
159 22 0
105 29 0
105 18 0
68 11 0
93 35 0
90 30 0
93 18 0
114 25 0
122 14 0
149 32 0
122 25 0
148 2 0
0 45 0
104 25 0
112 28 0
138 23 0
149 33 0
130 14 0
7 34 0
118 20 0
6 12 0
20 11 0
107 37 0
111 15 0
36 26 0
82 17 0
146 33 0
124 15 0
4 40 0
206 148 0
206 37 0
206 123 0
176 206 0
206 92 0
194 206 0
130 0 0
206 205 0
0 134 0
96 206 0
206 72 0
206 50 0
0 96 0
115 206 0
175 0 0
206 76 0
206 174 0
206 109 0
197 0 0
206 152 0
0 88 0
206 121 0
206 71 0
49 206 0
63 0 0
87 206 0
149 0 0
199 0 0
105 0 0
206 82 0
148 206 0
0 75 0
151 206 0
206 61 0
139 206 0
25 206 0
141 206 0
165 206 0
70 0 0
93 206 0
127 206 0
206 81 0
95 206 0
122 0 0
161 0 0
206 87 0
106 0 0
114 206 0
206 70 0
28 0 0
83 206 0
121 0 0
138 206 0
12 206 0
72 206 0
40 0 0
113 0 0
132 0 0
28 206 0
0 118 0
184 0 0
206 42 0
0 2 0
0 137 0
206 54 0
206 65 0
177 0 0
169 206 0
49 0 0
0 119 0
123 0 0
206 184 0
202 0 0
0 188 0
186 206 0
206 113 0
0 64 0
43 206 0
197 206 0
150 206 0
206 110 0
206 195 0
203 206 0
159 206 0
206 170 0
206 193 0
206 125 0
47 206 0
152 0 0
206 157 0
206 10 0
206 124 0
206 173 0
0 111 0
0 92 0
206 31 0
180 206 0
206 108 0
188 0 0
156 206 0
206 78 0
168 0 0
206 80 0
1 206 0
62 206 0
206 4 0
170 0 0
97 206 0
0 193 0
94 206 0
196 206 0
0 138 0
206 172 0
0 128 0
206 191 0
206 202 0
206 181 0
206 128 0
0 201 0
116 206 0
206 98 0
113 206 0
185 206 0
36 0 0
0 174 0
6 206 0
0 168 0
206 159 0
206 117 0
157 0 0
165 0 0
128 206 0
0 185 0
81 0 0
206 55 0
24 0 0
179 0 0
206 143 0
206 73 0
51 0 0
206 180 0
92 206 0
0 157 0
103 206 0
64 0 0
63 206 0
206 99 0
4 206 0
155 0 0
0 124 0
0 177 0
206 74 0
35 0 0
167 0 0
206 83 0
206 132 0
160 0 0
192 206 0
206 171 0
206 26 0
186 0 0
206 46 0
57 206 0
13 206 0
0 184 0
129 206 0
66 206 0
0 178 0
206 154 0
0 106 0
193 206 0
206 183 0
0 182 0
169 0 0
14 0 0
33 0 0
73 0 0
206 91 0
0 95 0
37 206 0
206 156 0
200 0 0
121 206 0
0 200 0
0 153 0
33 206 0
206 177 0
206 122 0
148 0 0
8 206 0
155 206 0
40 206 0
53 206 0
206 49 0
0 90 0
56 206 0
0 123 0
0 195 0
163 0 0
19 206 0
0 108 0
0 122 0
0 130 0
181 206 0
206 3 0
143 206 0
30 0 0
0 190 0
164 206 0
175 206 0
206 142 0
206 116 0
206 95 0
150 0 0
204 206 0
69 206 0
206 141 0
0 158 0
0 167 0
0 70 0
144 206 0
0 197 0
32 206 0
0 82 0
73 206 0
206 102 0
0 104 0
7 206 0
191 206 0
206 101 0
99 206 0
130 206 0
11 206 0
0 144 0
206 137 0
206 45 0
36 206 0
50 206 0
206 187 0
43 0 0
181 0 0
0 135 0
105 206 0
45 0 0
46 0 0
206 189 0
206 104 0
125 206 0
19 0 0
173 0 0
182 206 0
206 179 0
10 0 0
206 197 0
81 206 0
133 206 0
42 206 0
0 162 0
206 48 0
0 155 0
0 141 0
206 161 0
0 148 0
0 93 0
0 74 0
0 121 0
192 0 0
206 34 0
80 206 0
0 160 0
166 0 0
30 206 0
0 189 0
206 89 0
108 0 0
206 100 0
53 0 0
206 131 0
152 206 0
23 0 0
206 145 0
120 206 0
178 206 0
206 35 0
179 206 0
0 83 0
26 0 0
206 146 0
206 126 0
0 183 0
203 0 0
136 206 0
206 20 0
39 206 0
23 206 0
48 0 0
134 0 0
206 36 0
0 163 0
0 196 0
206 107 0
32 0 0
0 117 0
122 206 0
15 206 0
139 0 0
206 165 0
90 206 0
0 180 0
10 206 0
206 60 0
9 0 0
206 200 0
206 160 0
206 1 0
0 186 0
206 32 0
206 111 0
177 206 0
193 0 0
70 206 0
204 0 0
42 0 0
206 39 0
206 44 0
9 206 0
0 198 0
206 185 0
0 5 0
0 192 0
0 179 0
206 112 0
190 206 0
147 206 0
50 0 0
0 169 0
104 206 0
158 206 0
189 0 0
206 47 0
174 0 0
54 206 0
206 199 0
5 206 0
159 0 0
206 6 0
174 206 0
206 178 0
151 0 0
0 72 0
118 206 0
18 206 0
206 150 0
14 206 0
3 206 0
18 0 0
206 57 0
206 25 0
0 91 0
206 127 0
91 206 0
206 120 0
0 67 0
0 166 0
0 109 0
205 0 0
58 0 0
84 206 0
0 114 0
112 206 0
71 206 0
146 0 0
0 187 0
47 0 0
6 0 0
206 105 0
67 206 0
172 0 0
206 182 0
199 206 0
78 206 0
206 12 0
22 206 0
109 0 0
0 139 0
15 0 0
106 206 0
0 1 0
65 206 0
0 136 0
141 0 0
154 206 0
0 203 0
166 206 0
77 206 0
188 206 0
24 206 0
0 103 0
60 206 0
124 206 0
100 206 0
163 206 0
206 86 0
0 4 0
206 56 0
109 206 0
116 0 0
11 0 0
41 206 0
3 0 0
31 206 0
0 133 0
0 165 0
0 194 0
0 102 0
132 206 0
25 0 0
61 206 0
0 86 0
206 135 0
0 159 0
206 149 0
206 29 0
85 206 0
206 186 0
134 206 0
206 16 0
29 0 0
206 130 0
206 28 0
0 3 0
0 151 0
180 0 0
0 199 0
206 52 0
206 138 0
206 93 0
206 196 0
27 206 0
145 0 0
206 33 0
201 0 0
0 85 0
72 0 0
51 206 0
0 191 0
178 0 0
0 65 0
173 206 0
206 194 0
206 68 0
206 134 0
0 112 0
146 206 0
0 129 0
171 0 0
206 59 0
206 198 0
196 0 0
0 71 0
16 206 0
65 0 0
55 206 0
0 63 0
89 206 0
206 140 0
0 101 0
4 0 0
206 97 0
185 0 0
206 118 0
26 206 0
170 206 0
60 0 0
102 0 0
206 18 0
31 0 0
0 170 0
202 206 0
58 206 0
0 202 0
0 146 0
0 79 0
206 115 0
206 94 0
0 132 0
0 78 0
206 164 0
161 206 0
206 2 0
206 84 0
88 206 0
45 206 0
206 62 0
37 0 0
0 89 0
0 97 0
0 147 0
0 69 0
35 206 0
123 206 0
190 0 0
0 171 0
0 125 0
206 58 0
13 0 0
0 115 0
206 88 0
16 0 0
205 206 0
206 30 0
157 206 0
206 63 0
0 76 0
0 116 0
7 0 0
85 0 0
162 206 0
206 41 0
101 206 0
140 0 0
206 5 0
0 98 0
0 77 0
48 206 0
206 201 0
206 106 0
98 206 0
176 0 0
137 206 0
0 100 0
75 206 0
168 206 0
126 206 0
52 206 0
206 133 0
0 84 0
206 163 0
76 206 0
64 206 0
194 0 0
158 0 0
0 181 0
206 119 0
206 166 0
0 154 0
34 206 0
89 0 0
162 0 0
206 90 0
206 96 0
143 0 0
0 87 0
198 206 0
74 206 0
0 145 0
200 206 0
0 62 0
138 0 0
12 0 0
0 68 0
206 167 0
20 206 0
39 0 0
206 77 0
0 127 0
0 152 0
0 172 0
206 139 0
108 206 0
184 206 0
46 206 0
44 0 0
206 153 0
0 142 0
0 107 0
0 173 0
153 206 0
0 94 0
68 206 0
206 23 0
41 0 0
206 203 0
29 206 0
191 0 0
0 140 0
68 0 0
206 38 0
82 206 0
206 27 0
0 150 0
0 110 0
206 129 0
107 206 0
189 206 0
183 206 0
201 206 0
206 67 0
144 0 0
44 206 0
206 204 0
0 175 0
0 105 0
195 206 0
17 206 0
0 120 0
110 206 0
206 51 0
206 155 0
206 43 0
206 85 0
149 206 0
102 206 0
22 0 0
0 81 0
206 158 0
206 136 0
0 143 0
187 206 0
34 0 0
119 206 0
206 53 0
38 206 0
0 149 0
206 79 0
206 24 0
206 169 0
126 0 0
59 206 0
0 126 0
38 0 0
182 0 0
142 206 0
160 206 0
206 64 0
117 206 0
206 190 0
86 206 0
140 206 0
154 0 0
206 147 0
198 0 0
59 0 0
0 176 0
131 206 0
0 131 0
206 66 0
21 206 0
145 206 0
0 73 0
206 69 0
0 99 0
0 66 0
167 206 0
206 7 0
206 175 0
206 75 0
206 40 0
135 206 0
0 164 0
low, high, current -1 -1 8
Confirming Router Algorithm: TIMING_DRIVEN.
T_crit: 7.54147e-08.
T_crit: 7.52924e-08.
T_crit: 7.5508e-08.
T_crit: 7.54008e-08.
T_crit: 7.59323e-08.
T_crit: 7.57293e-08.
T_crit: 7.6887e-08.
T_crit: 7.74967e-08.
T_crit: 7.73913e-08.
T_crit: 7.83264e-08.
T_crit: 7.81326e-08.
T_crit: 7.83276e-08.
T_crit: 8.03395e-08.
T_crit: 7.89942e-08.
T_crit: 8.16961e-08.
T_crit: 8.2781e-08.
T_crit: 8.2105e-08.
T_crit: 8.34619e-08.
T_crit: 8.27835e-08.
T_crit: 8.27519e-08.
T_crit: 8.35861e-08.
T_crit: 8.38942e-08.
T_crit: 8.71166e-08.
T_crit: 8.78232e-08.
T_crit: 8.59832e-08.
T_crit: 8.52795e-08.
T_crit: 8.60013e-08.
T_crit: 8.66254e-08.
T_crit: 8.69082e-08.
T_crit: 8.78542e-08.
T_crit: 8.76487e-08.
T_crit: 8.87923e-08.
T_crit: 9.16765e-08.
T_crit: 8.86901e-08.
T_crit: 9.09372e-08.
T_crit: 9.14276e-08.
T_crit: 9.05979e-08.
T_crit: 9.43306e-08.
T_crit: 8.70189e-08.
T_crit: 8.75453e-08.
T_crit: 9.41213e-08.
T_crit: 8.765e-08.
T_crit: 8.76525e-08.
T_crit: 8.83825e-08.
T_crit: 8.82791e-08.
T_crit: 9.46541e-08.
T_crit: 8.8177e-08.
T_crit: 8.7969e-08.
T_crit: 8.82816e-08.
T_crit: 8.71368e-08.
Routing failed.
low, high, current 8 -1 16
Confirming Router Algorithm: TIMING_DRIVEN.
T_crit: 7.56228e-08.
T_crit: 7.53971e-08.
T_crit: 7.55118e-08.
T_crit: 7.52937e-08.
T_crit: 7.5189e-08.
T_crit: 7.53075e-08.
T_crit: 7.54135e-08.
T_crit: 7.53088e-08.
T_crit: 7.52067e-08.
T_crit: 7.61333e-08.
T_crit: 7.63669e-08.
T_crit: 7.63439e-08.
T_crit: 7.56278e-08.
T_crit: 7.67388e-08.
T_crit: 7.81196e-08.
T_crit: 7.77451e-08.
T_crit: 7.83096e-08.
T_crit: 7.86441e-08.
T_crit: 7.89606e-08.
T_crit: 8.0239e-08.
T_crit: 8.13982e-08.
T_crit: 8.18745e-08.
T_crit: 8.63701e-08.
T_crit: 8.80473e-08.
T_crit: 8.66991e-08.
T_crit: 8.7013e-08.
T_crit: 8.59665e-08.
T_crit: 8.71022e-08.
T_crit: 8.96027e-08.
T_crit: 9.14465e-08.
T_crit: 8.91841e-08.
T_crit: 9.07114e-08.
T_crit: 8.89767e-08.
T_crit: 9.09144e-08.
T_crit: 8.90435e-08.
T_crit: 9.00119e-08.
T_crit: 8.97407e-08.
T_crit: 9.05479e-08.
T_crit: 8.97515e-08.
T_crit: 8.9969e-08.
T_crit: 8.99773e-08.
T_crit: 9.02419e-08.
T_crit: 8.92956e-08.
T_crit: 8.90756e-08.
T_crit: 8.956e-08.
T_crit: 8.97515e-08.
T_crit: 9.26795e-08.
T_crit: 8.99475e-08.
T_crit: 9.05141e-08.
T_crit: 9.05721e-08.
Routing failed.
low, high, current 16 -1 32
Confirming Router Algorithm: TIMING_DRIVEN.
T_crit: 7.56228e-08.
T_crit: 7.53971e-08.
T_crit: 7.53958e-08.
T_crit: 7.53971e-08.
T_crit: 7.55004e-08.
T_crit: 7.52937e-08.
T_crit: 7.53971e-08.
T_crit: 7.54034e-08.
T_crit: 7.52987e-08.
T_crit: 7.55067e-08.
T_crit: 7.54034e-08.
T_crit: 7.54034e-08.
T_crit: 7.5508e-08.
T_crit: 7.54034e-08.
T_crit: 7.52987e-08.
T_crit: 7.52987e-08.
T_crit: 7.54097e-08.
T_crit: 7.55131e-08.
T_crit: 7.56177e-08.
T_crit: 7.56177e-08.
T_crit: 7.56177e-08.
T_crit: 7.55143e-08.
T_crit: 7.56177e-08.
T_crit: 7.58257e-08.
T_crit: 7.59291e-08.
T_crit: 7.8111e-08.
T_crit: 7.93663e-08.
T_crit: 8.33816e-08.
T_crit: 8.11376e-08.
T_crit: 9.11892e-08.
T_crit: 8.74295e-08.
T_crit: 8.40084e-08.
T_crit: 8.39294e-08.
T_crit: 8.44561e-08.
T_crit: 8.95874e-08.
T_crit: 8.58049e-08.
T_crit: 8.59762e-08.
T_crit: 8.68613e-08.
T_crit: 8.70146e-08.
T_crit: 8.8481e-08.
T_crit: 9.45973e-08.
T_crit: 9.22075e-08.
T_crit: 9.22195e-08.
T_crit: 9.24276e-08.
T_crit: 9.45556e-08.
T_crit: 9.17717e-08.
T_crit: 9.18379e-08.
T_crit: 9.08961e-08.
T_crit: 9.08986e-08.
T_crit: 9.19426e-08.
Routing failed.
low, high, current 32 -1 64
Confirming Router Algorithm: TIMING_DRIVEN.
T_crit: 7.56228e-08.
T_crit: 7.53971e-08.
T_crit: 7.52911e-08.
T_crit: 7.53971e-08.
T_crit: 7.55004e-08.
T_crit: 7.53971e-08.
T_crit: 7.52924e-08.
T_crit: 7.53958e-08.
T_crit: 7.53958e-08.
T_crit: 7.55004e-08.
T_crit: 7.55004e-08.
T_crit: 7.55004e-08.
T_crit: 7.55004e-08.
T_crit: 7.55004e-08.
T_crit: 7.55004e-08.
T_crit: 7.55004e-08.
T_crit: 7.55004e-08.
T_crit: 7.53958e-08.
T_crit: 7.55004e-08.
T_crit: 7.56051e-08.
Successfully routed after 21 routing iterations.
Completed net delay value cross check successfully.
low, high, current 32 64 48
Confirming Router Algorithm: TIMING_DRIVEN.
T_crit: 7.56228e-08.
T_crit: 7.55004e-08.
T_crit: 7.55004e-08.
T_crit: 7.53946e-08.
T_crit: 7.56051e-08.
T_crit: 7.53983e-08.
T_crit: 7.52937e-08.
T_crit: 7.53983e-08.
T_crit: 7.55017e-08.
T_crit: 7.53983e-08.
T_crit: 7.53983e-08.
T_crit: 7.53983e-08.
T_crit: 7.52937e-08.
T_crit: 7.53983e-08.
T_crit: 7.53983e-08.
T_crit: 7.53983e-08.
T_crit: 7.53983e-08.
T_crit: 7.53983e-08.
Successfully routed after 19 routing iterations.
Completed net delay value cross check successfully.
low, high, current 32 48 40
Confirming Router Algorithm: TIMING_DRIVEN.
T_crit: 7.56228e-08.
T_crit: 7.55004e-08.
T_crit: 7.5189e-08.
T_crit: 7.5189e-08.
T_crit: 7.55017e-08.
T_crit: 7.55004e-08.
T_crit: 7.5189e-08.
T_crit: 7.50844e-08.
T_crit: 7.53971e-08.
T_crit: 7.52924e-08.
T_crit: 7.52924e-08.
T_crit: 7.53971e-08.
T_crit: 7.53971e-08.
T_crit: 7.53971e-08.
T_crit: 7.53971e-08.
T_crit: 7.53971e-08.
T_crit: 7.53971e-08.
T_crit: 7.53971e-08.
T_crit: 7.53971e-08.
T_crit: 7.53971e-08.
T_crit: 7.53971e-08.
T_crit: 7.53971e-08.
T_crit: 7.53971e-08.
T_crit: 7.53971e-08.
T_crit: 7.53971e-08.
T_crit: 7.53971e-08.
T_crit: 7.53971e-08.
Successfully routed after 28 routing iterations.
Completed net delay value cross check successfully.
low, high, current 32 40 36
Confirming Router Algorithm: TIMING_DRIVEN.
T_crit: 7.55011e-08.
T_crit: 7.49797e-08.
T_crit: 7.54708e-08.
T_crit: 7.55691e-08.
T_crit: 7.53579e-08.
T_crit: 7.50836e-08.
T_crit: 7.52186e-08.
T_crit: 7.5213e-08.
T_crit: 7.50226e-08.
T_crit: 7.44678e-08.
T_crit: 7.46595e-08.
T_crit: 7.47818e-08.
T_crit: 7.4749e-08.
T_crit: 7.4749e-08.
T_crit: 7.47502e-08.
T_crit: 7.47603e-08.
T_crit: 7.47603e-08.
T_crit: 7.47616e-08.
T_crit: 7.47679e-08.
T_crit: 7.47641e-08.
T_crit: 7.47666e-08.
T_crit: 7.47679e-08.
T_crit: 7.47679e-08.
T_crit: 7.47679e-08.
T_crit: 7.47679e-08.
T_crit: 7.47679e-08.
T_crit: 7.47679e-08.
T_crit: 7.60167e-08.
T_crit: 7.47679e-08.
T_crit: 7.65496e-08.
T_crit: 7.61264e-08.
T_crit: 7.61227e-08.
T_crit: 7.63136e-08.
T_crit: 7.63073e-08.
T_crit: 7.80356e-08.
T_crit: 7.6306e-08.
T_crit: 7.78396e-08.
T_crit: 7.77312e-08.
T_crit: 7.73176e-08.
T_crit: 7.61537e-08.
T_crit: 8.00709e-08.
T_crit: 7.9467e-08.
T_crit: 7.7374e-08.
T_crit: 7.7374e-08.
T_crit: 7.7374e-08.
T_crit: 7.86159e-08.
T_crit: 7.80977e-08.
T_crit: 7.7785e-08.
T_crit: 7.7785e-08.
T_crit: 7.79994e-08.
Routing failed.
low, high, current 36 40 38
Confirming Router Algorithm: TIMING_DRIVEN.
T_crit: 7.50597e-08.
T_crit: 7.54014e-08.
T_crit: 7.51618e-08.
T_crit: 7.48125e-08.
T_crit: 7.48806e-08.
T_crit: 7.55199e-08.
T_crit: 7.5443e-08.
T_crit: 7.56573e-08.
T_crit: 7.55602e-08.
T_crit: 7.55451e-08.
T_crit: 7.54518e-08.
T_crit: 7.53888e-08.
T_crit: 7.54506e-08.
T_crit: 7.54506e-08.
T_crit: 7.54442e-08.
T_crit: 7.55489e-08.
T_crit: 7.55489e-08.
T_crit: 7.55489e-08.
T_crit: 7.55489e-08.
T_crit: 7.55489e-08.
T_crit: 7.55489e-08.
T_crit: 7.55489e-08.
T_crit: 7.55489e-08.
T_crit: 7.55489e-08.
T_crit: 7.55489e-08.
T_crit: 7.55489e-08.
T_crit: 7.55489e-08.
T_crit: 7.55489e-08.
T_crit: 7.55489e-08.
T_crit: 7.55489e-08.
T_crit: 7.55489e-08.
T_crit: 7.55489e-08.
T_crit: 7.55489e-08.
T_crit: 7.55489e-08.
T_crit: 7.55489e-08.
T_crit: 7.55489e-08.
T_crit: 7.55489e-08.
T_crit: 7.55489e-08.
T_crit: 7.55489e-08.
T_crit: 7.59631e-08.
T_crit: 7.59631e-08.
T_crit: 7.59631e-08.
T_crit: 7.81907e-08.
T_crit: 7.81907e-08.
T_crit: 7.79852e-08.
T_crit: 7.79852e-08.
T_crit: 7.79852e-08.
T_crit: 7.76877e-08.
T_crit: 7.76889e-08.
T_crit: 7.74847e-08.
Routing failed.

Checking to ensure routing is legal ...
Completed routing consistency check successfully.

Serial number (magic cookie) for the routing is: 1933285045
Best routing used a channel width factor of 40.


Average number of bends per net: 9.43411  Maximum # of bends: 335


The number of routed nets (nonglobal): 5987
Wirelength results (all in units of 1 clb segments):
	Total wirelength: 395404   Average net length: 66.0438
	Maximum net length: 1149

Wirelength results in terms of physical segments:
	Total wiring segments used: 198230   Av. wire segments per net: 33.1101
	Maximum segments used by a net: 578


X - Directed channels:

j	max occ	av_occ		capacity
0	36	25.1902  	40
1	38	24.9073  	40
2	39	24.1902  	40
3	39	24.7854  	40
4	39	24.2244  	40
5	38	23.7561  	40
6	39	24.5415  	40
7	40	25.4780  	40
8	39	25.5854  	40
9	40	26.6829  	40
10	39	28.1171  	40
11	39	26.6976  	40
12	38	26.5268  	40
13	38	27.4195  	40
14	39	26.2195  	40
15	39	24.6488  	40
16	39	24.8390  	40
17	38	23.9707  	40
18	37	23.7902  	40
19	38	23.7512  	40
20	38	23.0976  	40
21	39	23.8000  	40
22	38	22.1366  	40
23	38	22.9415  	40
24	38	22.0049  	40
25	37	20.7902  	40
26	38	21.5902  	40
27	37	20.7317  	40
28	37	21.4195  	40
29	36	19.7512  	40
30	38	17.8780  	40
31	39	18.9415  	40
32	38	17.8000  	40
33	35	17.0000  	40
34	37	16.6390  	40
35	34	15.4878  	40
36	35	15.9756  	40
37	31	12.4244  	40
38	33	11.8244  	40
39	29	9.20488  	40
40	29	8.14146  	40
41	31	6.39024  	40
42	24	6.36098  	40
43	24	5.06341  	40
44	18	3.36098  	40
45	14	3.20976  	40
46	15	1.42927  	40
47	12	0.897561 	40
48	10	0.785366 	40
49	7	0.112195 	40
50	5	0.751220 	40
51	1	0.0146341	40
52	1	0.0195122	40
53	2	0.687805 	40
54	1	0.321951 	40
55	2	0.736585 	40
56	2	0.331707 	40
57	1	0.0146341	40
58	1	0.682927 	40
59	2	0.414634 	40
60	1	0.126829 	40
61	2	0.258537 	40
62	1	0.760976 	40
63	3	0.282927 	40
64	4	0.760976 	40
65	3	0.463415 	40
66	4	0.0585366	40
67	2	0.141463 	40
68	3	0.839024 	40
69	6	0.156098 	40
70	7	0.653659 	40
71	2	0.570732 	40
72	2	0.809756 	40
73	2	0.443902 	40
74	3	1.22927  	40
75	3	0.463415 	40
76	2	0.487805 	40
77	2	0.600000 	40
78	1	0.0195122	40
79	3	1.20000  	40
80	2	0.526829 	40
81	3	0.956098 	40
82	2	0.292683 	40
83	2	0.912195 	40
84	5	0.595122 	40
85	6	0.380488 	40
86	2	0.0585366	40
87	1	0.439024 	40
88	1	0.0195122	40
89	2	0.356098 	40
90	3	0.721951 	40
91	2	0.541463 	40
92	2	0.419512 	40
93	2	0.170732 	40
94	4	1.05854  	40
95	3	0.0439024	40
96	1	0.624390 	40
97	1	0.0682927	40
98	3	0.204878 	40
99	2	0.0341463	40
100	2	0.439024 	40
101	3	0.165854 	40
102	1	0.400000 	40
103	2	0.356098 	40
104	2	0.380488 	40
105	1	0.770732 	40
106	3	0.390244 	40
107	2	0.429268 	40
108	3	0.258537 	40
109	1	0.478049 	40
110	2	0.780488 	40
111	2	0.419512 	40
112	2	0.858537 	40
113	2	0.0243902	40
114	2	0.0146341	40
115	3	0.497561 	40
116	2	0.507317 	40
117	1	0.336585 	40
118	1	0.195122 	40
119	1	0.341463 	40
120	2	0.248780 	40
121	2	0.0243902	40
122	2	0.0292683	40
123	1	0.409756 	40
124	2	0.536585 	40
125	3	0.970732 	40
126	2	0.0292683	40
127	2	0.712195 	40
128	2	0.273171 	40
129	2	1.21951  	40
130	3	0.0390244	40
131	3	0.897561 	40
132	1	0.00975610	40
133	1	0.448780 	40
134	2	0.0585366	40
135	1	0.273171 	40
136	3	0.0536585	40
137	1	0.263415 	40
138	3	0.234146 	40
139	2	0.273171 	40
140	3	0.234146 	40
141	3	0.297561 	40
142	2	0.395122 	40
143	1	0.356098 	40
144	3	0.658537 	40
145	2	0.243902 	40
146	1	0.458537 	40
147	2	0.356098 	40
148	2	0.0682927	40
149	1	0.439024 	40
150	4	0.526829 	40
151	1	0.00487805	40
152	3	0.897561 	40
153	2	0.258537 	40
154	1	0.302439 	40
155	1	0.268293 	40
156	3	0.331707 	40
157	2	0.180488 	40
158	3	0.907317 	40
159	2	0.409756 	40
160	2	0.243902 	40
161	2	0.278049 	40
162	2	0.0292683	40
163	2	0.336585 	40
164	3	0.956098 	40
165	1	0.195122 	40
166	2	0.0292683	40
167	2	0.531707 	40
168	3	0.321951 	40
169	2	0.721951 	40
170	3	0.634146 	40
171	2	0.307317 	40
172	3	0.321951 	40
173	2	0.0536585	40
174	2	0.487805 	40
175	1	0.243902 	40
176	1	0.263415 	40
177	1	0.448780 	40
178	1	0.478049 	40
179	2	0.648780 	40
180	2	0.0195122	40
181	2	0.507317 	40
182	2	0.302439 	40
183	1	0.0195122	40
184	1	0.273171 	40
185	2	0.639024 	40
186	2	0.195122 	40
187	2	0.204878 	40
188	3	0.507317 	40
189	1	0.0195122	40
190	1	0.0292683	40
191	1	0.224390 	40
192	3	0.0878049	40
193	2	0.0341463	40
194	2	0.292683 	40
195	1	0.0146341	40
196	2	0.0292683	40
197	1	0.643902 	40
198	2	0.507317 	40
199	2	0.253659 	40
200	2	0.536585 	40
201	3	0.317073 	40
202	8	2.09756  	40
203	6	1.41951  	40
204	14	6.44878  	40
205	14	6.64878  	40

Y - Directed channels:

i	max occ	av_occ		capacity
0	32	11.7805  	40
1	27	12.5463  	40
2	28	10.3366  	40
3	26	11.9951  	40
4	31	9.61463  	40
5	32	11.1415  	40
6	27	5.41951  	40
7	31	7.37073  	40
8	34	5.54634  	40
9	29	4.66829  	40
10	32	6.38537  	40
11	35	7.25854  	40
12	35	5.56098  	40
13	30	4.97561  	40
14	34	6.80488  	40
15	31	5.80000  	40
16	31	5.95610  	40
17	33	5.80488  	40
18	34	6.04390  	40
19	35	6.46341  	40
20	35	5.14146  	40
21	33	5.77561  	40
22	36	5.86341  	40
23	36	6.66829  	40
24	38	5.78537  	40
25	35	5.86829  	40
26	35	4.93171  	40
27	32	6.40000  	40
28	34	6.58049  	40
29	33	5.59024  	40
30	33	5.71707  	40
31	32	5.85366  	40
32	33	5.77561  	40
33	33	5.01951  	40
34	33	5.17561  	40
35	33	8.02439  	40
36	32	5.68293  	40
37	32	7.08293  	40
38	35	6.00000  	40
39	32	5.41951  	40
40	31	7.41951  	40
41	35	6.61951  	40
42	33	6.76585  	40
43	34	6.08780  	40
44	35	6.76098  	40
45	35	9.12195  	40
46	35	5.91220  	40
47	33	7.14146  	40
48	35	7.15122  	40
49	34	7.65854  	40
50	36	6.18537  	40
51	33	5.35122  	40
52	33	5.06829  	40
53	35	6.91220  	40
54	34	7.09268  	40
55	31	6.60488  	40
56	33	6.54146  	40
57	34	8.13171  	40
58	31	5.60488  	40
59	31	5.60976  	40
60	30	6.93171  	40
61	31	5.83902  	40
62	31	4.38049  	40
63	30	5.80976  	40
64	32	5.45854  	40
65	30	5.34634  	40
66	30	4.69268  	40
67	32	6.50244  	40
68	28	4.99024  	40
69	30	6.00488  	40
70	31	4.98537  	40
71	31	5.39512  	40
72	30	6.23902  	40
73	29	5.10732  	40
74	33	6.01463  	40
75	31	4.38049  	40
76	28	3.97561  	40
77	28	5.14146  	40
78	28	4.84390  	40
79	34	5.23415  	40
80	30	4.07805  	40
81	29	6.69268  	40
82	28	4.21463  	40
83	29	6.63415  	40
84	32	6.43902  	40
85	28	4.95122  	40
86	27	6.29268  	40
87	27	5.30244  	40
88	29	4.67317  	40
89	28	5.53659  	40
90	27	5.60488  	40
91	28	7.12195  	40
92	29	6.38537  	40
93	27	5.54146  	40
94	28	6.46829  	40
95	32	7.07317  	40
96	31	5.95610  	40
97	30	5.46829  	40
98	28	7.53171  	40
99	30	4.48293  	40
100	25	3.36098  	40
101	26	5.88293  	40
102	28	5.09756  	40
103	29	4.31707  	40
104	27	4.43415  	40
105	29	4.99512  	40
106	23	5.43415  	40
107	29	5.73659  	40
108	29	5.85854  	40
109	27	3.80488  	40
110	26	4.11220  	40
111	25	5.18537  	40
112	30	5.12195  	40
113	26	4.73659  	40
114	30	7.27805  	40
115	25	4.58049  	40
116	26	6.68293  	40
117	26	3.80488  	40
118	27	5.61951  	40
119	26	3.76098  	40
120	30	4.37561  	40
121	24	2.62439  	40
122	30	3.20976  	40
123	30	3.47805  	40
124	27	4.19512  	40
125	27	2.94146  	40
126	30	4.00000  	40
127	29	3.07805  	40
128	26	3.88293  	40
129	26	3.09756  	40
130	30	3.09756  	40
131	25	2.93659  	40
132	26	4.44878  	40
133	28	3.59024  	40
134	22	5.13659  	40
135	24	5.00000  	40
136	24	5.15122  	40
137	23	3.81463  	40
138	19	4.46341  	40
139	21	3.30732  	40
140	19	6.62927  	40
141	24	5.61463  	40
142	24	2.84390  	40
143	23	4.39512  	40
144	21	5.51220  	40
145	19	3.96585  	40
146	22	2.08293  	40
147	21	3.43415  	40
148	22	3.56585  	40
149	18	4.80976  	40
150	15	3.82927  	40
151	22	3.38537  	40
152	17	7.01951  	40
153	14	3.61951  	40
154	18	3.14146  	40
155	14	1.16585  	40
156	13	3.62927  	40
157	10	3.49268  	40
158	10	2.75122  	40
159	9	2.40000  	40
160	9	3.74634  	40
161	10	3.37561  	40
162	13	3.16585  	40
163	12	1.95610  	40
164	9	0.468293 	40
165	6	0.985366 	40
166	7	1.40488  	40
167	8	1.78537  	40
168	10	2.32195  	40
169	6	1.53171  	40
170	8	1.33659  	40
171	5	0.404878 	40
172	6	1.09268  	40
173	3	0.448780 	40
174	3	0.731707 	40
175	1	0.921951 	40
176	6	1.21951  	40
177	5	0.131707 	40
178	4	0.312195 	40
179	10	1.41463  	40
180	7	0.409756 	40
181	3	0.224390 	40
182	3	0.0975610	40
183	3	0.887805 	40
184	3	0.0682927	40
185	3	0.204878 	40
186	5	0.156098 	40
187	6	0.175610 	40
188	7	0.253659 	40
189	5	0.312195 	40
190	5	0.204878 	40
191	6	0.185366 	40
192	8	0.321951 	40
193	5	0.200000 	40
194	5	0.224390 	40
195	5	1.06829  	40
196	7	1.06341  	40
197	3	0.214634 	40
198	8	0.263415 	40
199	5	0.390244 	40
200	5	0.468293 	40
201	6	0.312195 	40
202	8	4.94634  	40
203	9	2.35610  	40
204	16	8.44878  	40
205	14	8.68293  	40

Total Tracks in X-direction: 8240  in Y-direction: 8240

Logic Area (in minimum width transistor areas):
Total Logic Area: 1.26075e+09  Per 1x1 logic tile: 30000

Routing area (in minimum width transistor areas):
Total Routing Area: 2.13369e+08  Per logic tile: 5077.19

Segment usage by type (index):
Segment type       Fractional utilization
------------       ----------------------
       0                  0.117

Segment usage by length:
Segment length       Fractional utilization
--------------       ----------------------
        2                   0.117

Critical Path: 7.53971e-08 (s)

Time elapsed (PLACE&ROUTE): 50838022.378000 ms


Time elapsed (Fernando): 50838022.406000 ms

