Netlist file: benchmarks/fpga/net_EPFL/voter_k6.net   Architecture file: arch/k6-n1.xml
Array size: 306 x 306 logic blocks

#block name	x	y	subblk	block number
#----------	--	--	------	------------
out_0:2222	0	173	0	#0
out_0:2379	0	179	0	#1
out_0:5		0	181	0	#2
out_0:1		82	307	0	#3
out_0:546	0	182	0	#4
1		111	170	0	#5
out_10:11	0	183	0	#6
out_10:9	129	307	0	#7
100		307	254	0	#8
1000		96	1	0	#9
1001		0	72	0	#10
1002		298	304	0	#11
1003		124	307	0	#12
out_1004:1175	189	307	0	#13
out_1004:943	170	307	0	#14
out_1004:534	169	307	0	#15
out_1004:1177	182	307	0	#16
1005		87	307	0	#17
1006		218	0	0	#18
1007		0	156	0	#19
1008		289	2	0	#20
1009		127	1	0	#21
101		124	0	0	#22
1010		123	307	0	#23
out_1011:619	52	0	0	#24
out_1011:2260	49	0	0	#25
out_1011:580	47	0	0	#26
out_1011:1314	50	0	0	#27
out_1011:577	51	0	0	#28
1012		243	118	0	#29
out_1013:2373	0	18	0	#30
out_1013:1955	0	21	0	#31
out_1013:913	0	30	0	#32
out_1013:1120	0	33	0	#33
out_1013:921	0	35	0	#34
1014		100	3	0	#35
1015		0	53	0	#36
1016		303	139	0	#37
1017		275	307	0	#38
1018		2	146	0	#39
1019		190	1	0	#40
102		164	307	0	#41
1020		1	168	0	#42
1021		245	0	0	#43
1022		307	162	0	#44
1023		306	213	0	#45
1024		240	122	0	#46
1025		1	15	0	#47
1026		48	2	0	#48
1027		250	110	0	#49
1028		198	1	0	#50
1029		307	168	0	#51
103		307	246	0	#52
1030		115	116	0	#53
1031		3	304	0	#54
1032		215	307	0	#55
1033		177	0	0	#56
1034		160	1	0	#57
1035		29	165	0	#58
1036		0	250	0	#59
1037		253	307	0	#60
1038		1	211	0	#61
1039		102	168	0	#62
104		307	245	0	#63
1040		2	37	0	#64
1041		282	303	0	#65
1042		1	145	0	#66
1043		3	307	0	#67
1044		25	307	0	#68
1045		1	17	0	#69
1046		306	272	0	#70
1047		0	47	0	#71
1048		11	304	0	#72
1049		86	1	0	#73
105		38	1	0	#74
1050		2	7	0	#75
1051		0	306	0	#76
1052		294	2	0	#77
1053		0	23	0	#78
1054		176	303	0	#79
1055		249	112	0	#80
1056		13	302	0	#81
1057		52	5	0	#82
1058		138	305	0	#83
1059		2	304	0	#84
106		306	249	0	#85
1060		2	205	0	#86
1061		307	225	0	#87
1062		12	304	0	#88
1063		2	169	0	#89
out_1064:747	7	307	0	#90
out_1064:1062	20	307	0	#91
out_1064:1068	19	307	0	#92
1065		163	290	0	#93
1066		307	269	0	#94
1067		307	231	0	#95
1068		16	305	0	#96
1069		306	58	0	#97
107		221	307	0	#98
1070		307	41	0	#99
out_1071:407	307	172	0	#100
out_1071:1855	120	307	0	#101
out_1071:2134	150	307	0	#102
out_1071:121	307	173	0	#103
out_1071:119	121	307	0	#104
1072		16	307	0	#105
1073		1	115	0	#106
1074		7	0	0	#107
1075		12	307	0	#108
1076		116	293	0	#109
1077		0	14	0	#110
1078		13	307	0	#111
1079		281	302	0	#112
108		306	232	0	#113
1080		51	307	0	#114
1081		0	157	0	#115
1082		18	307	0	#116
1083		2	208	0	#117
1084		14	307	0	#118
1085		0	61	0	#119
1086		187	0	0	#120
1087		224	307	0	#121
1088		32	0	0	#122
1089		246	307	0	#123
109		306	240	0	#124
1090		160	292	0	#125
1091		2	32	0	#126
1092		15	307	0	#127
1093		0	289	0	#128
1094		176	0	0	#129
1095		0	62	0	#130
1096		0	202	0	#131
1097		100	2	0	#132
1098		1	270	0	#133
1099		58	1	0	#134
11		110	164	0	#135
110		117	291	0	#136
1100		11	303	0	#137
1101		53	5	0	#138
out_1102:2051	183	307	0	#139
out_1102:555	173	307	0	#140
1103		5	3	0	#141
1104		2	145	0	#142
1105		138	0	0	#143
1106		60	2	0	#144
1107		1	234	0	#145
1108		159	1	0	#146
1109		85	2	0	#147
111		237	307	0	#148
1110		0	279	0	#149
1111		0	168	0	#150
1112		80	307	0	#151
1113		111	1	0	#152
1114		197	305	0	#153
1115		285	0	0	#154
out_1116:625	0	20	0	#155
out_1116:862	0	19	0	#156
1117		289	0	0	#157
1118		145	1	0	#158
1119		306	6	0	#159
112		267	2	0	#160
1120		1	23	0	#161
1121		229	307	0	#162
1122		195	307	0	#163
1123		232	307	0	#164
1124		0	261	0	#165
1125		230	307	0	#166
1126		307	47	0	#167
1127		1	259	0	#168
1128		2	56	0	#169
1129		99	1	0	#170
113		307	300	0	#171
1130		291	307	0	#172
1131		306	24	0	#173
1132		0	105	0	#174
1133		198	303	0	#175
1134		118	122	0	#176
1135		68	0	0	#177
1136		159	2	0	#178
1137		3	8	0	#179
1138		126	1	0	#180
out_1139:784	307	265	0	#181
out_1139:1484	307	272	0	#182
out_1139:1231	307	273	0	#183
114		305	211	0	#184
1140		166	307	0	#185
1141		290	1	0	#186
1142		109	165	0	#187
1143		2	108	0	#188
1144		177	307	0	#189
1145		199	304	0	#190
out_1146:1433	307	241	0	#191
out_1146:1918	307	234	0	#192
out_1146:823	307	239	0	#193
out_1146:109	307	240	0	#194
1147		239	289	0	#195
1148		306	27	0	#196
1149		34	307	0	#197
115		304	266	0	#198
1150		3	271	0	#199
1151		307	216	0	#200
1152		193	307	0	#201
1153		194	0	0	#202
1154		297	304	0	#203
1155		238	289	0	#204
1156		0	127	0	#205
1157		52	305	0	#206
1158		307	296	0	#207
1159		1	304	0	#208
116		138	303	0	#209
1160		83	170	0	#210
1161		306	141	0	#211
1162		147	1	0	#212
1163		160	156	0	#213
1164		306	241	0	#214
1165		198	307	0	#215
1166		306	225	0	#216
1167		156	307	0	#217
1168		287	0	0	#218
1169		105	166	0	#219
117		275	240	0	#220
1170		162	293	0	#221
1171		15	298	0	#222
1172		14	293	0	#223
1173		1	65	0	#224
1174		146	2	0	#225
1175		187	305	0	#226
1176		14	290	0	#227
1177		186	305	0	#228
1178		113	165	0	#229
1179		171	304	0	#230
118		305	288	0	#231
1180		0	286	0	#232
1181		307	205	0	#233
1182		2	166	0	#234
1183		2	109	0	#235
1184		48	0	0	#236
out_1185:1926	240	0	0	#237
out_1185:2344	307	62	0	#238
out_1185:1520	207	307	0	#239
1186		0	113	0	#240
out_1187:280	171	307	0	#241
out_1187:1252	172	307	0	#242
out_1187:171	159	307	0	#243
out_1187:2370	176	307	0	#244
out_1187:663	175	307	0	#245
1188		0	45	0	#246
1189		307	217	0	#247
119		118	292	0	#248
1190		24	2	0	#249
1191		306	51	0	#250
1192		3	1	0	#251
1193		0	177	0	#252
1194		307	258	0	#253
1195		0	100	0	#254
1196		4	58	0	#255
1197		115	305	0	#256
1198		1	2	0	#257
1199		262	304	0	#258
12		110	166	0	#259
120		48	307	0	#260
1200		181	1	0	#261
1201		307	262	0	#262
1202		118	116	0	#263
out_1203:81	307	197	0	#264
out_1203:940	307	199	0	#265
out_1203:80	307	218	0	#266
1204		210	0	0	#267
1205		1	141	0	#268
1206		114	122	0	#269
1207		197	304	0	#270
1208		185	1	0	#271
1209		307	259	0	#272
121		118	120	0	#273
1210		2	171	0	#274
1211		307	51	0	#275
1212		197	307	0	#276
1213		173	293	0	#277
1214		305	181	0	#278
1215		28	165	0	#279
1216		246	0	0	#280
1217		307	53	0	#281
out_1218:486	307	75	0	#282
out_1218:856	307	264	0	#283
1219		306	233	0	#284
122		302	307	0	#285
1220		48	1	0	#286
1221		119	172	0	#287
1222		54	2	0	#288
1223		306	257	0	#289
1224		269	2	0	#290
1225		284	307	0	#291
1226		165	307	0	#292
1227		57	307	0	#293
out_1228:706	0	11	0	#294
1229		23	166	0	#295
123		216	304	0	#296
1230		305	205	0	#297
1231		306	274	0	#298
1232		94	1	0	#299
1233		233	1	0	#300
1234		305	139	0	#301
1235		208	188	0	#302
1236		0	148	0	#303
1237		114	162	0	#304
1238		53	307	0	#305
1239		306	273	0	#306
124		307	281	0	#307
1240		29	0	0	#308
1241		305	112	0	#309
1242		307	116	0	#310
1243		242	121	0	#311
1244		32	307	0	#312
1245		126	3	0	#313
1246		118	290	0	#314
1247		196	304	0	#315
1248		205	164	0	#316
1249		192	0	0	#317
125		305	93	0	#318
1250		105	2	0	#319
1251		104	165	0	#320
1252		170	303	0	#321
1253		142	307	0	#322
1254		149	1	0	#323
1255		248	117	0	#324
1256		175	112	0	#325
1257		305	307	0	#326
1258		122	304	0	#327
1259		302	1	0	#328
126		305	269	0	#329
1260		237	113	0	#330
1261		283	1	0	#331
1262		230	303	0	#332
1263		0	151	0	#333
1264		307	69	0	#334
1265		167	307	0	#335
1266		306	195	0	#336
1267		290	307	0	#337
1268		167	304	0	#338
1269		170	304	0	#339
127		7	304	0	#340
1270		198	0	0	#341
1271		180	307	0	#342
1272		10	164	0	#343
1273		307	204	0	#344
1274		301	140	0	#345
1275		178	1	0	#346
1276		127	307	0	#347
1277		99	2	0	#348
1278		186	0	0	#349
1279		0	129	0	#350
128		109	167	0	#351
out_1280:597	292	307	0	#352
out_1280:2327	209	307	0	#353
out_1280:250	233	307	0	#354
out_1280:660	271	307	0	#355
1281		307	178	0	#356
1282		210	1	0	#357
1283		161	289	0	#358
1284		178	303	0	#359
1285		238	61	0	#360
1286		306	194	0	#361
1287		0	9	0	#362
1288		178	2	0	#363
out_1289:2345	0	49	0	#364
out_1289:2339	0	73	0	#365
out_129:893	110	307	0	#366
out_129:1644	74	307	0	#367
out_129:1645	130	307	0	#368
out_129:1402	61	307	0	#369
1290		304	268	0	#370
1291		307	40	0	#371
1292		306	231	0	#372
1293		305	268	0	#373
1294		307	99	0	#374
1295		0	107	0	#375
1296		307	212	0	#376
1297		41	296	0	#377
1298		307	33	0	#378
1299		169	301	0	#379
13		238	113	0	#380
out_130:955	63	0	0	#381
1300		303	266	0	#382
1301		104	1	0	#383
1302		2	203	0	#384
1303		170	282	0	#385
1304		170	291	0	#386
out_1305:1090	160	307	0	#387
out_1305:1633	163	307	0	#388
out_1305:982	161	307	0	#389
out_1305:2315	174	307	0	#390
out_1306:2198	66	0	0	#391
out_1306:1169	0	166	0	#392
1307		239	113	0	#393
1308		3	167	0	#394
1309		220	0	0	#395
131		226	304	0	#396
out_1310:1337	106	0	0	#397
1311		160	154	0	#398
1312		1	106	0	#399
1313		307	224	0	#400
1314		49	295	0	#401
1315		86	307	0	#402
1316		27	166	0	#403
1317		169	282	0	#404
1318		107	3	0	#405
1319		6	0	0	#406
132		239	122	0	#407
1320		138	304	0	#408
1321		1	289	0	#409
1322		0	90	0	#410
1323		184	1	0	#411
1324		237	304	0	#412
1325		1	196	0	#413
1326		307	18	0	#414
out_1327:1173	0	48	0	#415
out_1327:858	0	41	0	#416
out_1327:1600	0	42	0	#417
1328		307	215	0	#418
out_1329:472	112	0	0	#419
out_1329:1895	109	0	0	#420
out_1329:1250	108	0	0	#421
133		105	1	0	#422
1330		0	188	0	#423
1331		105	171	0	#424
1332		2	77	0	#425
1333		2	200	0	#426
1334		160	151	0	#427
1335		0	305	0	#428
1336		307	85	0	#429
1337		102	1	0	#430
1338		257	0	0	#431
1339		175	0	0	#432
134		200	305	0	#433
1340		0	198	0	#434
1341		97	0	0	#435
1342		85	161	0	#436
1343		2	6	0	#437
1344		52	304	0	#438
1345		0	296	0	#439
1346		192	1	0	#440
1347		0	236	0	#441
out_1348:923	189	0	0	#442
out_1348:1346	191	0	0	#443
out_1348:1963	197	0	0	#444
1349		9	307	0	#445
135		26	166	0	#446
1350		199	0	0	#447
1351		202	0	0	#448
1352		1	37	0	#449
1353		193	2	0	#450
1354		97	1	0	#451
1355		19	170	0	#452
1356		88	303	0	#453
1357		93	0	0	#454
1358		115	307	0	#455
1359		0	76	0	#456
136		307	46	0	#457
1360		101	1	0	#458
1361		93	1	0	#459
1362		220	304	0	#460
1363		91	1	0	#461
out_1364:2090	307	121	0	#462
out_1364:2091	241	307	0	#463
out_1364:978	243	307	0	#464
out_1364:2092	242	307	0	#465
1365		1	121	0	#466
1366		85	1	0	#467
1367		164	113	0	#468
1368		1	146	0	#469
1369		85	0	0	#470
137		104	3	0	#471
1370		1	159	0	#472
1371		307	111	0	#473
1372		307	12	0	#474
1373		2	199	0	#475
1374		39	0	0	#476
1375		148	3	0	#477
1376		239	114	0	#478
1377		189	1	0	#479
1378		86	0	0	#480
1379		274	0	0	#481
138		296	302	0	#482
1380		1	276	0	#483
1381		84	0	0	#484
1382		307	78	0	#485
1383		79	0	0	#486
1384		14	302	0	#487
1385		306	142	0	#488
1386		95	2	0	#489
1387		157	158	0	#490
1388		94	0	0	#491
1389		240	288	0	#492
139		28	166	0	#493
1390		284	0	0	#494
1391		198	300	0	#495
1392		198	304	0	#496
out_1393:1361	96	0	0	#497
out_1393:1049	102	0	0	#498
out_1394:629	204	0	0	#499
out_1394:897	203	0	0	#500
1395		193	1	0	#501
1396		270	135	0	#502
1397		101	0	0	#503
1398		1	100	0	#504
1399		265	1	0	#505
14		166	150	0	#506
140		305	26	0	#507
out_1400:966	174	0	0	#508
out_1400:923	190	0	0	#509
out_1400:1964	180	0	0	#510
out_1400:1208	182	0	0	#511
1401		305	233	0	#512
1402		65	304	0	#513
1403		121	0	0	#514
out_1404:1401	307	235	0	#515
out_1404:1405	273	307	0	#516
1405		274	301	0	#517
1406		1	76	0	#518
1407		303	112	0	#519
1408		2	100	0	#520
1409		240	289	0	#521
141		102	165	0	#522
1410		239	290	0	#523
1411		304	211	0	#524
1412		118	113	0	#525
1413		243	63	0	#526
1414		4	56	0	#527
1415		226	305	0	#528
1416		4	74	0	#529
1417		307	134	0	#530
1418		168	135	0	#531
1419		2	58	0	#532
142		306	140	0	#533
1420		238	58	0	#534
1421		305	163	0	#535
1422		3	77	0	#536
1423		1	78	0	#537
1424		164	137	0	#538
1425		98	2	0	#539
1426		1	79	0	#540
1427		0	87	0	#541
1428		0	74	0	#542
1429		35	1	0	#543
143		105	165	0	#544
1430		0	79	0	#545
1431		1	77	0	#546
1432		0	301	0	#547
1433		306	237	0	#548
1434		304	138	0	#549
1435		0	78	0	#550
1436		67	0	0	#551
1437		81	307	0	#552
1438		4	77	0	#553
1439		269	119	0	#554
144		2	207	0	#555
1440		2	75	0	#556
1441		0	92	0	#557
1442		306	66	0	#558
1443		302	0	0	#559
1444		3	78	0	#560
1445		0	91	0	#561
1446		2	78	0	#562
1447		238	290	0	#563
1448		1	80	0	#564
1449		216	305	0	#565
145		101	2	0	#566
1450		0	83	0	#567
1451		1	284	0	#568
1452		240	117	0	#569
1453		167	1	0	#570
1454		3	44	0	#571
1455		297	305	0	#572
1456		2	2	0	#573
out_1457:1526	171	0	0	#574
out_1457:1198	0	51	0	#575
out_1457:659	3	0	0	#576
out_1457:671	74	0	0	#577
1458		0	2	0	#578
1459		1	0	0	#579
146		116	121	0	#580
1460		106	1	0	#581
1461		0	1	0	#582
1462		262	307	0	#583
1463		0	3	0	#584
1464		168	0	0	#585
1465		166	0	0	#586
1466		243	121	0	#587
1467		2	9	0	#588
1468		169	0	0	#589
1469		1	56	0	#590
147		88	163	0	#591
1470		1	54	0	#592
1471		3	57	0	#593
1472		307	8	0	#594
1473		2	59	0	#595
1474		299	307	0	#596
1475		2	60	0	#597
1476		1	59	0	#598
1477		0	65	0	#599
1478		307	303	0	#600
1479		2	202	0	#601
148		307	210	0	#602
1480		2	3	0	#603
1481		0	63	0	#604
1482		1	235	0	#605
1483		0	64	0	#606
1484		305	270	0	#607
1485		3	56	0	#608
1486		4	75	0	#609
1487		281	0	0	#610
1488		56	1	0	#611
1489		3	54	0	#612
149		22	307	0	#613
1490		2	84	0	#614
1491		269	113	0	#615
1492		105	297	0	#616
1493		105	299	0	#617
1494		104	301	0	#618
1495		101	303	0	#619
1496		106	304	0	#620
1497		103	298	0	#621
1498		15	304	0	#622
1499		92	305	0	#623
15		167	145	0	#624
150		134	304	0	#625
1500		287	307	0	#626
1501		94	307	0	#627
1502		92	304	0	#628
1503		274	240	0	#629
1504		262	0	0	#630
1505		95	307	0	#631
1506		0	133	0	#632
1507		93	307	0	#633
1508		0	300	0	#634
out_1509:1523	0	298	0	#635
out_1509:983	96	307	0	#636
151		33	164	0	#637
1510		92	302	0	#638
1511		248	307	0	#639
1512		106	305	0	#640
out_1513:986	76	307	0	#641
out_1513:1512	103	307	0	#642
out_1513:364	102	307	0	#643
out_1514:2065	307	22	0	#644
out_1514:1148	307	28	0	#645
out_1514:1939	307	76	0	#646
out_1514:191	307	29	0	#647
1515		105	307	0	#648
1516		307	159	0	#649
1517		104	307	0	#650
1518		2	38	0	#651
1519		108	307	0	#652
152		305	140	0	#653
1520		157	1	0	#654
1521		106	307	0	#655
1522		247	307	0	#656
1523		1	298	0	#657
1524		101	307	0	#658
1525		97	307	0	#659
1526		169	1	0	#660
1527		100	307	0	#661
1528		98	307	0	#662
1529		107	304	0	#663
153		266	0	0	#664
1530		307	119	0	#665
1531		84	167	0	#666
1532		154	190	0	#667
1533		100	303	0	#668
1534		208	112	0	#669
1535		304	117	0	#670
1536		305	113	0	#671
1537		181	2	0	#672
1538		99	307	0	#673
1539		117	121	0	#674
154		101	164	0	#675
1540		269	122	0	#676
1541		306	5	0	#677
1542		249	307	0	#678
1543		273	1	0	#679
out_1544:1119	307	9	0	#680
out_1544:1546	276	0	0	#681
out_1544:973	277	0	0	#682
out_1544:1550	307	3	0	#683
1545		293	2	0	#684
1546		275	1	0	#685
1547		306	102	0	#686
1548		293	1	0	#687
1549		157	190	0	#688
155		288	307	0	#689
1550		306	4	0	#690
1551		271	0	0	#691
1552		307	31	0	#692
1553		92	307	0	#693
1554		307	189	0	#694
1555		275	2	0	#695
1556		272	0	0	#696
1557		275	0	0	#697
1558		125	307	0	#698
1559		125	0	0	#699
out_156:1318	107	0	0	#700
1560		307	7	0	#701
1561		307	4	0	#702
1562		126	120	0	#703
1563		305	59	0	#704
out_1564:1541	278	0	0	#705
out_1564:1543	270	0	0	#706
1565		118	171	0	#707
1566		305	0	0	#708
1567		275	3	0	#709
out_1568:1370	0	161	0	#710
out_1568:371	0	163	0	#711
out_1568:214	0	164	0	#712
1569		251	63	0	#713
157		4	54	0	#714
1570		304	112	0	#715
1571		305	209	0	#716
1572		207	189	0	#717
1573		1	147	0	#718
1574		307	112	0	#719
1575		3	305	0	#720
1576		304	60	0	#721
1577		282	307	0	#722
1578		0	299	0	#723
1579		307	120	0	#724
158		23	167	0	#725
1580		307	118	0	#726
1581		305	116	0	#727
1582		306	116	0	#728
1583		1	285	0	#729
1584		306	112	0	#730
1585		147	3	0	#731
1586		2	228	0	#732
1587		252	307	0	#733
1588		122	112	0	#734
1589		269	112	0	#735
159		13	164	0	#736
1590		306	138	0	#737
1591		104	298	0	#738
1592		267	304	0	#739
1593		118	172	0	#740
1594		275	112	0	#741
1595		292	2	0	#742
1596		103	301	0	#743
1597		159	152	0	#744
1598		239	121	0	#745
1599		4	60	0	#746
out_16:1367	151	307	0	#747
out_16:1424	0	153	0	#748
out_16:2374	190	307	0	#749
out_16:1786	307	157	0	#750
160		24	0	0	#751
1600		1	42	0	#752
1601		304	86	0	#753
out_1602:1644	73	307	0	#754
out_1602:1645	131	307	0	#755
out_1602:1402	62	307	0	#756
out_1602:1649	117	307	0	#757
1603		122	113	0	#758
1604		146	307	0	#759
1605		2	274	0	#760
1606		116	122	0	#761
1607		116	292	0	#762
out_1608:1745	0	95	0	#763
out_1608:545	0	303	0	#764
out_1608:1762	0	185	0	#765
1609		0	280	0	#766
161		18	160	0	#767
1610		118	291	0	#768
1611		117	293	0	#769
1612		87	303	0	#770
1613		306	87	0	#771
1614		82	1	0	#772
out_1615:150	134	307	0	#773
out_1615:1997	135	307	0	#774
out_1615:1356	89	307	0	#775
out_1615:2180	136	307	0	#776
1616		105	170	0	#777
1617		0	291	0	#778
1618		82	305	0	#779
1619		86	303	0	#780
162		307	97	0	#781
1620		86	304	0	#782
1621		81	304	0	#783
1622		87	304	0	#784
1623		1	144	0	#785
1624		87	305	0	#786
1625		84	307	0	#787
1626		88	307	0	#788
1627		241	111	0	#789
1628		143	304	0	#790
1629		307	137	0	#791
163		2	168	0	#792
1630		139	304	0	#793
1631		140	307	0	#794
1632		138	307	0	#795
1633		169	289	0	#796
1634		307	166	0	#797
1635		141	307	0	#798
1636		1	126	0	#799
1637		267	133	0	#800
1638		0	290	0	#801
1639		143	305	0	#802
164		245	307	0	#803
1640		243	120	0	#804
1641		143	307	0	#805
1642		0	274	0	#806
1643		116	304	0	#807
1644		73	304	0	#808
1645		117	304	0	#809
1646		121	304	0	#810
1647		11	307	0	#811
1648		307	26	0	#812
1649		117	305	0	#813
165		39	296	0	#814
1650		238	121	0	#815
1651		121	305	0	#816
1652		144	304	0	#817
1653		243	1	0	#818
1654		116	307	0	#819
1655		147	307	0	#820
1656		113	307	0	#821
out_1657:1924	307	263	0	#822
out_1657:2095	272	307	0	#823
1658		304	87	0	#824
1659		112	307	0	#825
166		177	303	0	#826
1660		113	305	0	#827
1661		66	305	0	#828
1662		66	304	0	#829
1663		239	112	0	#830
1664		59	305	0	#831
1665		2	253	0	#832
1666		58	307	0	#833
1667		56	307	0	#834
1668		60	307	0	#835
1669		66	307	0	#836
167		3	168	0	#837
1670		119	303	0	#838
1671		1	60	0	#839
1672		118	303	0	#840
1673		307	286	0	#841
1674		111	304	0	#842
out_1675:1618	133	307	0	#843
out_1675:1624	132	307	0	#844
out_1675:1058	137	307	0	#845
1676		117	303	0	#846
1677		46	1	0	#847
1678		115	122	0	#848
1679		305	66	0	#849
168		307	247	0	#850
1680		118	293	0	#851
1681		305	88	0	#852
1682		118	160	0	#853
1683		135	167	0	#854
1684		273	219	0	#855
1685		68	307	0	#856
1686		305	242	0	#857
1687		4	55	0	#858
1688		156	157	0	#859
1689		118	167	0	#860
169		4	59	0	#861
1690		111	164	0	#862
1691		166	151	0	#863
1692		114	305	0	#864
1693		83	167	0	#865
1694		117	164	0	#866
1695		112	162	0	#867
1696		0	80	0	#868
1697		102	163	0	#869
1698		207	0	0	#870
1699		117	162	0	#871
17		167	150	0	#872
170		0	37	0	#873
1700		307	251	0	#874
1701		112	170	0	#875
1702		117	292	0	#876
1703		110	118	0	#877
1704		307	107	0	#878
1705		184	170	0	#879
1706		0	75	0	#880
1707		270	40	0	#881
1708		117	170	0	#882
out_1709:1491	0	125	0	#883
out_1709:1493	109	307	0	#884
out_1709:169	0	111	0	#885
171		158	305	0	#886
1710		2	144	0	#887
1711		246	1	0	#888
1712		185	170	0	#889
1713		1	200	0	#890
1714		305	214	0	#891
1715		239	291	0	#892
1716		99	167	0	#893
1717		307	115	0	#894
out_1718:1106	65	0	0	#895
1719		161	2	0	#896
172		239	58	0	#897
1720		230	1	0	#898
1721		162	288	0	#899
1722		50	2	0	#900
1723		306	82	0	#901
1724		59	2	0	#902
1725		26	167	0	#903
1726		167	0	0	#904
1727		104	168	0	#905
1728		151	150	0	#906
out_1729:894	307	156	0	#907
173		212	1	0	#908
1730		168	147	0	#909
1731		168	152	0	#910
1732		269	124	0	#911
1733		206	188	0	#912
1734		302	141	0	#913
1735		52	293	0	#914
1736		269	121	0	#915
1737		117	0	0	#916
1738		69	130	0	#917
out_1739:1391	192	307	0	#918
out_1739:1392	203	307	0	#919
out_1739:1114	205	307	0	#920
out_1739:134	204	307	0	#921
out_1739:924	206	307	0	#922
174		25	165	0	#923
out_1740:1623	0	154	0	#924
out_1740:1104	0	145	0	#925
out_1740:1743	223	0	0	#926
out_1740:1018	0	147	0	#927
1741		307	232	0	#928
1742		156	189	0	#929
1743		69	125	0	#930
1744		305	138	0	#931
1745		68	1	0	#932
1746		69	128	0	#933
1747		69	1	0	#934
1748		69	302	0	#935
1749		70	1	0	#936
175		36	1	0	#937
1750		71	0	0	#938
1751		69	0	0	#939
1752		70	0	0	#940
1753		192	2	0	#941
1754		302	138	0	#942
1755		306	90	0	#943
1756		0	39	0	#944
1757		71	307	0	#945
1758		199	135	0	#946
1759		72	307	0	#947
176		34	302	0	#948
1760		155	190	0	#949
1761		69	307	0	#950
1762		1	185	0	#951
1763		1	183	0	#952
1764		1	184	0	#953
1765		0	187	0	#954
1766		0	186	0	#955
1767		22	0	0	#956
1768		1	148	0	#957
1769		303	40	0	#958
177		198	299	0	#959
1770		268	1	0	#960
1771		86	2	0	#961
1772		263	1	0	#962
1773		307	142	0	#963
1774		265	0	0	#964
1775		240	126	0	#965
1776		267	0	0	#966
1777		269	0	0	#967
1778		4	73	0	#968
1779		254	307	0	#969
178		276	307	0	#970
1780		5	54	0	#971
1781		268	0	0	#972
1782		198	298	0	#973
1783		264	0	0	#974
1784		263	0	0	#975
1785		307	43	0	#976
1786		167	152	0	#977
1787		260	0	0	#978
1788		114	307	0	#979
1789		248	304	0	#980
179		258	0	0	#981
1790		303	0	0	#982
1791		305	40	0	#983
1792		305	43	0	#984
1793		305	39	0	#985
1794		306	42	0	#986
1795		307	42	0	#987
1796		307	93	0	#988
1797		149	2	0	#989
1798		307	39	0	#990
1799		307	270	0	#991
18		276	231	0	#992
180		36	307	0	#993
1800		227	0	0	#994
1801		306	39	0	#995
1802		14	298	0	#996
1803		307	44	0	#997
1804		157	0	0	#998
1805		199	307	0	#999
1806		271	121	0	#1000
1807		306	144	0	#1001
1808		306	16	0	#1002
1809		116	1	0	#1003
181		30	307	0	#1004
1810		269	117	0	#1005
1811		269	134	0	#1006
1812		69	129	0	#1007
1813		162	289	0	#1008
1814		267	126	0	#1009
1815		269	39	0	#1010
1816		302	135	0	#1011
1817		305	141	0	#1012
1818		100	165	0	#1013
1819		245	2	0	#1014
182		307	279	0	#1015
1820		306	161	0	#1016
1821		306	162	0	#1017
1822		307	19	0	#1018
1823		306	158	0	#1019
1824		1	210	0	#1020
1825		139	1	0	#1021
1826		305	173	0	#1022
1827		305	160	0	#1023
1828		158	154	0	#1024
1829		306	165	0	#1025
183		33	302	0	#1026
1830		0	159	0	#1027
1831		156	158	0	#1028
1832		196	307	0	#1029
1833		305	159	0	#1030
1834		16	1	0	#1031
1835		306	166	0	#1032
1836		3	59	0	#1033
1837		307	167	0	#1034
1838		306	164	0	#1035
1839		307	161	0	#1036
184		201	307	0	#1037
1840		307	147	0	#1038
1841		230	0	0	#1039
1842		307	169	0	#1040
1843		307	170	0	#1041
1844		150	0	0	#1042
1845		306	175	0	#1043
1846		305	180	0	#1044
1847		270	122	0	#1045
1848		305	176	0	#1046
1849		270	102	0	#1047
185		33	293	0	#1048
1850		307	179	0	#1049
1851		307	176	0	#1050
out_1852:2098	307	292	0	#1051
out_1852:735	307	284	0	#1052
out_1852:118	307	221	0	#1053
out_1852:2100	307	285	0	#1054
1853		307	177	0	#1055
1854		307	181	0	#1056
1855		118	173	0	#1057
1856		306	180	0	#1058
1857		77	307	0	#1059
1858		307	183	0	#1060
1859		307	182	0	#1061
186		275	235	0	#1062
1860		307	277	0	#1063
1861		307	184	0	#1064
1862		304	139	0	#1065
out_1863:117	307	255	0	#1066
out_1863:1147	240	307	0	#1067
out_1863:114	307	256	0	#1068
out_1863:19	307	223	0	#1069
1864		305	137	0	#1070
1865		126	2	0	#1071
1866		305	42	0	#1072
1867		306	139	0	#1073
1868		305	272	0	#1074
1869		306	134	0	#1075
187		118	0	0	#1076
1870		161	288	0	#1077
1871		307	297	0	#1078
1872		239	63	0	#1079
1873		306	133	0	#1080
1874		305	161	0	#1081
1875		306	135	0	#1082
1876		307	139	0	#1083
1877		184	0	0	#1084
1878		307	143	0	#1085
1879		304	59	0	#1086
188		115	0	0	#1087
1880		108	1	0	#1088
1881		239	61	0	#1089
1882		307	140	0	#1090
1883		306	145	0	#1091
1884		141	1	0	#1092
1885		306	150	0	#1093
1886		28	307	0	#1094
1887		158	189	0	#1095
1888		307	148	0	#1096
1889		307	145	0	#1097
189		82	304	0	#1098
1890		135	0	0	#1099
1891		307	153	0	#1100
1892		306	149	0	#1101
1893		305	81	0	#1102
1894		307	154	0	#1103
1895		107	1	0	#1104
1896		307	152	0	#1105
1897		0	38	0	#1106
1898		1	197	0	#1107
1899		305	157	0	#1108
19		275	232	0	#1109
190		227	307	0	#1110
1900		303	137	0	#1111
1901		304	137	0	#1112
1902		306	101	0	#1113
1903		305	162	0	#1114
1904		270	121	0	#1115
1905		303	140	0	#1116
out_1906:867	307	48	0	#1117
out_1906:784	307	266	0	#1118
out_1906:2347	307	257	0	#1119
out_1906:1191	307	109	0	#1120
1907		0	128	0	#1121
1908		271	135	0	#1122
1909		306	88	0	#1123
191		305	25	0	#1124
1910		0	97	0	#1125
1911		55	1	0	#1126
1912		267	127	0	#1127
1913		301	141	0	#1128
1914		306	85	0	#1129
1915		304	141	0	#1130
out_1916:2334	307	186	0	#1131
out_1916:1820	307	163	0	#1132
out_1917:1042	0	146	0	#1133
out_1917:1738	307	130	0	#1134
1918		305	228	0	#1135
1919		206	189	0	#1136
192		119	0	0	#1137
1920		158	155	0	#1138
1921		101	3	0	#1139
1922		249	111	0	#1140
1923		158	157	0	#1141
1924		306	282	0	#1142
1925		307	274	0	#1143
1926		240	1	0	#1144
1927		158	152	0	#1145
1928		157	157	0	#1146
1929		111	167	0	#1147
193		0	122	0	#1148
1930		160	0	0	#1149
1931		1	85	0	#1150
1932		108	168	0	#1151
1933		160	155	0	#1152
1934		248	1	0	#1153
1935		157	156	0	#1154
1936		161	153	0	#1155
1937		305	18	0	#1156
1938		2	197	0	#1157
1939		305	17	0	#1158
194		0	167	0	#1159
1940		240	119	0	#1160
1941		306	13	0	#1161
1942		306	12	0	#1162
1943		306	11	0	#1163
1944		0	201	0	#1164
1945		307	15	0	#1165
1946		307	16	0	#1166
1947		306	18	0	#1167
1948		307	81	0	#1168
1949		1	220	0	#1169
195		83	0	0	#1170
1950		307	13	0	#1171
1951		305	271	0	#1172
1952		170	0	0	#1173
1953		307	14	0	#1174
1954		305	94	0	#1175
1955		2	19	0	#1176
1956		306	30	0	#1177
1957		307	106	0	#1178
1958		306	31	0	#1179
1959		258	304	0	#1180
196		0	25	0	#1181
1960		65	305	0	#1182
1961		307	23	0	#1183
1962		306	234	0	#1184
1963		197	1	0	#1185
1964		177	2	0	#1186
1965		307	25	0	#1187
1966		307	32	0	#1188
1967		307	34	0	#1189
out_1968:1323	183	0	0	#1190
out_1968:1275	181	0	0	#1191
1969		231	1	0	#1192
197		307	49	0	#1193
1970		2	121	0	#1194
1971		3	197	0	#1195
1972		307	73	0	#1196
1973		1	199	0	#1197
1974		2	198	0	#1198
1975		307	114	0	#1199
1976		1	198	0	#1200
1977		54	307	0	#1201
1978		0	199	0	#1202
1979		59	0	0	#1203
198		51	304	0	#1204
1980		0	197	0	#1205
1981		123	0	0	#1206
1982		0	204	0	#1207
1983		1	245	0	#1208
1984		1	247	0	#1209
1985		156	0	0	#1210
1986		252	0	0	#1211
1987		0	251	0	#1212
1988		0	248	0	#1213
1989		0	249	0	#1214
out_199:200	120	0	0	#1215
out_199:198	43	307	0	#1216
out_199:1157	55	307	0	#1217
out_199:1809	75	0	0	#1218
1990		33	303	0	#1219
1991		1	246	0	#1220
1992		0	231	0	#1221
1993		0	229	0	#1222
1994		0	233	0	#1223
1995		159	145	0	#1224
out_1996:2371	128	307	0	#1225
out_1996:2372	307	129	0	#1226
out_1996:12	307	187	0	#1227
out_1996:8	111	307	0	#1228
out_1996:7	148	307	0	#1229
1997		135	303	0	#1230
1998		305	21	0	#1231
1999		91	307	0	#1232
2		82	167	0	#1233
20		1	114	0	#1234
200		117	1	0	#1235
2000		159	153	0	#1236
2001		305	27	0	#1237
2002		221	305	0	#1238
2003		3	191	0	#1239
2004		2	22	0	#1240
out_2005:854	208	307	0	#1241
out_2005:506	210	307	0	#1242
2006		2	196	0	#1243
2007		33	165	0	#1244
out_2008:1941	307	20	0	#1245
out_2008:1947	307	21	0	#1246
out_2008:1956	307	30	0	#1247
2009		103	169	0	#1248
201		34	303	0	#1249
2010		156	160	0	#1250
2011		24	307	0	#1251
2012		0	285	0	#1252
2013		306	248	0	#1253
2014		59	304	0	#1254
out_2015:796	0	271	0	#1255
out_2015:1605	0	283	0	#1256
out_2015:1098	0	270	0	#1257
out_2015:2016	0	282	0	#1258
2016		1	282	0	#1259
2017		306	55	0	#1260
2018		195	0	0	#1261
2019		2	271	0	#1262
202		293	0	0	#1263
2020		2	272	0	#1264
2021		0	58	0	#1265
2022		0	276	0	#1266
2023		0	278	0	#1267
2024		8	0	0	#1268
2025		307	82	0	#1269
2026		1	273	0	#1270
2027		0	294	0	#1271
2028		0	275	0	#1272
2029		0	281	0	#1273
203		269	40	0	#1274
2030		26	307	0	#1275
2031		0	273	0	#1276
2032		0	272	0	#1277
2033		1	283	0	#1278
2034		104	2	0	#1279
2035		1	287	0	#1280
2036		240	58	0	#1281
2037		0	288	0	#1282
2038		0	292	0	#1283
2039		0	287	0	#1284
204		1	169	0	#1285
2040		0	293	0	#1286
2041		255	304	0	#1287
2042		155	189	0	#1288
2043		0	256	0	#1289
2044		2	204	0	#1290
2045		102	162	0	#1291
2046		241	60	0	#1292
2047		207	188	0	#1293
2048		256	304	0	#1294
2049		306	212	0	#1295
205		0	169	0	#1296
2050		25	0	0	#1297
2051		185	305	0	#1298
2052		307	214	0	#1299
2053		305	82	0	#1300
2054		207	187	0	#1301
2055		307	213	0	#1302
2056		306	210	0	#1303
2057		307	188	0	#1304
2058		2	221	0	#1305
2059		307	68	0	#1306
206		306	236	0	#1307
2060		240	59	0	#1308
2061		2	222	0	#1309
2062		1	238	0	#1310
2063		0	225	0	#1311
2064		0	228	0	#1312
2065		306	21	0	#1313
2066		0	241	0	#1314
2067		1	240	0	#1315
2068		0	242	0	#1316
2069		0	243	0	#1317
207		0	175	0	#1318
2070		109	168	0	#1319
2071		156	159	0	#1320
2072		155	191	0	#1321
2073		0	297	0	#1322
2074		2	273	0	#1323
2075		240	134	0	#1324
2076		158	151	0	#1325
2077		158	156	0	#1326
2078		1	208	0	#1327
2079		158	158	0	#1328
208		0	172	0	#1329
2080		156	190	0	#1330
2081		32	163	0	#1331
2082		161	156	0	#1332
2083		160	153	0	#1333
out_2084:140	307	36	0	#1334
out_2084:1937	307	37	0	#1335
2085		166	137	0	#1336
2086		267	134	0	#1337
2087		157	191	0	#1338
2088		241	113	0	#1339
2089		239	110	0	#1340
209		96	2	0	#1341
2090		242	118	0	#1342
2091		241	121	0	#1343
2092		243	116	0	#1344
2093		240	121	0	#1345
2094		3	33	0	#1346
2095		305	289	0	#1347
2096		127	3	0	#1348
2097		242	62	0	#1349
2098		306	288	0	#1350
2099		56	0	0	#1351
21		276	232	0	#1352
210		233	0	0	#1353
2100		306	283	0	#1354
2101		306	294	0	#1355
2102		306	289	0	#1356
2103		243	119	0	#1357
2104		305	213	0	#1358
2105		306	297	0	#1359
2106		306	298	0	#1360
2107		306	296	0	#1361
2108		307	304	0	#1362
2109		306	299	0	#1363
211		0	77	0	#1364
2110		105	167	0	#1365
2111		307	295	0	#1366
2112		306	25	0	#1367
2113		164	1	0	#1368
2114		306	281	0	#1369
2115		306	285	0	#1370
2116		306	280	0	#1371
2117		306	279	0	#1372
2118		307	289	0	#1373
2119		307	290	0	#1374
out_212:90	172	0	0	#1375
out_212:1603	122	307	0	#1376
out_212:2263	114	0	0	#1377
out_212:1606	307	124	0	#1378
out_2120:2006	0	194	0	#1379
out_2120:2072	155	307	0	#1380
out_2120:2319	0	269	0	#1381
2121		307	291	0	#1382
2122		103	165	0	#1383
2123		306	286	0	#1384
2124		307	282	0	#1385
2125		307	280	0	#1386
2126		125	121	0	#1387
2127		127	2	0	#1388
2128		128	2	0	#1389
2129		122	0	0	#1390
213		240	287	0	#1391
2130		126	0	0	#1392
2131		307	17	0	#1393
2132		127	0	0	#1394
2133		128	0	0	#1395
2134		274	241	0	#1396
2135		129	0	0	#1397
2136		130	0	0	#1398
2137		302	139	0	#1399
2138		306	81	0	#1400
2139		1	130	0	#1401
214		1	167	0	#1402
2140		0	131	0	#1403
2141		1	131	0	#1404
2142		251	111	0	#1405
2143		0	130	0	#1406
2144		0	137	0	#1407
2145		244	121	0	#1408
2146		305	210	0	#1409
2147		126	118	0	#1410
2148		127	121	0	#1411
2149		305	283	0	#1412
215		1	160	0	#1413
2150		261	307	0	#1414
2151		24	167	0	#1415
out_2152:2101	307	293	0	#1416
out_2152:2109	307	299	0	#1417
out_2152:2114	307	288	0	#1418
2153		248	111	0	#1419
2154		304	88	0	#1420
2155		261	304	0	#1421
2156		258	305	0	#1422
2157		259	304	0	#1423
2158		171	289	0	#1424
2159		2	76	0	#1425
out_216:1107	0	234	0	#1426
out_216:222	0	165	0	#1427
2160		1	55	0	#1428
2161		255	303	0	#1429
2162		307	146	0	#1430
2163		307	45	0	#1431
2164		260	304	0	#1432
2165		295	302	0	#1433
2166		249	305	0	#1434
2167		253	304	0	#1435
2168		235	1	0	#1436
2169		33	300	0	#1437
217		0	240	0	#1438
2170		249	304	0	#1439
2171		252	304	0	#1440
2172		251	307	0	#1441
2173		307	74	0	#1442
2174		244	307	0	#1443
2175		307	194	0	#1444
2176		1	239	0	#1445
2177		262	305	0	#1446
2178		100	0	0	#1447
2179		266	304	0	#1448
218		0	158	0	#1449
2180		137	303	0	#1450
2181		306	29	0	#1451
2182		263	304	0	#1452
2183		266	307	0	#1453
2184		281	304	0	#1454
2185		0	170	0	#1455
2186		270	307	0	#1456
2187		267	307	0	#1457
2188		268	307	0	#1458
2189		266	305	0	#1459
219		250	105	0	#1460
2190		264	307	0	#1461
2191		263	307	0	#1462
2192		305	91	0	#1463
2193		261	0	0	#1464
2194		307	98	0	#1465
2195		305	92	0	#1466
2196		306	91	0	#1467
2197		307	102	0	#1468
2198		52	3	0	#1469
2199		307	94	0	#1470
22		235	302	0	#1471
220		1	236	0	#1472
2200		136	0	0	#1473
2201		307	96	0	#1474
2202		307	103	0	#1475
2203		306	94	0	#1476
2204		307	92	0	#1477
out_2205:756	307	206	0	#1478
out_2205:441	307	222	0	#1479
out_2205:1286	307	196	0	#1480
out_2205:1230	307	207	0	#1481
2206		306	17	0	#1482
2207		307	90	0	#1483
2208		306	86	0	#1484
2209		2	201	0	#1485
221		271	40	0	#1486
2210		307	80	0	#1487
out_2211:843	0	284	0	#1488
out_2211:2257	0	268	0	#1489
2212		307	83	0	#1490
2213		307	87	0	#1491
2214		307	84	0	#1492
2215		307	86	0	#1493
2216		225	304	0	#1494
2217		250	111	0	#1495
2218		304	89	0	#1496
2219		0	263	0	#1497
222		1	158	0	#1498
2220		305	87	0	#1499
2221		240	118	0	#1500
2222		104	170	0	#1501
2223		243	117	0	#1502
out_2224:2148	307	122	0	#1503
out_2224:1909	307	110	0	#1504
out_2224:286	257	307	0	#1505
2225		248	112	0	#1506
2226		307	88	0	#1507
2227		306	137	0	#1508
2228		307	287	0	#1509
2229		239	1	0	#1510
223		306	247	0	#1511
2230		241	62	0	#1512
2231		238	1	0	#1513
2232		240	60	0	#1514
2233		247	0	0	#1515
2234		241	63	0	#1516
2235		140	0	0	#1517
2236		242	61	0	#1518
2237		243	60	0	#1519
2238		1	288	0	#1520
2239		257	118	0	#1521
224		305	226	0	#1522
2240		234	1	0	#1523
2241		239	60	0	#1524
2242		249	63	0	#1525
out_2243:2229	239	0	0	#1526
out_2243:672	237	0	0	#1527
out_2243:550	242	0	0	#1528
out_2243:2168	236	0	0	#1529
2244		245	1	0	#1530
2245		244	1	0	#1531
2246		305	204	0	#1532
2247		249	1	0	#1533
2248		251	0	0	#1534
2249		247	1	0	#1535
225		191	132	0	#1536
2250		248	0	0	#1537
2251		244	0	0	#1538
2252		232	1	0	#1539
2253		234	2	0	#1540
2254		67	307	0	#1541
2255		133	0	0	#1542
2256		231	0	0	#1543
2257		2	270	0	#1544
2258		1	84	0	#1545
2259		307	60	0	#1546
226		52	307	0	#1547
2260		49	2	0	#1548
2261		234	0	0	#1549
2262		226	0	0	#1550
2263		114	55	0	#1551
2264		225	0	0	#1552
2265		229	0	0	#1553
2266		228	0	0	#1554
2267		253	63	0	#1555
2268		307	52	0	#1556
2269		164	0	0	#1557
227		1	207	0	#1558
2270		1	83	0	#1559
2271		257	1	0	#1560
2272		305	58	0	#1561
2273		259	0	0	#1562
2274		0	232	0	#1563
2275		0	88	0	#1564
2276		0	86	0	#1565
2277		306	95	0	#1566
2278		306	96	0	#1567
2279		306	103	0	#1568
228		302	140	0	#1569
2280		306	97	0	#1570
2281		307	105	0	#1571
2282		307	108	0	#1572
2283		307	271	0	#1573
2284		307	104	0	#1574
2285		307	100	0	#1575
2286		240	61	0	#1576
2287		307	101	0	#1577
2288		243	56	0	#1578
2289		242	58	0	#1579
229		1	204	0	#1580
2290		240	63	0	#1581
2291		236	299	0	#1582
2292		0	99	0	#1583
2293		239	59	0	#1584
2294		0	230	0	#1585
2295		304	58	0	#1586
2296		161	1	0	#1587
out_2297:820	155	0	0	#1588
out_2297:898	154	0	0	#1589
out_2297:1719	173	0	0	#1590
out_2297:809	153	0	0	#1591
2298		162	1	0	#1592
2299		163	1	0	#1593
23		231	307	0	#1594
230		306	235	0	#1595
2300		165	0	0	#1596
2301		162	0	0	#1597
2302		140	1	0	#1598
2303		135	1	0	#1599
2304		0	277	0	#1600
2305		138	1	0	#1601
2306		142	0	0	#1602
2307		134	1	0	#1603
2308		137	0	0	#1604
2309		139	0	0	#1605
231		33	307	0	#1606
2310		132	0	0	#1607
2311		134	0	0	#1608
2312		305	57	0	#1609
2313		305	62	0	#1610
2314		306	64	0	#1611
2315		172	292	0	#1612
2316		305	67	0	#1613
2317		307	66	0	#1614
2318		307	191	0	#1615
2319		2	269	0	#1616
232		4	160	0	#1617
2320		307	67	0	#1618
2321		307	65	0	#1619
2322		0	134	0	#1620
2323		306	287	0	#1621
2324		307	70	0	#1622
2325		0	31	0	#1623
2326		307	72	0	#1624
2327		229	304	0	#1625
2328		306	59	0	#1626
2329		306	56	0	#1627
233		287	2	0	#1628
2330		306	60	0	#1629
2331		307	63	0	#1630
2332		307	61	0	#1631
2333		307	54	0	#1632
2334		305	171	0	#1633
2335		307	56	0	#1634
2336		307	57	0	#1635
2337		201	0	0	#1636
2338		238	44	0	#1637
2339		2	252	0	#1638
234		126	121	0	#1639
out_2340:1821	307	165	0	#1640
out_2340:1421	307	175	0	#1641
out_2340:1823	307	158	0	#1642
out_2340:1826	307	174	0	#1643
2341		238	53	0	#1644
2342		2	1	0	#1645
2343		241	58	0	#1646
2344		305	60	0	#1647
2345		1	66	0	#1648
2346		242	60	0	#1649
2347		306	258	0	#1650
2348		241	61	0	#1651
2349		240	83	0	#1652
235		1	260	0	#1653
2350		60	1	0	#1654
2351		253	305	0	#1655
2352		304	116	0	#1656
2353		242	63	0	#1657
2354		238	60	0	#1658
2355		238	59	0	#1659
2356		59	307	0	#1660
out_2357:2240	235	0	0	#1661
out_2357:1653	243	0	0	#1662
2358		163	0	0	#1663
2359		307	89	0	#1664
236		99	165	0	#1665
2360		241	118	0	#1666
2361		240	84	0	#1667
2362		241	119	0	#1668
2363		240	62	0	#1669
2364		200	135	0	#1670
2365		306	57	0	#1671
2366		163	137	0	#1672
2367		166	134	0	#1673
2368		112	164	0	#1674
2369		240	130	0	#1675
237		126	307	0	#1676
2370		176	304	0	#1677
2371		113	162	0	#1678
2372		242	128	0	#1679
2373		3	7	0	#1680
2374		237	112	0	#1681
2375		238	112	0	#1682
2376		149	0	0	#1683
2377		168	151	0	#1684
2378		167	151	0	#1685
2379		110	170	0	#1686
238		304	212	0	#1687
2380		84	170	0	#1688
2381		111	149	0	#1689
239		307	268	0	#1690
24		240	290	0	#1691
240		307	208	0	#1692
241		0	136	0	#1693
242		0	212	0	#1694
243		22	166	0	#1695
244		0	213	0	#1696
245		0	211	0	#1697
246		0	264	0	#1698
247		0	141	0	#1699
248		0	144	0	#1700
249		40	2	0	#1701
25		282	305	0	#1702
250		230	305	0	#1703
251		0	221	0	#1704
252		55	2	0	#1705
253		178	0	0	#1706
254		0	223	0	#1707
255		0	219	0	#1708
256		305	203	0	#1709
257		1	140	0	#1710
258		0	26	0	#1711
259		2	220	0	#1712
26		302	304	0	#1713
260		144	307	0	#1714
out_261:432	0	139	0	#1715
out_261:572	0	218	0	#1716
out_261:259	0	235	0	#1717
out_261:257	0	216	0	#1718
262		307	185	0	#1719
out_263:35	0	295	0	#1720
out_263:986	75	307	0	#1721
out_263:1499	90	307	0	#1722
out_263:513	44	307	0	#1723
264		1	261	0	#1724
265		307	113	0	#1725
266		307	79	0	#1726
267		0	262	0	#1727
268		2	119	0	#1728
269		1	118	0	#1729
27		152	168	0	#1730
270		21	0	0	#1731
out_271:819	307	171	0	#1732
out_271:1355	0	266	0	#1733
out_271:1331	0	192	0	#1734
out_271:745	0	191	0	#1735
272		255	1	0	#1736
273		238	110	0	#1737
274		0	114	0	#1738
275		160	152	0	#1739
out_276:623	307	220	0	#1740
out_276:1219	307	233	0	#1741
277		291	1	0	#1742
278		0	120	0	#1743
out_279:902	0	110	0	#1744
out_279:1408	0	103	0	#1745
28		302	303	0	#1746
280		171	291	0	#1747
281		256	1	0	#1748
282		223	307	0	#1749
283		307	38	0	#1750
284		305	16	0	#1751
285		267	1	0	#1752
286		257	304	0	#1753
287		32	166	0	#1754
288		180	1	0	#1755
289		233	2	0	#1756
29		297	307	0	#1757
290		0	108	0	#1758
291		0	101	0	#1759
292		1	163	0	#1760
293		306	284	0	#1761
294		221	304	0	#1762
295		257	122	0	#1763
296		1	105	0	#1764
297		307	283	0	#1765
298		2	99	0	#1766
299		131	0	0	#1767
3		83	166	0	#1768
30		78	307	0	#1769
300		32	293	0	#1770
301		306	61	0	#1771
302		1	99	0	#1772
303		2	55	0	#1773
304		268	2	0	#1774
305		2	118	0	#1775
306		200	0	0	#1776
307		0	56	0	#1777
308		158	153	0	#1778
309		2	116	0	#1779
31		188	307	0	#1780
310		307	244	0	#1781
311		253	64	0	#1782
312		102	152	0	#1783
313		307	5	0	#1784
314		43	0	0	#1785
315		257	119	0	#1786
316		1	205	0	#1787
317		25	166	0	#1788
318		1	221	0	#1789
319		103	1	0	#1790
32		1	41	0	#1791
320		307	127	0	#1792
321		307	58	0	#1793
322		107	2	0	#1794
323		243	61	0	#1795
324		108	2	0	#1796
325		3	190	0	#1797
out_326:1931	0	85	0	#1798
out_326:272	254	0	0	#1799
out_326:2277	307	77	0	#1800
out_327:733	72	0	0	#1801
out_327:725	42	307	0	#1802
328		306	143	0	#1803
329		109	2	0	#1804
33		166	135	0	#1805
330		2	106	0	#1806
331		236	304	0	#1807
332		38	2	0	#1808
333		0	155	0	#1809
334		287	1	0	#1810
335		0	190	0	#1811
336		300	307	0	#1812
337		106	2	0	#1813
338		103	2	0	#1814
339		31	1	0	#1815
34		277	307	0	#1816
340		40	1	0	#1817
out_341:2155	259	307	0	#1818
out_341:927	250	307	0	#1819
342		0	143	0	#1820
343		38	0	0	#1821
344		305	175	0	#1822
345		161	286	0	#1823
346		172	289	0	#1824
347		305	261	0	#1825
348		307	301	0	#1826
349		3	164	0	#1827
35		1	297	0	#1828
350		141	0	0	#1829
351		41	0	0	#1830
352		40	0	0	#1831
353		42	0	0	#1832
out_354:1282	206	0	0	#1833
out_354:760	147	0	0	#1834
out_354:723	146	0	0	#1835
355		1	272	0	#1836
356		304	213	0	#1837
357		31	0	0	#1838
out_358:1261	280	0	0	#1839
out_358:828	307	2	0	#1840
out_358:442	300	0	0	#1841
out_358:891	299	0	0	#1842
359		167	137	0	#1843
36		283	307	0	#1844
360		26	1	0	#1845
361		0	117	0	#1846
362		184	307	0	#1847
363		0	81	0	#1848
364		101	304	0	#1849
365		249	0	0	#1850
366		304	307	0	#1851
367		303	141	0	#1852
368		144	1	0	#1853
369		0	28	0	#1854
37		286	307	0	#1855
370		254	64	0	#1856
371		1	170	0	#1857
372		2	24	0	#1858
373		306	92	0	#1859
374		191	1	0	#1860
375		32	164	0	#1861
376		24	1	0	#1862
377		0	178	0	#1863
378		23	0	0	#1864
379		54	0	0	#1865
38		162	291	0	#1866
380		25	2	0	#1867
381		37	2	0	#1868
out_382:386	4	0	0	#1869
out_382:380	27	0	0	#1870
out_382:1190	26	0	0	#1871
out_382:52	11	0	0	#1872
383		0	124	0	#1873
384		218	1	0	#1874
385		32	1	0	#1875
386		6	1	0	#1876
387		298	307	0	#1877
388		218	307	0	#1878
389		161	0	0	#1879
39		285	307	0	#1880
390		8	1	0	#1881
391		39	1	0	#1882
392		169	290	0	#1883
393		58	2	0	#1884
394		85	167	0	#1885
395		37	1	0	#1886
396		71	1	0	#1887
397		306	125	0	#1888
398		37	307	0	#1889
399		307	203	0	#1890
out_4:394	0	171	0	#1891
out_4:1531	83	307	0	#1892
out_4:1693	0	180	0	#1893
40		282	304	0	#1894
400		2	167	0	#1895
401		307	160	0	#1896
402		288	0	0	#1897
403		0	196	0	#1898
404		208	0	0	#1899
405		291	0	0	#1900
406		307	35	0	#1901
407		118	164	0	#1902
408		0	260	0	#1903
409		117	122	0	#1904
41		279	305	0	#1905
410		296	0	0	#1906
411		297	0	0	#1907
412		50	4	0	#1908
out_413:567	119	307	0	#1909
out_413:1412	118	307	0	#1910
out_413:1599	0	138	0	#1911
414		307	141	0	#1912
out_415:508	286	0	0	#1913
out_415:1259	301	0	0	#1914
416		307	71	0	#1915
417		306	243	0	#1916
418		239	134	0	#1917
419		92	2	0	#1918
42		183	1	0	#1919
420		155	1	0	#1920
421		282	0	0	#1921
422		283	0	0	#1922
423		50	307	0	#1923
424		2	117	0	#1924
425		2	212	0	#1925
426		304	0	0	#1926
427		276	112	0	#1927
428		4	164	0	#1928
429		306	0	0	#1929
43		294	1	0	#1930
out_430:955	64	0	0	#1931
out_430:951	162	307	0	#1932
out_430:996	152	307	0	#1933
431		303	138	0	#1934
432		1	139	0	#1935
433		194	307	0	#1936
434		305	142	0	#1937
435		0	142	0	#1938
436		304	1	0	#1939
out_437:1312	0	112	0	#1940
out_437:731	0	126	0	#1941
out_437:507	0	123	0	#1942
438		305	61	0	#1943
439		227	302	0	#1944
44		33	301	0	#1945
440		0	116	0	#1946
441		306	196	0	#1947
442		303	1	0	#1948
443		0	89	0	#1949
444		286	1	0	#1950
445		3	115	0	#1951
446		307	294	0	#1952
447		288	2	0	#1953
448		0	119	0	#1954
449		220	307	0	#1955
45		215	304	0	#1956
450		100	1	0	#1957
out_451:1354	110	0	0	#1958
out_451:881	104	0	0	#1959
out_451:73	77	0	0	#1960
out_451:1129	103	0	0	#1961
out_451:1360	105	0	0	#1962
452		110	1	0	#1963
453		300	1	0	#1964
454		283	303	0	#1965
455		307	128	0	#1966
456		98	1	0	#1967
457		76	0	0	#1968
458		283	304	0	#1969
459		173	292	0	#1970
46		87	0	0	#1971
460		90	1	0	#1972
461		98	0	0	#1973
462		307	135	0	#1974
463		21	305	0	#1975
464		18	1	0	#1976
465		303	307	0	#1977
466		125	1	0	#1978
467		2	114	0	#1979
468		31	307	0	#1980
469		307	50	0	#1981
47		238	307	0	#1982
470		0	98	0	#1983
471		0	29	0	#1984
472		109	1	0	#1985
473		226	307	0	#1986
474		304	140	0	#1987
475		212	0	0	#1988
out_476:230	307	242	0	#1989
out_476:906	307	302	0	#1990
out_476:615	306	307	0	#1991
477		1	125	0	#1992
478		239	307	0	#1993
479		1	6	0	#1994
48		236	307	0	#1995
480		0	6	0	#1996
481		0	247	0	#1997
482		1	9	0	#1998
483		239	62	0	#1999
484		0	68	0	#2000
485		202	307	0	#2001
486		306	52	0	#2002
487		307	180	0	#2003
488		56	2	0	#2004
489		53	2	0	#2005
49		307	59	0	#2006
490		149	3	0	#2007
491		232	0	0	#2008
492		240	131	0	#2009
493		25	167	0	#2010
494		307	267	0	#2011
495		179	2	0	#2012
496		2	229	0	#2013
497		1	253	0	#2014
498		49	3	0	#2015
499		0	214	0	#2016
5		111	150	0	#2017
50		213	307	0	#2018
500		34	1	0	#2019
501		278	304	0	#2020
502		181	307	0	#2021
503		27	167	0	#2022
504		1	274	0	#2023
505		306	208	0	#2024
506		229	305	0	#2025
507		1	116	0	#2026
508		285	1	0	#2027
509		145	2	0	#2028
51		2	211	0	#2029
510		53	1	0	#2030
511		93	2	0	#2031
512		3	198	0	#2032
513		1	299	0	#2033
514		164	153	0	#2034
515		2	39	0	#2035
516		12	303	0	#2036
517		45	0	0	#2037
518		237	299	0	#2038
519		304	269	0	#2039
52		7	1	0	#2040
520		44	0	0	#2041
521		46	307	0	#2042
522		236	301	0	#2043
523		170	301	0	#2044
524		35	2	0	#2045
525		307	193	0	#2046
out_526:683	20	0	0	#2047
out_526:653	53	0	0	#2048
527		256	0	0	#2049
528		24	166	0	#2050
529		105	294	0	#2051
53		212	307	0	#2052
530		14	297	0	#2053
531		105	3	0	#2054
532		198	301	0	#2055
533		236	302	0	#2056
534		167	305	0	#2057
535		204	305	0	#2058
536		113	158	0	#2059
537		213	0	0	#2060
538		9	3	0	#2061
539		0	226	0	#2062
54		214	307	0	#2063
540		304	61	0	#2064
out_541:2007	27	307	0	#2065
out_541:44	38	307	0	#2066
out_541:715	40	307	0	#2067
out_541:201	39	307	0	#2068
out_541:1297	41	307	0	#2069
542		198	305	0	#2070
543		0	238	0	#2071
544		295	0	0	#2072
545		69	303	0	#2073
546		83	169	0	#2074
547		270	41	0	#2075
548		0	174	0	#2076
549		69	304	0	#2077
55		307	10	0	#2078
550		242	1	0	#2079
551		200	304	0	#2080
552		0	32	0	#2081
553		191	135	0	#2082
554		57	0	0	#2083
555		168	304	0	#2084
556		118	121	0	#2085
557		292	1	0	#2086
558		306	160	0	#2087
559		50	5	0	#2088
56		250	63	0	#2089
out_560:302	0	96	0	#2090
out_560:1312	0	121	0	#2091
out_560:298	0	102	0	#2092
out_560:296	0	104	0	#2093
561		171	303	0	#2094
562		1	307	0	#2095
563		118	115	0	#2096
564		246	118	0	#2097
565		307	192	0	#2098
566		51	5	0	#2099
567		119	116	0	#2100
568		0	176	0	#2101
569		279	304	0	#2102
57		217	307	0	#2103
570		143	0	0	#2104
571		32	303	0	#2105
572		1	219	0	#2106
573		30	0	0	#2107
574		0	200	0	#2108
575		170	292	0	#2109
576		240	128	0	#2110
577		51	1	0	#2111
578		162	292	0	#2112
579		102	2	0	#2113
58		236	305	0	#2114
580		47	1	0	#2115
581		188	0	0	#2116
582		150	1	0	#2117
583		102	3	0	#2118
584		2	54	0	#2119
585		230	304	0	#2120
586		65	307	0	#2121
587		3	50	0	#2122
588		127	120	0	#2123
589		219	307	0	#2124
out_59:1205	0	207	0	#2125
out_59:1949	0	217	0	#2126
590		29	307	0	#2127
591		305	95	0	#2128
592		307	229	0	#2129
593		1	102	0	#2130
594		32	165	0	#2131
595		2	8	0	#2132
596		268	134	0	#2133
597		289	305	0	#2134
598		17	0	0	#2135
599		152	0	0	#2136
out_6:1355	0	267	0	#2137
out_6:1331	0	193	0	#2138
out_6:1616	0	184	0	#2139
out_6:795	111	0	0	#2140
out_6:1929	113	0	0	#2141
60		232	302	0	#2142
600		161	290	0	#2143
out_601:542	191	307	0	#2144
602		172	304	0	#2145
603		45	307	0	#2146
out_604:2209	0	205	0	#2147
out_604:2078	0	208	0	#2148
out_604:264	0	265	0	#2149
out_604:1038	0	215	0	#2150
out_604:935	0	209	0	#2151
out_605:2156	258	307	0	#2152
out_605:2157	256	307	0	#2153
out_605:2161	255	307	0	#2154
out_605:2164	260	307	0	#2155
606		209	0	0	#2156
607		103	167	0	#2157
608		0	245	0	#2158
609		306	226	0	#2159
61		306	202	0	#2160
610		80	0	0	#2161
611		0	227	0	#2162
612		211	0	0	#2163
613		296	303	0	#2164
614		219	1	0	#2165
615		294	303	0	#2166
616		0	115	0	#2167
617		246	117	0	#2168
618		296	307	0	#2169
619		51	2	0	#2170
62		153	307	0	#2171
620		289	1	0	#2172
621		305	86	0	#2173
622		216	0	0	#2174
623		306	205	0	#2175
624		307	202	0	#2176
625		1	16	0	#2177
626		241	1	0	#2178
627		179	0	0	#2179
628		170	290	0	#2180
629		209	1	0	#2181
63		305	206	0	#2182
out_630:828	307	1	0	#2183
out_630:43	298	0	0	#2184
out_630:277	292	0	0	#2185
631		2	162	0	#2186
632		0	149	0	#2187
633		307	150	0	#2188
out_634:739	61	0	0	#2189
out_634:464	18	0	0	#2190
out_634:1488	55	0	0	#2191
out_634:1834	19	0	0	#2192
635		307	155	0	#2193
636		1	8	0	#2194
637		23	165	0	#2195
638		307	132	0	#2196
639		307	24	0	#2197
64		136	1	0	#2198
640		1	275	0	#2199
641		0	220	0	#2200
642		159	154	0	#2201
643		306	270	0	#2202
644		217	0	0	#2203
out_645:1444	0	84	0	#2204
out_645:1446	0	93	0	#2205
out_645:1448	0	94	0	#2206
646		0	244	0	#2207
647		144	0	0	#2208
648		158	304	0	#2209
out_649:108	307	237	0	#2210
out_649:224	307	236	0	#2211
out_649:106	307	249	0	#2212
65		179	1	0	#2213
650		118	169	0	#2214
651		50	1	0	#2215
652		185	0	0	#2216
653		54	1	0	#2217
654		33	1	0	#2218
655		307	306	0	#2219
656		1	40	0	#2220
657		17	307	0	#2221
658		307	250	0	#2222
659		1	1	0	#2223
66		1	129	0	#2224
660		288	305	0	#2225
661		0	8	0	#2226
662		116	0	0	#2227
663		173	304	0	#2228
664		306	148	0	#2229
665		148	2	0	#2230
666		16	304	0	#2231
out_667:1366	82	0	0	#2232
out_667:814	95	0	0	#2233
out_667:1109	88	0	0	#2234
out_667:1363	89	0	0	#2235
out_668:81	307	198	0	#2236
out_668:940	307	200	0	#2237
out_668:80	307	219	0	#2238
669		307	11	0	#2239
67		0	152	0	#2240
670		102	164	0	#2241
671		168	1	0	#2242
672		237	1	0	#2243
out_673:778	307	136	0	#2244
out_673:1732	307	138	0	#2245
out_673:1734	307	144	0	#2246
out_673:228	307	149	0	#2247
674		166	136	0	#2248
675		2	34	0	#2249
676		3	76	0	#2250
677		220	1	0	#2251
678		81	1	0	#2252
679		307	91	0	#2253
68		306	209	0	#2254
680		0	255	0	#2255
681		52	1	0	#2256
682		159	0	0	#2257
683		17	1	0	#2258
684		306	192	0	#2259
685		145	0	0	#2260
686		1	252	0	#2261
687		307	305	0	#2262
688		154	307	0	#2263
689		307	275	0	#2264
69		306	191	0	#2265
690		139	307	0	#2266
691		1	33	0	#2267
692		148	1	0	#2268
693		241	131	0	#2269
694		306	269	0	#2270
695		0	195	0	#2271
696		186	307	0	#2272
697		1	156	0	#2273
698		0	15	0	#2274
699		255	0	0	#2275
7		149	307	0	#2276
70		306	126	0	#2277
700		2	33	0	#2278
701		0	5	0	#2279
702		307	276	0	#2280
out_703:220	0	246	0	#2281
out_703:1370	0	162	0	#2282
out_703:776	0	160	0	#2283
out_703:1482	0	252	0	#2284
704		19	302	0	#2285
705		264	1	0	#2286
706		1	18	0	#2287
707		63	307	0	#2288
708		0	40	0	#2289
709		235	307	0	#2290
71		307	125	0	#2291
out_710:538	10	0	0	#2292
out_710:1099	62	0	0	#2293
out_710:1222	60	0	0	#2294
711		305	212	0	#2295
712		106	3	0	#2296
713		267	135	0	#2297
714		273	0	0	#2298
715		32	304	0	#2299
716		105	168	0	#2300
717		5	0	0	#2301
718		187	307	0	#2302
719		1	228	0	#2303
72		307	195	0	#2304
720		307	201	0	#2305
out_721:926	281	307	0	#2306
out_721:2165	274	307	0	#2307
out_721:138	294	307	0	#2308
out_721:2184	280	307	0	#2309
722		50	3	0	#2310
723		146	1	0	#2311
724		58	0	0	#2312
725		51	305	0	#2313
726		307	27	0	#2314
727		306	26	0	#2315
728		239	287	0	#2316
729		307	261	0	#2317
73		80	1	0	#2318
730		0	69	0	#2319
731		1	119	0	#2320
732		307	260	0	#2321
733		115	1	0	#2322
734		58	304	0	#2323
735		305	282	0	#2324
736		102	167	0	#2325
737		1	22	0	#2326
738		307	278	0	#2327
739		57	1	0	#2328
74		3	169	0	#2329
740		39	2	0	#2330
741		116	168	0	#2331
742		1	67	0	#2332
743		269	307	0	#2333
744		290	0	0	#2334
745		110	169	0	#2335
746		57	2	0	#2336
747		21	304	0	#2337
748		157	160	0	#2338
749		269	126	0	#2339
75		307	209	0	#2340
750		100	167	0	#2341
751		269	41	0	#2342
752		1	14	0	#2343
753		291	2	0	#2344
754		107	305	0	#2345
755		248	63	0	#2346
756		306	204	0	#2347
757		67	304	0	#2348
758		48	295	0	#2349
out_759:818	301	307	0	#2350
out_759:1455	295	307	0	#2351
out_759:41	293	307	0	#2352
76		253	0	0	#2353
760		150	2	0	#2354
761		0	82	0	#2355
762		145	307	0	#2356
out_763:390	12	0	0	#2357
out_763:968	28	0	0	#2358
764		0	257	0	#2359
765		0	44	0	#2360
766		306	159	0	#2361
767		160	2	0	#2362
768		109	169	0	#2363
769		2	23	0	#2364
77		307	211	0	#2365
770		3	114	0	#2366
771		307	248	0	#2367
772		13	0	0	#2368
773		289	307	0	#2369
774		118	168	0	#2370
775		157	307	0	#2371
776		1	157	0	#2372
777		225	307	0	#2373
778		269	135	0	#2374
779		158	307	0	#2375
78		118	119	0	#2376
out_780:1449	216	307	0	#2377
out_780:58	234	307	0	#2378
out_780:2002	222	307	0	#2379
781		0	34	0	#2380
782		111	166	0	#2381
783		33	0	0	#2382
784		305	258	0	#2383
785		1	127	0	#2384
786		104	171	0	#2385
787		16	0	0	#2386
788		103	166	0	#2387
789		307	230	0	#2388
79		306	211	0	#2389
out_790:895	241	0	0	#2390
out_790:1012	307	123	0	#2391
out_790:2360	0	135	0	#2392
out_790:1881	238	0	0	#2393
791		2	307	0	#2394
792		113	164	0	#2395
793		0	239	0	#2396
794		110	168	0	#2397
795		108	162	0	#2398
796		1	271	0	#2399
797		22	165	0	#2400
798		1	39	0	#2401
799		307	6	0	#2402
8		112	163	0	#2403
80		306	203	0	#2404
800		8	3	0	#2405
out_801:497	0	258	0	#2406
out_801:1173	0	52	0	#2407
out_801:1665	0	259	0	#2408
out_801:742	0	70	0	#2409
802		110	167	0	#2410
out_803:1159	0	304	0	#2411
out_803:747	8	307	0	#2412
out_803:1059	4	307	0	#2413
out_803:827	6	307	0	#2414
804		14	0	0	#2415
805		104	167	0	#2416
806		64	307	0	#2417
807		294	0	0	#2418
808		3	162	0	#2419
809		142	1	0	#2420
81		306	193	0	#2421
810		279	307	0	#2422
811		170	289	0	#2423
out_812:316	0	206	0	#2424
813		306	227	0	#2425
814		92	1	0	#2426
815		118	170	0	#2427
816		99	0	0	#2428
817		199	301	0	#2429
818		302	305	0	#2430
819		111	169	0	#2431
82		307	117	0	#2432
820		156	1	0	#2433
821		2	210	0	#2434
822		2	219	0	#2435
823		306	228	0	#2436
824		0	27	0	#2437
825		3	74	0	#2438
826		0	253	0	#2439
827		22	304	0	#2440
828		305	1	0	#2441
829		104	169	0	#2442
83		306	244	0	#2443
830		3	58	0	#2444
831		103	168	0	#2445
832		306	80	0	#2446
833		9	0	0	#2447
834		170	281	0	#2448
835		3	55	0	#2449
836		110	171	0	#2450
837		0	132	0	#2451
838		307	298	0	#2452
839		15	0	0	#2453
84		0	43	0	#2454
840		33	296	0	#2455
841		32	302	0	#2456
842		3	199	0	#2457
843		1	281	0	#2458
844		90	0	0	#2459
845		307	133	0	#2460
846		157	304	0	#2461
847		0	140	0	#2462
848		0	22	0	#2463
849		1	26	0	#2464
85		30	165	0	#2465
850		0	203	0	#2466
851		97	2	0	#2467
852		211	307	0	#2468
853		78	0	0	#2469
854		287	305	0	#2470
855		307	64	0	#2471
856		305	259	0	#2472
857		117	161	0	#2473
858		1	38	0	#2474
859		35	307	0	#2475
86		0	224	0	#2476
860		182	1	0	#2477
861		151	0	0	#2478
862		1	7	0	#2479
863		252	63	0	#2480
864		49	1	0	#2481
865		10	307	0	#2482
866		85	307	0	#2483
867		306	50	0	#2484
868		59	1	0	#2485
869		306	295	0	#2486
87		0	55	0	#2487
870		49	307	0	#2488
871		104	166	0	#2489
872		105	298	0	#2490
873		168	307	0	#2491
874		1	64	0	#2492
875		1	43	0	#2493
876		124	1	0	#2494
877		307	95	0	#2495
878		52	4	0	#2496
879		306	65	0	#2497
88		306	230	0	#2498
880		22	163	0	#2499
881		95	1	0	#2500
882		0	106	0	#2501
883		105	301	0	#2502
884		0	7	0	#2503
885		200	307	0	#2504
886		0	54	0	#2505
887		46	0	0	#2506
888		0	67	0	#2507
889		0	222	0	#2508
89		306	242	0	#2509
890		306	259	0	#2510
891		284	1	0	#2511
892		0	36	0	#2512
893		110	305	0	#2513
894		168	137	0	#2514
895		241	64	0	#2515
896		307	126	0	#2516
897		217	1	0	#2517
898		154	1	0	#2518
899		307	164	0	#2519
9		128	288	0	#2520
90		174	112	0	#2521
900		0	118	0	#2522
out_901:1884	224	0	0	#2523
out_901:2296	222	0	0	#2524
902		1	107	0	#2525
903		0	46	0	#2526
904		274	300	0	#2527
905		0	109	0	#2528
906		234	302	0	#2529
907		0	210	0	#2530
908		0	254	0	#2531
909		178	307	0	#2532
91		307	228	0	#2533
out_910:463	21	307	0	#2534
out_910:1575	5	307	0	#2535
911		1	25	0	#2536
912		307	190	0	#2537
913		1	27	0	#2538
914		304	40	0	#2539
915		47	307	0	#2540
916		179	307	0	#2541
917		185	307	0	#2542
918		0	150	0	#2543
919		51	4	0	#2544
92		307	227	0	#2545
920		127	165	0	#2546
921		1	19	0	#2547
922		307	131	0	#2548
923		186	1	0	#2549
924		205	305	0	#2550
925		199	1	0	#2551
926		281	303	0	#2552
927		254	304	0	#2553
928		112	169	0	#2554
out_929:1343	0	4	0	#2555
out_929:752	0	13	0	#2556
out_929:479	0	10	0	#2557
out_929:1025	0	12	0	#2558
93		307	226	0	#2559
930		228	307	0	#2560
out_931:677	221	0	0	#2561
out_931:1282	205	0	0	#2562
out_931:384	215	0	0	#2563
out_931:993	214	0	0	#2564
out_932:835	0	71	0	#2565
out_932:1454	0	50	0	#2566
out_932:1469	0	59	0	#2567
out_932:1671	0	60	0	#2568
out_932:1128	0	57	0	#2569
933		1	120	0	#2570
934		107	307	0	#2571
935		1	206	0	#2572
936		4	71	0	#2573
937		81	0	0	#2574
938		23	307	0	#2575
out_939:1686	307	243	0	#2576
94		79	307	0	#2577
940		306	127	0	#2578
941		250	0	0	#2579
942		103	3	0	#2580
943		168	305	0	#2581
944		0	16	0	#2582
945		148	0	0	#2583
946		269	1	0	#2584
947		110	165	0	#2585
948		0	237	0	#2586
949		51	3	0	#2587
95		307	238	0	#2588
950		307	55	0	#2589
951		162	290	0	#2590
952		70	307	0	#2591
953		15	297	0	#2592
954		288	1	0	#2593
955		52	2	0	#2594
956		0	17	0	#2595
957		0	189	0	#2596
958		2	170	0	#2597
959		2	18	0	#2598
96		307	151	0	#2599
960		0	66	0	#2600
961		307	253	0	#2601
962		158	1	0	#2602
963		306	63	0	#2603
964		0	24	0	#2604
965		2	0	0	#2605
966		177	1	0	#2606
967		134	303	0	#2607
968		25	1	0	#2608
969		278	307	0	#2609
97		158	0	0	#2610
970		306	207	0	#2611
971		240	64	0	#2612
972		48	296	0	#2613
973		274	1	0	#2614
974		172	283	0	#2615
975		269	123	0	#2616
976		265	307	0	#2617
977		49	296	0	#2618
978		247	112	0	#2619
979		110	304	0	#2620
98		307	252	0	#2621
980		193	0	0	#2622
981		226	302	0	#2623
982		162	286	0	#2624
983		94	304	0	#2625
984		157	159	0	#2626
985		270	112	0	#2627
986		93	304	0	#2628
987		91	0	0	#2629
988		196	0	0	#2630
out_989:396	73	0	0	#2631
out_989:395	37	0	0	#2632
out_989:654	35	0	0	#2633
out_989:391	36	0	0	#2634
out_989:500	34	0	0	#2635
99		306	271	0	#2636
990		3	196	0	#2637
991		219	0	0	#2638
992		10	3	0	#2639
993		211	1	0	#2640
994		92	0	0	#2641
995		147	2	0	#2642
996		161	291	0	#2643
997		1	201	0	#2644
998		199	305	0	#2645
999		233	302	0	#2646
