
VPR FPGA Placement and Routing.
Version: Version 5.0.2
Compiled: Dec 11 2020.
Original VPR by V. Betz.
Timing-driven placement enhancements by A. Marquardt.
Single-drivers enhancements by Andy Ye with additions by.
Mark Fang, Jason Luu, Ted Campbell
Heterogeneous stucture support by Jason Luu and Ted Campbell.
This code is licensed only for non-commercial use.

Auto-sizing FPGA, try x = 29 y = 29
Auto-sizing FPGA, try x = 58 y = 58
Auto-sizing FPGA, try x = 116 y = 116
Auto-sizing FPGA, try x = 58 y = 58
Auto-sizing FPGA, try x = 87 y = 87
Auto-sizing FPGA, try x = 101 y = 101
Auto-sizing FPGA, try x = 94 y = 94
Auto-sizing FPGA, try x = 90 y = 90
Auto-sizing FPGA, try x = 88 y = 88
Auto-sizing FPGA, try x = 87 y = 87
FPGA auto-sized to, x = 88 y = 88

Resource Usage:
Netlist      0	blocks of type <EMPTY>
Architecture 4	blocks of type <EMPTY>
Netlist      349	blocks of type .io
Architecture 352	blocks of type .io
Netlist      512	blocks of type .clb
Architecture 7744	blocks of type .clb

Timing analysis: ON

Operation:  ROUTE_ONLY

PlacerOpts.place_freq:  PLACE_NEVER

RouterOpts.route_type:  DETAILED
RouterOpts.router_algorithm:  TIMING_DRIVEN
RouterOpts.base_cost_type:  DELAY_NORMALIZED
RouterOpts.fixed_channel_width:  NO_FIXED_CHANNEL_WIDTH
RouterOpts.acc_fac:  1.000000
RouterOpts.bb_factor:  3
RouterOpts.bend_cost:  0.000000
RouterOpts.first_iter_pres_fac:  0.500000
RouterOpts.initial_pres_fac:  0.500000
RouterOpts.pres_fac_mult:  1.300000
RouterOpts.max_router_iterations:  50
RouterOpts.astar_fac:  1.200000
RouterOpts.criticality_exp:  1.000000
RouterOpts.max_criticality:  0.990000

RoutingArch.directionality:  UNI_DIRECTIONAL
RoutingArch.switch_block_type:  WILTON
RoutingArch.Fs:  3

The circuit will be mapped into a 88 x 88 array of clbs.

Netlist num_nets:  646
Netlist num_blocks:  861
Netlist inputs pins:  134
Netlist output pins:  215

88 34 0
32 74 0
5 30 0
1 35 0
24 84 0
1 25 0
4 24 0
21 87 0
5 28 0
6 33 0
85 26 0
24 82 0
1 31 0
83 28 0
23 82 0
26 78 0
43 82 0
36 73 0
43 78 0
40 76 0
34 73 0
30 77 0
48 86 0
37 76 0
25 81 0
51 84 0
46 81 0
41 77 0
26 80 0
49 82 0
45 80 0
50 87 0
27 79 0
42 79 0
40 86 0
31 76 0
33 87 0
5 32 0
46 87 0
53 85 0
35 85 0
44 87 0
48 81 0
39 85 0
39 83 0
50 85 0
4 28 0
48 85 0
87 33 0
87 25 0
87 26 0
40 85 0
4 31 0
45 83 0
1 34 0
85 29 0
85 28 0
42 87 0
23 83 0
35 84 0
1 28 0
33 86 0
32 87 0
34 76 0
87 28 0
22 85 0
31 88 0
3 32 0
27 76 0
53 89 0
23 85 0
34 85 0
4 33 0
42 78 0
31 87 0
33 85 0
30 88 0
40 88 0
32 86 0
49 85 0
32 73 0
34 83 0
44 80 0
35 82 0
29 0 0
32 85 0
21 88 0
86 31 0
41 85 0
89 46 0
33 84 0
2 24 0
30 87 0
0 72 0
31 86 0
33 89 0
29 88 0
28 88 0
27 89 0
36 86 0
31 85 0
33 83 0
40 84 0
32 84 0
32 72 0
87 29 0
49 86 0
18 86 0
36 72 0
30 86 0
86 26 0
35 81 0
0 11 0
20 83 0
27 82 0
0 5 0
34 82 0
29 87 0
33 82 0
24 85 0
84 27 0
65 89 0
36 81 0
28 87 0
26 82 0
84 0 0
34 81 0
31 84 0
35 80 0
32 83 0
87 0 0
49 0 0
29 86 0
19 87 0
27 88 0
2 26 0
29 75 0
34 86 0
55 89 0
30 85 0
28 86 0
27 0 0
0 13 0
42 75 0
58 89 0
26 88 0
24 89 0
31 78 0
78 89 0
33 81 0
0 80 0
70 89 0
35 79 0
39 78 0
39 81 0
43 88 0
37 85 0
8 0 0
27 77 0
40 79 0
29 85 0
1 32 0
30 84 0
31 83 0
1 33 0
89 40 0
89 58 0
71 89 0
41 75 0
38 88 0
28 77 0
40 83 0
85 30 0
44 0 0
29 74 0
88 29 0
34 80 0
89 59 0
89 80 0
0 19 0
1 29 0
6 0 0
27 87 0
84 89 0
38 74 0
69 0 0
3 26 0
89 34 0
52 89 0
36 80 0
32 82 0
37 81 0
31 77 0
44 89 0
5 0 0
89 55 0
33 80 0
0 51 0
41 84 0
0 54 0
44 83 0
30 83 0
0 42 0
88 32 0
89 28 0
52 86 0
89 1 0
3 0 0
48 0 0
27 86 0
75 89 0
41 82 0
2 28 0
38 73 0
38 76 0
31 82 0
45 84 0
34 79 0
0 57 0
37 80 0
3 29 0
38 86 0
25 88 0
0 29 0
21 83 0
89 88 0
89 7 0
35 78 0
35 89 0
88 27 0
33 72 0
36 79 0
3 31 0
38 81 0
41 88 0
31 89 0
29 84 0
89 2 0
89 12 0
40 0 0
32 81 0
8 89 0
46 83 0
89 74 0
87 30 0
89 47 0
39 89 0
89 29 0
0 4 0
37 82 0
44 79 0
0 76 0
41 0 0
0 60 0
28 85 0
89 36 0
26 87 0
89 54 0
18 88 0
32 80 0
25 87 0
3 33 0
2 89 0
0 44 0
26 86 0
35 77 0
89 79 0
37 79 0
49 89 0
33 73 0
42 76 0
72 0 0
33 74 0
26 79 0
0 25 0
28 84 0
34 78 0
64 89 0
38 80 0
29 83 0
24 88 0
30 82 0
42 84 0
89 17 0
48 87 0
3 34 0
36 74 0
27 85 0
86 28 0
38 89 0
51 85 0
36 89 0
77 89 0
37 87 0
31 81 0
89 81 0
0 14 0
2 33 0
36 78 0
4 27 0
39 87 0
15 89 0
39 84 0
88 28 0
33 79 0
89 78 0
3 24 0
38 79 0
40 74 0
35 76 0
18 87 0
72 89 0
89 45 0
0 81 0
26 85 0
43 79 0
7 89 0
28 83 0
44 82 0
0 15 0
25 86 0
36 88 0
35 73 0
30 81 0
42 81 0
39 80 0
89 53 0
29 76 0
89 44 0
42 0 0
0 16 0
0 88 0
2 32 0
42 83 0
46 78 0
43 84 0
16 88 0
32 0 0
84 30 0
45 86 0
0 55 0
32 79 0
67 89 0
24 87 0
25 80 0
11 89 0
32 88 0
0 71 0
47 80 0
33 0 0
41 78 0
38 84 0
25 82 0
30 78 0
34 77 0
0 83 0
33 78 0
86 29 0
89 16 0
19 84 0
50 83 0
0 43 0
31 80 0
30 89 0
37 75 0
89 18 0
36 77 0
0 67 0
6 89 0
5 29 0
23 88 0
47 81 0
7 0 0
3 25 0
79 0 0
39 88 0
0 86 0
0 58 0
46 88 0
79 89 0
89 22 0
49 84 0
27 78 0
57 89 0
44 85 0
40 81 0
32 75 0
23 81 0
22 82 0
51 86 0
27 84 0
50 82 0
39 74 0
6 29 0
48 83 0
30 79 0
42 80 0
37 78 0
29 82 0
42 82 0
33 77 0
89 51 0
30 80 0
23 87 0
40 80 0
34 74 0
44 84 0
45 79 0
27 81 0
22 88 0
68 89 0
51 88 0
26 84 0
36 84 0
46 86 0
3 28 0
35 72 0
28 79 0
40 75 0
41 81 0
1 26 0
36 76 0
18 85 0
30 75 0
19 85 0
2 29 0
31 79 0
29 80 0
39 79 0
37 77 0
43 83 0
44 81 0
69 89 0
28 82 0
28 81 0
47 88 0
25 85 0
34 89 0
44 88 0
35 87 0
32 76 0
47 83 0
17 88 0
89 25 0
42 88 0
26 83 0
23 84 0
30 74 0
23 86 0
1 0 0
35 86 0
16 87 0
82 89 0
36 71 0
44 77 0
89 76 0
52 85 0
32 89 0
28 75 0
54 85 0
34 72 0
32 71 0
34 84 0
48 88 0
0 49 0
46 85 0
21 82 0
47 82 0
20 86 0
36 70 0
39 82 0
27 83 0
30 76 0
38 82 0
37 84 0
0 50 0
43 77 0
2 30 0
0 64 0
50 84 0
1 30 0
26 81 0
45 87 0
36 85 0
37 72 0
49 88 0
42 86 0
33 76 0
38 78 0
32 77 0
45 88 0
29 79 0
47 86 0
26 77 0
35 75 0
25 83 0
31 75 0
34 88 0
29 81 0
35 74 0
33 88 0
86 30 0
36 87 0
17 87 0
21 0 0
35 88 0
3 27 0
87 27 0
87 32 0
3 30 0
89 24 0
60 89 0
86 27 0
0 7 0
25 78 0
20 88 0
37 88 0
43 76 0
42 77 0
28 76 0
20 85 0
47 87 0
20 87 0
47 85 0
88 33 0
29 77 0
44 78 0
50 86 0
43 85 0
28 78 0
4 29 0
0 45 0
37 73 0
43 86 0
21 84 0
45 85 0
44 86 0
31 72 0
34 75 0
4 25 0
41 86 0
89 31 0
52 87 0
38 77 0
22 86 0
21 86 0
41 87 0
87 31 0
31 74 0
36 83 0
39 77 0
17 86 0
39 76 0
1 36 0
38 87 0
88 26 0
49 87 0
23 80 0
19 88 0
46 79 0
46 82 0
46 80 0
15 88 0
0 30 0
84 29 0
31 73 0
40 78 0
86 32 0
71 0 0
48 82 0
46 84 0
24 86 0
38 83 0
36 75 0
2 25 0
4 30 0
41 79 0
40 77 0
5 34 0
51 87 0
45 78 0
42 85 0
24 80 0
41 80 0
37 83 0
27 80 0
28 80 0
4 26 0
20 84 0
50 88 0
39 86 0
45 81 0
40 87 0
2 34 0
2 27 0
45 82 0
52 84 0
49 83 0
38 75 0
36 82 0
41 76 0
66 0 0
34 87 0
4 32 0
37 86 0
47 84 0
0 77 0
29 78 0
22 84 0
87 89 0
48 84 0
37 74 0
22 81 0
41 83 0
24 83 0
43 81 0
24 79 0
51 83 0
25 79 0
21 85 0
35 83 0
33 75 0
25 84 0
24 81 0
43 87 0
84 28 0
89 60 0
2 35 0
5 27 0
19 86 0
2 31 0
32 78 0
40 82 0
22 83 0
85 27 0
5 33 0
88 31 0
22 87 0
43 80 0
5 25 0
1 27 0
39 75 0
20 0 0
88 30 0
30 73 0
38 85 0
89 56 0
0 8 0
0 34 0
0 53 0
89 75 0
89 21 0
89 15 0
89 86 0
89 27 0
89 11 0
0 21 0
89 57 0
89 30 0
0 36 0
23 0 0
18 0 0
0 69 0
0 63 0
47 0 0
52 0 0
89 62 0
16 0 0
89 73 0
54 0 0
25 0 0
70 0 0
0 73 0
38 0 0
22 0 0
64 0 0
89 70 0
50 0 0
31 0 0
45 0 0
40 89 0
14 0 0
26 89 0
0 46 0
76 89 0
75 0 0
48 89 0
18 89 0
67 0 0
56 89 0
9 89 0
61 0 0
89 72 0
0 56 0
0 20 0
13 89 0
0 33 0
89 71 0
0 38 0
16 89 0
0 75 0
89 85 0
0 48 0
89 43 0
82 0 0
89 68 0
77 0 0
9 0 0
89 41 0
20 89 0
0 12 0
50 89 0
0 84 0
89 39 0
85 89 0
89 19 0
83 0 0
86 89 0
89 20 0
26 0 0
85 0 0
0 24 0
23 89 0
59 0 0
0 78 0
17 89 0
11 0 0
0 10 0
89 82 0
89 37 0
89 5 0
89 65 0
0 23 0
14 89 0
4 89 0
89 61 0
43 89 0
89 33 0
0 32 0
89 83 0
83 89 0
0 39 0
5 89 0
46 0 0
89 50 0
88 0 0
89 4 0
0 62 0
89 49 0
0 47 0
89 26 0
42 89 0
89 13 0
13 0 0
2 0 0
4 0 0
0 68 0
57 0 0
89 42 0
28 89 0
21 89 0
0 37 0
63 0 0
89 6 0
89 64 0
62 0 0
60 0 0
65 0 0
0 28 0
56 0 0
28 0 0
51 0 0
0 27 0
0 22 0
89 8 0
89 66 0
37 0 0
0 70 0
89 67 0
74 89 0
45 89 0
81 89 0
88 89 0
0 6 0
74 0 0
3 89 0
86 0 0
22 89 0
89 32 0
73 89 0
47 89 0
55 0 0
63 89 0
19 89 0
35 0 0
0 9 0
25 89 0
0 61 0
37 89 0
0 2 0
0 40 0
0 35 0
89 9 0
58 0 0
0 3 0
0 87 0
89 10 0
15 0 0
62 89 0
34 0 0
61 89 0
0 1 0
73 0 0
1 89 0
41 89 0
0 82 0
36 0 0
0 52 0
0 18 0
10 0 0
89 35 0
39 0 0
0 41 0
10 89 0
0 31 0
89 52 0
59 89 0
12 0 0
43 0 0
30 0 0
89 14 0
54 89 0
0 74 0
68 0 0
0 85 0
53 0 0
29 89 0
46 89 0
17 0 0
89 77 0
80 89 0
89 63 0
12 89 0
89 69 0
76 0 0
19 0 0
89 87 0
89 84 0
0 66 0
24 0 0
66 89 0
89 48 0
89 23 0
89 3 0
0 79 0
0 59 0
89 38 0
0 17 0
0 26 0
0 65 0
51 89 0
low, high, current -1 -1 8
Confirming Router Algorithm: TIMING_DRIVEN.
T_crit: 2.38297e-08.
T_crit: 2.38272e-08.
T_crit: 2.38272e-08.
T_crit: 2.38272e-08.
T_crit: 2.38272e-08.
T_crit: 2.39305e-08.
T_crit: 2.38272e-08.
T_crit: 2.38272e-08.
T_crit: 2.38272e-08.
T_crit: 2.37238e-08.
T_crit: 2.37238e-08.
T_crit: 2.37238e-08.
T_crit: 2.37238e-08.
T_crit: 2.37238e-08.
T_crit: 2.37238e-08.
T_crit: 2.41145e-08.
T_crit: 2.46543e-08.
T_crit: 2.64017e-08.
T_crit: 2.40352e-08.
T_crit: 2.53994e-08.
T_crit: 2.41303e-08.
T_crit: 2.55015e-08.
T_crit: 2.42229e-08.
T_crit: 2.44677e-08.
T_crit: 2.41278e-08.
T_crit: 2.43503e-08.
T_crit: 2.39147e-08.
T_crit: 2.61916e-08.
T_crit: 2.8052e-08.
T_crit: 2.42324e-08.
T_crit: 2.40471e-08.
T_crit: 2.39425e-08.
T_crit: 2.3921e-08.
T_crit: 2.45332e-08.
T_crit: 2.6377e-08.
T_crit: 2.5296e-08.
T_crit: 2.66204e-08.
T_crit: 2.54725e-08.
T_crit: 2.49531e-08.
T_crit: 2.47721e-08.
T_crit: 2.45357e-08.
T_crit: 2.53672e-08.
T_crit: 2.5064e-08.
T_crit: 2.4525e-08.
T_crit: 2.51332e-08.
T_crit: 2.621e-08.
T_crit: 2.5163e-08.
T_crit: 2.46649e-08.
T_crit: 2.53722e-08.
T_crit: 2.49574e-08.
Routing failed.
low, high, current 8 -1 16
Confirming Router Algorithm: TIMING_DRIVEN.
T_crit: 2.38297e-08.
T_crit: 2.37238e-08.
T_crit: 2.38272e-08.
T_crit: 2.37238e-08.
T_crit: 2.38272e-08.
T_crit: 2.38272e-08.
T_crit: 2.38272e-08.
T_crit: 2.37238e-08.
T_crit: 2.37238e-08.
T_crit: 2.37238e-08.
T_crit: 2.37238e-08.
T_crit: 2.37238e-08.
T_crit: 2.37238e-08.
T_crit: 2.37238e-08.
T_crit: 2.37238e-08.
T_crit: 2.37238e-08.
T_crit: 2.37238e-08.
T_crit: 2.37238e-08.
T_crit: 2.37238e-08.
T_crit: 2.37238e-08.
T_crit: 2.3725e-08.
T_crit: 2.3725e-08.
T_crit: 2.38297e-08.
T_crit: 2.3725e-08.
T_crit: 2.38297e-08.
T_crit: 2.38297e-08.
T_crit: 2.68044e-08.
T_crit: 2.38372e-08.
T_crit: 2.49461e-08.
T_crit: 2.39331e-08.
T_crit: 2.39331e-08.
T_crit: 2.39331e-08.
T_crit: 2.44752e-08.
T_crit: 2.42685e-08.
T_crit: 2.42078e-08.
T_crit: 2.42053e-08.
T_crit: 2.44176e-08.
T_crit: 2.5059e-08.
T_crit: 2.50665e-08.
T_crit: 2.4209e-08.
T_crit: 2.41449e-08.
T_crit: 2.40981e-08.
T_crit: 2.40981e-08.
T_crit: 2.42015e-08.
T_crit: 2.42015e-08.
T_crit: 2.46365e-08.
T_crit: 2.4537e-08.
T_crit: 2.42155e-08.
T_crit: 2.44158e-08.
T_crit: 2.4658e-08.
Routing failed.
low, high, current 16 -1 32
Confirming Router Algorithm: TIMING_DRIVEN.
T_crit: 2.38297e-08.
T_crit: 2.37238e-08.
T_crit: 2.37238e-08.
T_crit: 2.38272e-08.
T_crit: 2.37238e-08.
T_crit: 2.37238e-08.
T_crit: 2.37238e-08.
T_crit: 2.37238e-08.
T_crit: 2.37238e-08.
T_crit: 2.37238e-08.
T_crit: 2.37238e-08.
T_crit: 2.37238e-08.
T_crit: 2.37238e-08.
T_crit: 2.37238e-08.
Successfully routed after 15 routing iterations.
Completed net delay value cross check successfully.
low, high, current 16 32 24
Confirming Router Algorithm: TIMING_DRIVEN.
T_crit: 2.38297e-08.
T_crit: 2.37238e-08.
T_crit: 2.38272e-08.
T_crit: 2.38272e-08.
T_crit: 2.38272e-08.
T_crit: 2.37238e-08.
T_crit: 2.38272e-08.
T_crit: 2.38272e-08.
T_crit: 2.38272e-08.
T_crit: 2.38272e-08.
T_crit: 2.38272e-08.
T_crit: 2.38272e-08.
T_crit: 2.38272e-08.
T_crit: 2.38272e-08.
T_crit: 2.38272e-08.
T_crit: 2.38272e-08.
T_crit: 2.38272e-08.
T_crit: 2.38272e-08.
T_crit: 2.38272e-08.
T_crit: 2.38272e-08.
Successfully routed after 21 routing iterations.
Completed net delay value cross check successfully.
low, high, current 16 24 20
Confirming Router Algorithm: TIMING_DRIVEN.
T_crit: 2.3812e-08.
T_crit: 2.38094e-08.
T_crit: 2.37073e-08.
T_crit: 2.38309e-08.
T_crit: 2.37073e-08.
T_crit: 2.3812e-08.
T_crit: 2.36569e-08.
T_crit: 2.38107e-08.
T_crit: 2.38107e-08.
T_crit: 2.38107e-08.
T_crit: 2.38107e-08.
T_crit: 2.38107e-08.
T_crit: 2.38107e-08.
T_crit: 2.37262e-08.
T_crit: 2.37262e-08.
T_crit: 2.37262e-08.
T_crit: 2.37262e-08.
T_crit: 2.37262e-08.
T_crit: 2.37262e-08.
T_crit: 2.37262e-08.
T_crit: 2.37262e-08.
T_crit: 2.37262e-08.
T_crit: 2.37262e-08.
T_crit: 2.37262e-08.
T_crit: 2.37262e-08.
T_crit: 2.37262e-08.
T_crit: 2.37262e-08.
T_crit: 2.40281e-08.
T_crit: 2.37262e-08.
T_crit: 2.42267e-08.
T_crit: 2.45393e-08.
T_crit: 2.46427e-08.
T_crit: 2.46427e-08.
T_crit: 2.42362e-08.
T_crit: 2.42362e-08.
T_crit: 2.42362e-08.
T_crit: 2.42362e-08.
T_crit: 2.42362e-08.
T_crit: 2.42362e-08.
T_crit: 2.42362e-08.
T_crit: 2.42362e-08.
T_crit: 2.42362e-08.
T_crit: 2.42362e-08.
T_crit: 2.42362e-08.
T_crit: 2.42362e-08.
T_crit: 2.42362e-08.
T_crit: 2.42362e-08.
T_crit: 2.42362e-08.
T_crit: 2.42362e-08.
T_crit: 2.42362e-08.
Routing failed.
low, high, current 20 24 22
Confirming Router Algorithm: TIMING_DRIVEN.
T_crit: 2.37514e-08.
T_crit: 2.35674e-08.
T_crit: 2.35674e-08.
T_crit: 2.35674e-08.
T_crit: 2.35674e-08.
T_crit: 2.3672e-08.
T_crit: 2.3672e-08.
T_crit: 2.3672e-08.
T_crit: 2.3672e-08.
T_crit: 2.3672e-08.
T_crit: 2.3672e-08.
T_crit: 2.3672e-08.
T_crit: 2.3672e-08.
T_crit: 2.3672e-08.
T_crit: 2.3672e-08.
T_crit: 2.3672e-08.
T_crit: 2.3672e-08.
T_crit: 2.3672e-08.
T_crit: 2.3672e-08.
T_crit: 2.3672e-08.
T_crit: 2.3672e-08.
T_crit: 2.3672e-08.
T_crit: 2.3672e-08.
T_crit: 2.3672e-08.
T_crit: 2.3672e-08.
T_crit: 2.3672e-08.
Successfully routed after 27 routing iterations.
Completed net delay value cross check successfully.

Checking to ensure routing is legal ...
Completed routing consistency check successfully.

Serial number (magic cookie) for the routing is: 91364104
Best routing used a channel width factor of 22.


Average number of bends per net: 8.17183  Maximum # of bends: 210


The number of routed nets (nonglobal): 646
Wirelength results (all in units of 1 clb segments):
	Total wirelength: 46141   Average net length: 71.4257
	Maximum net length: 838

Wirelength results in terms of physical segments:
	Total wiring segments used: 23205   Av. wire segments per net: 35.9211
	Maximum segments used by a net: 422


X - Directed channels:

j	max occ	av_occ		capacity
0	11	6.19318  	22
1	5	1.89773  	22
2	5	1.61364  	22
3	3	1.63636  	22
4	3	0.659091 	22
5	2	0.886364 	22
6	2	0.727273 	22
7	1	0.0340909	22
8	2	0.715909 	22
9	1	0.738636 	22
10	2	0.715909 	22
11	1	0.0113636	22
12	1	0.0113636	22
13	1	0.954545 	22
14	2	0.443182 	22
15	1	0.909091 	22
16	2	0.386364 	22
17	1	0.0227273	22
18	2	1.20455  	22
19	2	0.670455 	22
20	2	1.44318  	22
21	1	0.954545 	22
22	1	0.0113636	22
23	7	0.215909 	22
24	9	1.92045  	22
25	8	4.46591  	22
26	9	3.68182  	22
27	14	6.60227  	22
28	13	5.85227  	22
29	12	5.23864  	22
30	12	5.44318  	22
31	14	5.37500  	22
32	14	7.36364  	22
33	11	4.63636  	22
34	6	2.36364  	22
35	9	3.22727  	22
36	2	1.95455  	22
37	2	0.715909 	22
38	2	0.0795455	22
39	2	0.965909 	22
40	2	0.0681818	22
41	1	0.0227273	22
42	1	0.943182 	22
43	3	0.477273 	22
44	1	0.443182 	22
45	3	0.761364 	22
46	0	0.00000  	22
47	1	0.738636 	22
48	4	1.63636  	22
49	0	0.00000  	22
50	1	0.0227273	22
51	1	0.954545 	22
52	3	0.965909 	22
53	0	0.00000  	22
54	0	0.00000  	22
55	2	0.920455 	22
56	2	1.02273  	22
57	2	0.772727 	22
58	2	0.795455 	22
59	1	0.363636 	22
60	2	0.625000 	22
61	2	1.05682  	22
62	2	1.46591  	22
63	2	0.840909 	22
64	1	0.556818 	22
65	3	1.20455  	22
66	2	1.11364  	22
67	5	1.87500  	22
68	6	1.98864  	22
69	16	5.28409  	22
70	18	3.21591  	22
71	20	3.57955  	22
72	20	4.92045  	22
73	18	4.98864  	22
74	21	5.44318  	22
75	20	7.50000  	22
76	21	6.31818  	22
77	22	7.84091  	22
78	22	7.55682  	22
79	22	8.21591  	22
80	21	9.56818  	22
81	22	8.25000  	22
82	22	9.03409  	22
83	22	9.06818  	22
84	22	9.40909  	22
85	22	9.22727  	22
86	22	10.3182  	22
87	22	10.8182  	22
88	22	13.0568  	22

Y - Directed channels:

i	max occ	av_occ		capacity
0	16	8.93182  	22
1	13	4.01136  	22
2	16	5.61364  	22
3	11	3.90909  	22
4	11	2.62500  	22
5	7	1.26136  	22
6	5	1.20455  	22
7	2	0.159091 	22
8	1	0.886364 	22
9	3	1.92045  	22
10	2	1.03409  	22
11	2	0.0909091	22
12	3	1.18182  	22
13	3	0.181818 	22
14	3	1.07955  	22
15	7	1.62500  	22
16	9	0.386364 	22
17	12	2.67045  	22
18	16	2.42045  	22
19	17	3.04545  	22
20	15	3.72727  	22
21	18	4.04545  	22
22	19	6.85227  	22
23	20	6.20455  	22
24	19	4.97727  	22
25	20	5.14773  	22
26	22	9.94318  	22
27	20	6.12500  	22
28	20	6.56818  	22
29	21	8.45455  	22
30	22	5.36364  	22
31	22	7.25000  	22
32	21	9.35227  	22
33	21	8.23864  	22
34	19	6.18182  	22
35	22	5.22727  	22
36	20	6.12500  	22
37	21	5.54545  	22
38	20	5.35227  	22
39	20	4.48864  	22
40	18	4.86364  	22
41	20	5.13636  	22
42	19	8.62500  	22
43	18	5.15909  	22
44	19	4.59091  	22
45	19	5.97727  	22
46	17	5.12500  	22
47	16	3.48864  	22
48	15	3.00000  	22
49	13	4.39773  	22
50	12	2.84091  	22
51	10	3.59091  	22
52	7	1.94318  	22
53	2	0.261364 	22
54	5	2.78409  	22
55	2	1.00000  	22
56	2	0.102273 	22
57	2	0.852273 	22
58	2	0.875000 	22
59	1	0.977273 	22
60	2	0.670455 	22
61	2	0.0681818	22
62	1	0.102273 	22
63	1	0.0795455	22
64	3	1.86364  	22
65	2	1.01136  	22
66	0	0.00000  	22
67	2	0.965909 	22
68	1	0.0909091	22
69	1	0.931818 	22
70	2	0.965909 	22
71	2	0.738636 	22
72	1	0.0340909	22
73	1	0.113636 	22
74	0	0.00000  	22
75	2	0.954545 	22
76	1	0.0340909	22
77	3	1.06818  	22
78	1	0.0227273	22
79	2	0.0909091	22
80	1	0.113636 	22
81	3	0.181818 	22
82	3	0.136364 	22
83	6	1.14773  	22
84	9	1.11364  	22
85	12	3.96591  	22
86	9	1.98864  	22
87	13	4.72727  	22
88	15	7.95455  	22

Total Tracks in X-direction: 1958  in Y-direction: 1958

Logic Area (in minimum width transistor areas):
Total Logic Area: 2.3232e+08  Per 1x1 logic tile: 30000

Routing area (in minimum width transistor areas):
Total Routing Area: 2.14467e+07  Per logic tile: 2769.46

Segment usage by type (index):
Segment type       Fractional utilization
------------       ----------------------
       0                  0.133

Segment usage by length:
Segment length       Fractional utilization
--------------       ----------------------
        2                   0.133

Critical Path: 2.3672e-08 (s)

Time elapsed (PLACE&ROUTE): 5050210.822000 ms


Time elapsed (Fernando): 5050210.840000 ms

