
VPR FPGA Placement and Routing.
Version: Version 5.0.2
Compiled: Dec 11 2020.
Original VPR by V. Betz.
Timing-driven placement enhancements by A. Marquardt.
Single-drivers enhancements by Andy Ye with additions by.
Mark Fang, Jason Luu, Ted Campbell
Heterogeneous stucture support by Jason Luu and Ted Campbell.
This code is licensed only for non-commercial use.

Auto-sizing FPGA, try x = 82 y = 82
Auto-sizing FPGA, try x = 164 y = 164
Auto-sizing FPGA, try x = 328 y = 328
Auto-sizing FPGA, try x = 164 y = 164
Auto-sizing FPGA, try x = 246 y = 246
Auto-sizing FPGA, try x = 205 y = 205
Auto-sizing FPGA, try x = 184 y = 184
Auto-sizing FPGA, try x = 194 y = 194
Auto-sizing FPGA, try x = 199 y = 199
Auto-sizing FPGA, try x = 202 y = 202
Auto-sizing FPGA, try x = 203 y = 203
Auto-sizing FPGA, try x = 204 y = 204
Auto-sizing FPGA, try x = 204 y = 204
FPGA auto-sized to, x = 205 y = 205

Resource Usage:
Netlist      0	blocks of type <EMPTY>
Architecture 4	blocks of type <EMPTY>
Netlist      817	blocks of type .io
Architecture 820	blocks of type .io
Netlist      5859	blocks of type .clb
Architecture 42025	blocks of type .clb

Timing analysis: ON

Operation:  ROUTE_ONLY

PlacerOpts.place_freq:  PLACE_NEVER

RouterOpts.route_type:  DETAILED
RouterOpts.router_algorithm:  TIMING_DRIVEN
RouterOpts.base_cost_type:  DELAY_NORMALIZED
RouterOpts.fixed_channel_width:  NO_FIXED_CHANNEL_WIDTH
RouterOpts.acc_fac:  1.000000
RouterOpts.bb_factor:  3
RouterOpts.bend_cost:  0.000000
RouterOpts.first_iter_pres_fac:  0.500000
RouterOpts.initial_pres_fac:  0.500000
RouterOpts.pres_fac_mult:  1.300000
RouterOpts.max_router_iterations:  50
RouterOpts.astar_fac:  1.200000
RouterOpts.criticality_exp:  1.000000
RouterOpts.max_criticality:  0.990000

RoutingArch.directionality:  UNI_DIRECTIONAL
RoutingArch.switch_block_type:  WILTON
RoutingArch.Fs:  3

The circuit will be mapped into a 205 x 205 array of clbs.

Netlist num_nets:  5987
Netlist num_blocks:  6676
Netlist inputs pins:  128
Netlist output pins:  689

120 157 0
8 0 0
180 205 0
187 200 0
120 158 0
179 205 0
191 203 0
191 204 0
180 204 0
185 198 0
181 194 0
181 205 0
192 205 0
180 203 0
180 193 0
109 167 0
188 201 0
158 1 0
117 166 0
182 205 0
190 204 0
122 169 0
178 205 0
120 159 0
178 206 0
179 204 0
154 4 0
181 204 0
182 195 0
183 205 0
178 204 0
115 156 0
41 10 0
114 161 0
35 6 0
205 201 0
114 160 0
125 167 0
130 191 0
41 9 0
36 6 0
36 7 0
131 192 0
116 167 0
43 1 0
181 203 0
205 202 0
53 1 0
42 9 0
143 192 0
37 7 0
114 157 0
38 6 0
182 204 0
42 8 0
111 167 0
43 8 0
121 162 0
114 156 0
43 9 0
36 5 0
42 1 0
203 84 0
1 202 0
109 168 0
117 165 0
34 2 0
113 173 0
159 1 0
116 158 0
113 174 0
122 162 0
158 2 0
141 194 0
152 186 0
44 1 0
39 5 0
177 205 0
185 199 0
114 173 0
32 2 0
121 161 0
99 3 0
43 2 0
179 203 0
35 3 0
33 3 0
156 7 0
120 162 0
148 194 0
100 2 0
180 202 0
41 1 0
193 205 0
138 184 0
109 171 0
116 5 0
119 162 0
45 12 0
116 162 0
144 188 0
139 197 0
38 7 0
177 204 0
183 204 0
184 205 0
192 204 0
40 6 0
182 196 0
115 168 0
46 9 0
117 6 0
109 172 0
108 166 0
108 172 0
142 194 0
45 9 0
118 11 0
143 193 0
42 2 0
173 197 0
182 203 0
36 4 0
180 201 0
132 192 0
35 4 0
149 195 0
45 8 0
120 170 0
116 6 0
45 10 0
47 10 0
98 3 0
181 202 0
179 202 0
178 196 0
45 1 0
72 203 0
52 1 0
179 193 0
44 10 0
114 172 0
148 193 0
118 166 0
46 10 0
121 171 0
55 2 0
109 165 0
122 172 0
125 166 0
125 165 0
123 172 0
119 10 0
44 2 0
178 203 0
172 198 0
50 4 0
44 9 0
51 2 0
55 3 0
122 171 0
115 158 0
126 166 0
124 171 0
144 187 0
43 3 0
171 199 0
69 204 0
185 205 0
182 202 0
176 204 0
135 195 0
50 3 0
169 192 0
51 3 0
115 5 0
51 4 0
42 11 0
53 2 0
115 159 0
109 166 0
109 164 0
108 164 0
114 159 0
59 2 0
141 195 0
16 46 0
183 203 0
173 196 0
169 194 0
198 121 0
137 194 0
197 121 0
40 1 0
34 1 0
117 176 0
117 164 0
43 12 0
160 1 0
110 164 0
110 172 0
63 1 0
43 4 0
71 205 0
180 200 0
159 198 0
199 122 0
177 195 0
130 190 0
134 185 0
130 180 0
43 10 0
117 168 0
130 179 0
41 8 0
125 169 0
39 8 0
125 170 0
39 9 0
111 169 0
61 3 0
118 12 0
181 201 0
149 189 0
177 196 0
135 184 0
139 189 0
141 189 0
54 3 0
40 8 0
113 167 0
164 2 0
112 168 0
79 205 0
199 120 0
175 197 0
150 188 0
131 191 0
132 181 0
201 123 0
141 192 0
142 191 0
51 0 0
44 3 0
55 4 0
140 195 0
140 194 0
118 165 0
110 169 0
113 169 0
161 203 0
112 170 0
111 168 0
111 171 0
160 204 0
205 200 0
60 2 0
46 1 0
143 188 0
140 196 0
204 131 0
202 120 0
177 203 0
202 124 0
78 205 0
179 201 0
202 123 0
200 112 0
133 192 0
201 124 0
141 190 0
172 197 0
51 1 0
178 202 0
142 189 0
46 8 0
113 170 0
155 203 0
112 172 0
62 3 0
171 198 0
143 194 0
63 205 0
184 204 0
203 125 0
199 113 0
130 189 0
142 190 0
167 195 0
46 6 0
46 7 0
57 194 0
150 11 0
47 7 0
204 203 0
160 205 0
123 163 0
112 165 0
112 164 0
120 10 0
171 197 0
122 170 0
141 196 0
183 196 0
205 143 0
201 114 0
201 113 0
72 205 0
132 191 0
141 191 0
184 196 0
136 195 0
137 196 0
114 5 0
139 196 0
139 195 0
138 195 0
42 3 0
138 194 0
48 5 0
118 164 0
160 7 0
64 198 0
159 2 0
112 166 0
111 166 0
111 165 0
158 3 0
153 7 0
119 11 0
153 197 0
133 182 0
203 130 0
205 144 0
184 203 0
6 143 0
64 205 0
184 197 0
132 193 0
134 183 0
186 197 0
121 9 0
132 182 0
56 196 0
138 196 0
121 163 0
138 197 0
48 4 0
56 192 0
112 167 0
160 203 0
158 8 0
63 197 0
110 162 0
168 205 0
154 6 0
112 7 0
45 2 0
144 186 0
65 205 0
1 144 0
55 194 0
6 144 0
205 123 0
199 142 0
147 192 0
139 191 0
56 193 0
115 6 0
49 4 0
56 195 0
55 195 0
57 197 0
157 6 0
117 156 0
117 157 0
109 163 0
117 175 0
155 6 0
58 7 0
146 188 0
115 10 0
137 186 0
204 122 0
205 142 0
143 187 0
54 198 0
55 193 0
201 122 0
200 142 0
55 197 0
129 190 0
127 181 0
56 194 0
56 197 0
145 190 0
116 7 0
133 183 0
57 196 0
58 197 0
58 200 0
61 198 0
159 204 0
158 4 0
115 177 0
118 174 0
159 3 0
176 203 0
204 201 0
123 162 0
169 205 0
118 13 0
131 180 0
205 170 0
200 119 0
204 143 0
43 184 0
131 190 0
56 198 0
129 180 0
58 198 0
140 191 0
117 8 0
58 199 0
29 194 0
61 199 0
29 191 0
120 163 0
115 169 0
28 192 0
205 33 0
115 175 0
115 176 0
119 171 0
117 174 0
161 1 0
205 8 0
168 203 0
41 2 0
59 3 0
142 195 0
2 144 0
205 171 0
44 197 0
201 140 0
5 145 0
42 185 0
130 181 0
138 192 0
87 190 0
59 4 0
29 193 0
35 2 0
30 192 0
29 192 0
26 193 0
26 194 0
117 173 0
118 173 0
115 173 0
119 173 0
156 200 0
169 204 0
116 11 0
108 165 0
144 193 0
2 134 0
203 143 0
29 198 0
35 200 0
133 191 0
111 2 0
74 204 0
139 193 0
137 197 0
139 192 0
30 194 0
113 5 0
55 5 0
35 5 0
27 195 0
26 195 0
161 202 0
1 33 0
118 175 0
157 3 0
118 172 0
124 169 0
119 172 0
120 172 0
120 174 0
2 202 0
202 31 0
170 205 0
60 5 0
121 10 0
152 194 0
178 201 0
31 204 0
204 172 0
31 196 0
131 189 0
26 203 0
32 199 0
31 197 0
132 190 0
54 4 0
19 205 0
174 196 0
25 196 0
26 196 0
18 203 0
118 168 0
121 172 0
160 2 0
123 169 0
120 173 0
122 173 0
125 168 0
158 5 0
205 9 0
170 204 0
173 195 0
120 11 0
150 192 0
1 171 0
40 195 0
185 204 0
180 199 0
35 193 0
63 204 0
25 204 0
31 202 0
114 6 0
30 198 0
31 198 0
133 193 0
20 205 0
24 200 0
18 205 0
23 202 0
18 202 0
18 204 0
22 203 0
131 177 0
20 203 0
159 6 0
126 168 0
205 85 0
140 182 0
167 201 0
59 6 0
172 196 0
117 12 0
202 115 0
132 180 0
101 2 0
181 200 0
186 205 0
62 204 0
186 198 0
64 204 0
134 192 0
27 203 0
198 115 0
28 203 0
27 205 0
117 9 0
28 198 0
28 199 0
24 201 0
25 205 0
172 191 0
25 203 0
24 203 0
23 204 0
22 204 0
54 191 0
21 204 0
108 167 0
121 167 0
21 203 0
86 201 0
170 198 0
118 161 0
54 197 0
107 168 0
108 168 0
85 202 0
154 198 0
39 1 0
168 202 0
154 7 0
202 121 0
92 1 0
203 201 0
170 193 0
41 194 0
64 1 0
177 202 0
88 197 0
205 153 0
147 203 0
143 197 0
137 206 0
63 2 0
41 204 0
146 206 0
79 203 0
110 178 0
31 199 0
204 113 0
124 186 0
204 148 0
85 201 0
12 12 0
131 202 0
36 192 0
40 199 0
153 8 0
43 5 0
35 191 0
65 204 0
91 191 0
190 55 0
192 52 0
136 1 0
101 181 0
179 191 0
149 8 0
37 201 0
155 190 0
200 37 0
194 45 0
199 36 0
3 44 0
194 205 0
206 111 0
129 181 0
122 192 0
124 4 0
93 201 0
146 204 0
120 175 0
183 202 0
204 167 0
138 186 0
51 188 0
113 177 0
9 44 0
171 205 0
144 196 0
146 192 0
135 183 0
200 40 0
59 5 0
13 56 0
143 9 0
113 179 0
112 180 0
6 128 0
112 177 0
74 6 0
53 188 0
7 46 0
46 5 0
131 203 0
114 180 0
40 188 0
110 197 0
154 196 0
50 191 0
122 186 0
129 204 0
203 149 0
152 8 0
41 191 0
109 191 0
203 50 0
15 49 0
73 203 0
202 66 0
205 37 0
61 4 0
203 122 0
201 35 0
0 40 0
0 37 0
124 170 0
12 1 0
141 8 0
3 42 0
205 154 0
2 37 0
110 190 0
1 126 0
57 1 0
109 196 0
60 1 0
116 182 0
106 183 0
205 113 0
147 11 0
112 178 0
202 50 0
204 33 0
48 188 0
139 201 0
201 171 0
195 50 0
84 202 0
111 172 0
112 171 0
145 6 0
11 1 0
94 191 0
143 200 0
201 38 0
41 195 0
13 1 0
176 189 0
121 187 0
4 60 0
201 116 0
192 59 0
131 201 0
14 48 0
8 124 0
57 195 0
11 56 0
138 200 0
114 1 0
46 193 0
17 205 0
158 10 0
113 4 0
162 203 0
205 34 0
135 198 0
141 202 0
134 199 0
40 9 0
4 57 0
198 40 0
86 200 0
1 143 0
26 200 0
169 203 0
1 63 0
128 192 0
7 40 0
17 50 0
14 49 0
98 204 0
69 203 0
12 2 0
112 173 0
115 2 0
138 0 0
143 10 0
141 199 0
42 205 0
92 205 0
3 37 0
153 190 0
151 197 0
11 13 0
118 6 0
158 200 0
206 145 0
10 1 0
93 189 0
158 204 0
129 189 0
118 179 0
139 185 0
205 32 0
190 54 0
138 179 0
117 177 0
7 122 0
109 180 0
119 12 0
177 190 0
146 203 0
121 194 0
150 196 0
161 201 0
120 192 0
121 175 0
110 170 0
132 4 0
141 3 0
111 163 0
111 184 0
132 203 0
136 184 0
142 4 0
111 1 0
111 202 0
182 201 0
1 38 0
8 57 0
205 53 0
11 2 0
44 192 0
194 44 0
1 154 0
140 190 0
14 51 0
172 195 0
136 3 0
110 199 0
195 56 0
14 1 0
43 205 0
13 2 0
153 14 0
125 5 0
123 165 0
89 197 0
52 194 0
204 129 0
118 0 0
103 185 0
125 197 0
204 66 0
58 3 0
129 198 0
118 178 0
73 5 0
2 150 0
106 201 0
126 4 0
4 39 0
0 38 0
142 203 0
122 188 0
3 40 0
6 129 0
12 3 0
2 112 0
2 61 0
97 192 0
135 202 0
33 5 0
153 202 0
180 206 0
8 46 0
47 188 0
104 200 0
143 3 0
125 12 0
110 200 0
55 202 0
95 193 0
140 186 0
200 58 0
108 203 0
124 5 0
200 49 0
110 202 0
148 2 0
189 45 0
146 191 0
150 195 0
7 58 0
121 176 0
87 195 0
143 203 0
122 9 0
41 203 0
158 196 0
7 37 0
6 33 0
37 198 0
127 4 0
62 4 0
90 194 0
145 204 0
180 191 0
56 1 0
125 187 0
149 9 0
206 129 0
159 205 0
1 119 0
205 169 0
142 204 0
118 8 0
2 36 0
98 189 0
130 204 0
115 167 0
156 3 0
98 191 0
114 205 0
115 183 0
201 120 0
4 151 0
117 190 0
199 118 0
9 125 0
70 204 0
53 198 0
121 196 0
0 34 0
121 169 0
113 188 0
143 198 0
95 194 0
201 190 0
107 203 0
106 198 0
40 196 0
133 1 0
1 127 0
195 39 0
52 205 0
4 38 0
135 2 0
2 62 0
6 127 0
9 1 0
107 201 0
69 2 0
106 185 0
200 63 0
203 168 0
141 183 0
204 144 0
205 152 0
205 191 0
2 119 0
11 45 0
58 1 0
126 180 0
205 36 0
57 2 0
159 4 0
141 205 0
137 204 0
11 12 0
147 202 0
116 181 0
0 14 0
125 192 0
168 204 0
99 193 0
45 186 0
97 194 0
204 142 0
152 191 0
30 205 0
97 196 0
123 181 0
96 193 0
155 11 0
122 181 0
122 164 0
118 5 0
151 191 0
205 147 0
108 201 0
55 198 0
117 193 0
0 89 0
118 202 0
199 39 0
159 203 0
44 200 0
196 37 0
13 49 0
13 52 0
46 199 0
24 204 0
34 198 0
144 11 0
152 190 0
7 41 0
150 204 0
120 179 0
10 10 0
60 201 0
67 204 0
38 200 0
62 202 0
195 38 0
120 160 0
3 125 0
116 3 0
153 189 0
205 192 0
205 118 0
57 0 0
127 190 0
150 8 0
147 193 0
58 4 0
4 124 0
130 178 0
121 181 0
206 46 0
66 205 0
122 194 0
118 201 0
64 203 0
58 8 0
127 196 0
118 4 0
3 39 0
200 62 0
70 1 0
124 183 0
13 50 0
178 190 0
106 205 0
142 198 0
35 195 0
195 42 0
169 202 0
12 4 0
140 7 0
124 3 0
160 202 0
155 7 0
204 153 0
0 63 0
7 60 0
1 66 0
125 1 0
110 163 0
201 50 0
132 195 0
101 199 0
113 205 0
151 7 0
163 205 0
145 7 0
50 193 0
202 44 0
142 183 0
119 169 0
94 190 0
98 190 0
78 204 0
136 177 0
124 204 0
125 185 0
121 183 0
111 198 0
1 158 0
151 199 0
204 123 0
93 192 0
42 204 0
1 120 0
21 205 0
10 12 0
153 5 0
98 197 0
103 181 0
202 62 0
198 41 0
146 6 0
8 11 0
42 10 0
175 199 0
140 198 0
198 35 0
17 203 0
10 45 0
198 39 0
10 44 0
3 132 0
13 3 0
161 2 0
0 44 0
197 57 0
119 200 0
68 206 0
77 2 0
172 200 0
106 187 0
112 3 0
65 203 0
88 196 0
104 199 0
129 9 0
42 7 0
148 4 0
64 2 0
38 197 0
142 2 0
92 190 0
124 196 0
144 204 0
68 2 0
125 171 0
6 39 0
16 49 0
156 191 0
126 165 0
2 41 0
154 204 0
63 0 0
124 10 0
124 163 0
151 8 0
154 193 0
134 180 0
59 193 0
98 1 0
136 188 0
114 204 0
205 145 0
59 200 0
112 187 0
179 200 0
109 202 0
114 168 0
81 200 0
5 117 0
22 205 0
0 120 0
123 184 0
100 0 0
119 181 0
7 123 0
84 197 0
127 201 0
206 194 0
153 188 0
97 2 0
130 201 0
3 61 0
189 47 0
50 204 0
3 30 0
126 198 0
199 154 0
44 187 0
117 197 0
193 42 0
96 202 0
145 195 0
148 11 0
205 110 0
117 201 0
185 49 0
199 34 0
167 202 0
192 43 0
201 56 0
99 186 0
202 51 0
196 43 0
47 201 0
30 202 0
11 50 0
163 2 0
197 40 0
45 198 0
113 190 0
196 39 0
196 40 0
109 169 0
145 199 0
130 188 0
10 46 0
49 202 0
199 141 0
154 189 0
164 0 0
1 192 0
205 190 0
139 6 0
103 189 0
7 13 0
147 201 0
113 195 0
7 121 0
15 1 0
179 192 0
204 191 0
188 202 0
1 118 0
123 4 0
199 49 0
147 0 0
138 5 0
162 205 0
46 201 0
162 202 0
43 189 0
157 204 0
174 195 0
180 190 0
5 121 0
118 182 0
12 46 0
119 182 0
202 40 0
140 201 0
201 191 0
140 202 0
187 51 0
140 193 0
129 200 0
3 38 0
12 52 0
51 187 0
1 133 0
194 55 0
131 200 0
2 40 0
132 5 0
11 3 0
41 3 0
127 198 0
2 154 0
198 37 0
191 47 0
116 192 0
70 206 0
133 190 0
205 55 0
47 6 0
49 191 0
8 60 0
1 113 0
123 193 0
44 205 0
119 6 0
198 38 0
158 205 0
205 6 0
4 117 0
2 54 0
114 188 0
125 199 0
170 203 0
155 198 0
14 2 0
134 191 0
3 36 0
200 117 0
8 127 0
40 2 0
203 153 0
46 192 0
178 188 0
131 204 0
10 57 0
163 204 0
164 205 0
134 206 0
1 32 0
124 167 0
177 1 0
160 198 0
151 1 0
134 177 0
15 50 0
165 198 0
55 1 0
128 198 0
177 194 0
152 201 0
193 0 0
147 189 0
122 198 0
2 126 0
74 4 0
193 47 0
130 199 0
202 148 0
33 202 0
1 41 0
4 123 0
122 163 0
126 193 0
5 124 0
113 200 0
6 43 0
96 197 0
199 153 0
115 194 0
71 1 0
131 5 0
155 194 0
115 185 0
114 177 0
149 199 0
203 58 0
32 203 0
52 200 0
85 205 0
65 6 0
203 193 0
129 185 0
137 190 0
151 5 0
115 205 0
85 196 0
202 60 0
10 2 0
197 41 0
130 202 0
12 49 0
87 194 0
164 203 0
206 118 0
149 203 0
142 9 0
70 2 0
120 202 0
53 3 0
1 153 0
150 187 0
157 4 0
197 61 0
1 128 0
118 177 0
19 204 0
197 39 0
3 119 0
203 33 0
201 59 0
143 204 0
205 3 0
147 10 0
0 182 0
201 146 0
163 203 0
188 206 0
66 7 0
88 201 0
114 203 0
168 195 0
28 201 0
132 176 0
186 200 0
114 196 0
153 195 0
34 4 0
1 145 0
132 178 0
81 197 0
114 179 0
29 195 0
193 49 0
192 42 0
2 55 0
126 197 0
5 120 0
139 194 0
159 202 0
29 203 0
133 202 0
131 199 0
55 6 0
130 1 0
88 204 0
51 200 0
94 195 0
10 56 0
5 152 0
4 43 0
61 5 0
54 202 0
137 175 0
47 187 0
38 205 0
8 1 0
112 193 0
119 184 0
193 43 0
197 56 0
129 192 0
100 204 0
199 63 0
197 42 0
37 6 0
196 42 0
100 195 0
48 204 0
190 47 0
10 50 0
10 48 0
120 177 0
116 205 0
4 142 0
30 193 0
138 178 0
10 52 0
113 161 0
158 195 0
135 181 0
116 8 0
138 204 0
145 205 0
116 172 0
5 54 0
55 188 0
204 118 0
203 62 0
199 206 0
12 5 0
41 7 0
69 3 0
139 182 0
198 59 0
1 36 0
3 126 0
2 118 0
155 201 0
116 164 0
202 149 0
112 205 0
149 191 0
10 3 0
106 200 0
2 169 0
139 179 0
7 118 0
8 56 0
59 195 0
125 188 0
40 7 0
126 188 0
65 1 0
123 199 0
203 114 0
79 202 0
83 202 0
25 194 0
7 128 0
150 199 0
53 4 0
175 189 0
120 195 0
88 195 0
121 8 0
116 195 0
6 130 0
5 38 0
40 205 0
118 195 0
113 194 0
109 200 0
9 49 0
2 149 0
189 51 0
149 3 0
98 198 0
9 2 0
80 201 0
138 198 0
102 203 0
200 60 0
8 48 0
134 202 0
186 51 0
138 205 0
200 56 0
13 46 0
126 200 0
204 154 0
52 3 0
144 3 0
176 202 0
13 4 0
119 193 0
124 184 0
52 191 0
2 127 0
72 1 0
114 187 0
113 185 0
145 1 0
10 54 0
121 200 0
205 141 0
130 203 0
145 203 0
198 42 0
204 34 0
3 33 0
75 4 0
50 203 0
136 182 0
133 179 0
197 122 0
122 199 0
140 3 0
152 7 0
44 8 0
183 201 0
132 194 0
127 199 0
10 43 0
179 189 0
5 60 0
70 9 0
15 2 0
124 199 0
122 182 0
193 46 0
127 200 0
165 205 0
7 119 0
13 48 0
92 196 0
7 126 0
114 2 0
110 168 0
128 202 0
123 182 0
145 193 0
131 6 0
201 127 0
115 195 0
117 195 0
51 204 0
120 189 0
113 204 0
204 170 0
113 196 0
5 59 0
128 199 0
70 7 0
178 200 0
202 38 0
109 199 0
141 4 0
8 49 0
138 4 0
7 50 0
0 46 0
4 52 0
174 190 0
11 4 0
29 3 0
102 193 0
7 51 0
120 187 0
14 3 0
4 145 0
41 202 0
205 119 0
189 48 0
206 44 0
199 37 0
63 198 0
135 3 0
11 51 0
1 61 0
143 205 0
0 178 0
202 143 0
200 45 0
18 0 0
2 171 0
18 6 0
1 55 0
91 1 0
176 188 0
129 203 0
204 64 0
3 157 0
43 204 0
7 59 0
2 132 0
68 3 0
41 197 0
133 205 0
101 194 0
195 44 0
54 204 0
152 189 0
126 5 0
160 3 0
117 182 0
205 31 0
188 200 0
9 51 0
136 180 0
12 14 0
137 180 0
138 177 0
56 5 0
124 200 0
124 1 0
115 179 0
201 60 0
43 11 0
116 198 0
119 2 0
124 198 0
31 3 0
143 11 0
12 56 0
117 179 0
206 3 0
173 206 0
124 197 0
16 1 0
145 8 0
173 194 0
7 34 0
119 202 0
2 203 0
166 199 0
113 198 0
123 202 0
121 201 0
112 197 0
80 203 0
201 51 0
162 201 0
201 42 0
123 178 0
190 51 0
136 205 0
33 194 0
188 50 0
190 52 0
86 199 0
140 181 0
205 86 0
155 199 0
199 46 0
201 145 0
94 194 0
116 166 0
1 31 0
71 2 0
7 52 0
203 170 0
95 195 0
121 178 0
135 1 0
70 3 0
9 42 0
162 1 0
151 190 0
137 191 0
2 192 0
205 117 0
89 203 0
63 199 0
132 202 0
137 181 0
126 203 0
131 183 0
2 46 0
54 2 0
115 180 0
54 195 0
133 177 0
203 51 0
114 194 0
102 190 0
4 191 0
4 192 0
149 194 0
8 125 0
191 52 0
9 45 0
113 192 0
128 9 0
126 3 0
112 198 0
130 198 0
16 2 0
192 58 0
121 192 0
132 189 0
200 48 0
180 198 0
4 125 0
110 201 0
44 199 0
204 152 0
177 193 0
131 195 0
197 43 0
9 3 0
103 196 0
1 174 0
168 0 0
190 48 0
44 11 0
204 43 0
196 52 0
40 191 0
114 178 0
6 50 0
156 194 0
69 4 0
171 204 0
94 203 0
108 198 0
39 204 0
205 4 0
205 155 0
3 140 0
0 5 0
110 161 0
56 2 0
148 1 0
7 56 0
119 178 0
148 205 0
125 11 0
40 203 0
5 40 0
198 34 0
119 7 0
146 10 0
155 189 0
114 175 0
12 6 0
8 2 0
154 192 0
138 199 0
36 2 0
158 197 0
100 186 0
201 46 0
93 193 0
122 177 0
71 6 0
204 49 0
13 40 0
124 189 0
153 4 0
36 194 0
37 5 0
172 205 0
49 3 0
203 144 0
30 2 0
55 192 0
48 0 0
130 205 0
2 56 0
121 199 0
42 196 0
89 196 0
194 43 0
53 201 0
200 50 0
15 9 0
116 191 0
202 46 0
91 204 0
126 1 0
116 200 0
177 201 0
147 205 0
6 119 0
142 10 0
152 14 0
117 194 0
197 37 0
42 203 0
137 199 0
199 62 0
168 201 0
199 50 0
115 1 0
37 191 0
124 182 0
125 198 0
176 192 0
135 197 0
85 1 0
117 163 0
122 178 0
81 205 0
195 53 0
125 2 0
191 53 0
137 198 0
100 201 0
115 204 0
14 4 0
43 196 0
175 196 0
116 12 0
6 51 0
136 176 0
9 50 0
76 2 0
142 206 0
7 43 0
5 123 0
116 206 0
112 8 0
161 205 0
140 200 0
121 189 0
63 6 0
44 4 0
201 52 0
98 195 0
122 196 0
28 195 0
13 5 0
195 58 0
59 1 0
64 5 0
145 197 0
4 37 0
68 8 0
86 195 0
128 201 0
3 148 0
1 59 0
140 6 0
202 119 0
6 54 0
193 1 0
2 120 0
74 5 0
146 202 0
98 188 0
143 2 0
66 204 0
9 54 0
12 51 0
103 187 0
162 204 0
111 193 0
151 204 0
202 206 0
102 200 0
34 201 0
136 201 0
58 201 0
117 5 0
117 1 0
148 202 0
170 197 0
143 6 0
108 187 0
205 56 0
54 5 0
110 165 0
117 188 0
128 195 0
199 44 0
99 189 0
142 187 0
142 5 0
115 3 0
127 9 0
111 182 0
144 5 0
163 202 0
115 196 0
7 54 0
3 56 0
62 199 0
4 126 0
68 9 0
110 166 0
125 6 0
117 205 0
197 45 0
153 201 0
123 8 0
6 59 0
104 0 0
123 1 0
116 1 0
100 182 0
16 9 0
142 186 0
129 202 0
108 185 0
206 191 0
41 206 0
87 206 0
36 201 0
198 57 0
1 121 0
156 199 0
155 195 0
114 182 0
123 197 0
135 199 0
101 204 0
37 205 0
120 200 0
149 2 0
148 189 0
159 7 0
180 192 0
150 206 0
7 42 0
117 172 0
44 204 0
137 200 0
120 182 0
135 185 0
1 155 0
155 193 0
144 205 0
158 203 0
205 44 0
1 45 0
45 201 0
118 187 0
200 64 0
14 52 0
11 5 0
49 203 0
130 194 0
7 1 0
150 203 0
113 1 0
124 194 0
10 4 0
157 194 0
5 56 0
120 183 0
7 49 0
17 7 0
123 190 0
55 203 0
33 204 0
148 9 0
135 177 0
9 9 0
17 1 0
201 57 0
199 54 0
118 186 0
190 203 0
162 2 0
138 201 0
144 12 0
2 128 0
69 5 0
195 40 0
8 42 0
1 132 0
39 203 0
117 181 0
126 202 0
167 200 0
85 204 0
98 192 0
200 151 0
52 4 0
202 49 0
201 37 0
153 3 0
148 196 0
10 40 0
46 191 0
143 5 0
154 8 0
174 198 0
9 56 0
128 4 0
1 170 0
109 203 0
155 188 0
11 44 0
84 203 0
11 55 0
165 199 0
125 181 0
150 194 0
205 124 0
150 3 0
149 184 0
115 7 0
204 45 0
112 200 0
15 10 0
3 41 0
35 201 0
94 192 0
3 122 0
116 170 0
2 123 0
1 49 0
8 52 0
127 197 0
6 145 0
120 165 0
177 189 0
203 191 0
62 198 0
154 200 0
117 169 0
146 7 0
84 201 0
39 196 0
171 196 0
146 195 0
46 202 0
15 3 0
205 151 0
158 6 0
124 2 0
206 65 0
131 193 0
119 175 0
201 41 0
142 193 0
48 201 0
42 189 0
149 10 0
1 117 0
130 187 0
137 178 0
28 3 0
109 170 0
123 168 0
112 204 0
203 157 0
114 170 0
37 197 0
9 47 0
157 200 0
154 191 0
6 1 0
93 1 0
47 8 0
122 183 0
199 41 0
203 46 0
8 3 0
141 9 0
3 54 0
112 1 0
2 32 0
204 52 0
96 192 0
57 193 0
115 193 0
33 199 0
133 198 0
168 200 0
99 195 0
101 193 0
42 202 0
203 54 0
9 4 0
148 5 0
165 197 0
8 41 0
3 191 0
203 45 0
96 191 0
33 201 0
127 187 0
116 4 0
185 203 0
157 199 0
135 192 0
147 191 0
2 49 0
2 143 0
11 41 0
92 2 0
124 191 0
128 7 0
2 35 0
16 3 0
112 5 0
204 141 0
46 2 0
12 7 0
201 61 0
93 196 0
48 203 0
111 187 0
60 0 0
100 188 0
120 181 0
97 185 0
113 189 0
203 129 0
144 197 0
18 1 0
150 198 0
144 7 0
32 4 0
111 192 0
31 195 0
46 200 0
104 193 0
121 184 0
198 56 0
2 157 0
206 66 0
37 200 0
14 47 0
203 53 0
7 45 0
181 191 0
53 196 0
36 198 0
119 189 0
156 198 0
128 180 0
37 199 0
157 198 0
12 45 0
0 51 0
3 48 0
7 2 0
10 5 0
70 4 0
125 200 0
200 51 0
188 53 0
116 174 0
102 201 0
142 200 0
205 46 0
196 54 0
4 63 0
3 55 0
37 193 0
122 8 0
198 36 0
198 49 0
197 59 0
157 2 0
0 31 0
58 2 0
1 47 0
206 161 0
95 204 0
141 204 0
88 0 0
205 51 0
129 193 0
10 51 0
29 4 0
128 182 0
170 202 0
195 54 0
202 64 0
204 32 0
26 201 0
138 202 0
109 179 0
15 4 0
49 198 0
189 54 0
165 204 0
121 202 0
205 42 0
133 200 0
41 188 0
1 142 0
127 1 0
80 205 0
155 12 0
32 197 0
137 179 0
116 183 0
165 200 0
32 204 0
205 112 0
99 194 0
91 195 0
112 169 0
144 6 0
147 6 0
16 50 0
116 190 0
5 46 0
206 47 0
57 3 0
14 5 0
11 6 0
13 6 0
206 135 0
193 59 0
102 182 0
152 4 0
39 189 0
5 62 0
7 55 0
63 202 0
1 53 0
113 162 0
6 32 0
201 43 0
131 188 0
42 198 0
160 201 0
17 2 0
90 199 0
164 204 0
99 188 0
122 4 0
202 114 0
206 88 0
90 196 0
145 202 0
140 205 0
141 2 0
43 203 0
121 179 0
147 3 0
115 162 0
205 45 0
114 195 0
146 194 0
107 181 0
204 124 0
156 190 0
107 0 0
92 204 0
25 198 0
3 133 0
2 113 0
60 6 0
116 185 0
93 195 0
180 194 0
112 196 0
199 48 0
10 47 0
66 3 0
10 6 0
119 3 0
144 1 0
31 1 0
59 192 0
201 63 0
117 2 0
6 118 0
196 58 0
79 204 0
6 2 0
96 190 0
204 171 0
115 203 0
203 41 0
30 199 0
122 189 0
51 206 0
114 206 0
144 192 0
56 4 0
121 191 0
106 202 0
149 185 0
38 204 0
33 198 0
0 71 0
13 51 0
17 9 0
160 197 0
139 202 0
113 178 0
45 205 0
197 53 0
123 164 0
113 6 0
95 0 0
109 201 0
201 65 0
204 158 0
141 184 0
0 203 0
131 198 0
0 54 0
116 204 0
146 5 0
46 190 0
204 115 0
111 205 0
117 167 0
132 1 0
42 4 0
59 7 0
9 52 0
149 4 0
30 196 0
148 201 0
6 117 0
133 0 0
54 190 0
1 129 0
9 5 0
91 188 0
68 1 0
12 44 0
199 38 0
146 1 0
108 197 0
1 124 0
150 2 0
175 203 0
205 48 0
202 153 0
153 9 0
3 35 0
109 198 0
33 197 0
136 186 0
200 34 0
200 41 0
205 65 0
126 2 0
129 206 0
173 191 0
187 199 0
72 2 0
143 4 0
1 108 0
147 12 0
137 4 0
98 186 0
9 41 0
153 10 0
154 9 0
95 196 0
85 192 0
97 191 0
203 7 0
152 9 0
96 196 0
149 190 0
45 3 0
181 199 0
28 204 0
196 53 0
198 55 0
146 4 0
1 56 0
198 120 0
204 53 0
148 204 0
57 198 0
133 196 0
40 202 0
194 49 0
116 179 0
1 89 0
59 205 0
62 200 0
113 203 0
113 3 0
156 193 0
72 204 0
108 184 0
50 187 0
64 7 0
194 53 0
102 195 0
204 169 0
63 3 0
205 172 0
32 196 0
145 5 0
68 4 0
52 196 0
135 187 0
47 1 0
12 50 0
6 38 0
147 2 0
12 57 0
1 22 0
125 3 0
41 201 0
160 4 0
38 199 0
204 149 0
12 54 0
115 11 0
139 7 0
134 197 0
139 178 0
90 189 0
40 189 0
127 3 0
159 5 0
123 196 0
166 198 0
155 8 0
143 199 0
121 182 0
119 1 0
103 184 0
0 119 0
114 197 0
145 2 0
149 202 0
199 115 0
158 199 0
120 9 0
134 195 0
154 2 0
205 52 0
123 5 0
154 195 0
116 178 0
200 120 0
123 3 0
1 50 0
126 185 0
168 1 0
204 42 0
203 118 0
8 4 0
114 10 0
132 204 0
47 2 0
67 202 0
0 134 0
7 3 0
108 200 0
136 4 0
198 122 0
149 5 0
5 47 0
85 200 0
97 1 0
11 7 0
203 123 0
125 193 0
0 59 0
77 205 0
123 9 0
201 126 0
119 161 0
194 51 0
132 183 0
7 39 0
114 202 0
120 171 0
2 145 0
124 6 0
136 2 0
47 197 0
149 205 0
204 147 0
4 34 0
142 6 0
4 44 0
6 48 0
124 168 0
203 154 0
36 205 0
17 3 0
11 0 0
158 192 0
110 193 0
110 183 0
19 1 0
138 203 0
131 196 0
161 200 0
108 204 0
6 124 0
117 191 0
139 3 0
111 179 0
5 61 0
8 54 0
14 6 0
112 199 0
69 205 0
205 50 0
117 7 0
60 9 0
39 205 0
73 1 0
122 200 0
66 6 0
133 194 0
127 5 0
1 44 0
137 183 0
18 2 0
13 7 0
38 203 0
1 4 0
117 200 0
5 49 0
156 197 0
203 39 0
99 203 0
1 5 0
44 203 0
166 200 0
5 44 0
12 41 0
45 193 0
206 22 0
145 9 0
121 190 0
5 1 0
137 205 0
186 204 0
110 2 0
196 38 0
203 55 0
88 1 0
200 118 0
45 204 0
133 185 0
1 48 0
139 176 0
61 205 0
143 1 0
126 6 0
108 189 0
138 190 0
8 58 0
150 12 0
5 155 0
199 125 0
16 4 0
177 187 0
13 41 0
42 190 0
111 204 0
117 204 0
90 200 0
179 199 0
15 5 0
38 196 0
6 61 0
99 204 0
195 52 0
182 200 0
150 197 0
120 204 0
4 61 0
55 7 0
121 166 0
206 125 0
125 7 0
115 157 0
16 48 0
120 186 0
148 192 0
200 55 0
199 51 0
171 200 0
129 195 0
114 4 0
93 4 0
0 116 0
118 198 0
101 191 0
1 191 0
0 131 0
6 46 0
2 52 0
110 188 0
4 56 0
65 5 0
71 3 0
43 202 0
143 195 0
64 6 0
28 1 0
134 2 0
113 163 0
138 6 0
140 177 0
101 198 0
30 195 0
4 48 0
132 197 0
2 147 0
4 54 0
3 46 0
192 49 0
200 127 0
62 7 0
202 36 0
6 55 0
203 148 0
61 8 0
65 4 0
129 177 0
116 180 0
139 1 0
178 193 0
202 54 0
12 8 0
191 56 0
123 10 0
153 1 0
131 197 0
105 183 0
97 203 0
14 55 0
184 202 0
118 205 0
118 171 0
141 5 0
144 203 0
202 33 0
187 205 0
124 166 0
204 44 0
87 196 0
4 41 0
119 168 0
153 193 0
41 200 0
146 201 0
129 10 0
5 39 0
185 202 0
59 203 0
4 130 0
205 43 0
117 180 0
1 86 0
54 1 0
52 203 0
46 205 0
113 157 0
110 171 0
0 79 0
145 189 0
12 55 0
5 42 0
108 183 0
140 8 0
49 204 0
58 196 0
0 49 0
36 199 0
204 119 0
2 153 0
120 180 0
120 184 0
40 206 0
144 2 0
161 196 0
137 5 0
121 4 0
147 7 0
45 200 0
203 142 0
123 200 0
3 118 0
129 183 0
2 65 0
10 58 0
199 55 0
203 188 0
97 205 0
131 1 0
3 52 0
49 197 0
137 174 0
1 201 0
205 195 0
0 62 0
148 195 0
96 198 0
148 203 0
90 193 0
199 57 0
13 53 0
93 197 0
89 199 0
197 120 0
15 51 0
101 197 0
3 64 0
144 13 0
201 141 0
134 194 0
15 6 0
96 199 0
204 51 0
87 200 0
205 116 0
134 200 0
102 185 0
199 116 0
57 5 0
145 186 0
136 199 0
205 2 0
42 201 0
133 206 0
40 204 0
31 4 0
155 196 0
131 179 0
43 200 0
194 42 0
35 199 0
92 200 0
129 188 0
114 186 0
129 179 0
206 95 0
116 177 0
140 204 0
67 3 0
187 204 0
69 6 0
50 205 0
16 5 0
205 127 0
116 193 0
147 1 0
15 47 0
106 186 0
119 192 0
156 195 0
3 63 0
201 53 0
206 155 0
198 53 0
40 201 0
67 8 0
7 61 0
204 112 0
28 193 0
0 108 0
99 1 0
123 204 0
131 205 0
39 202 0
9 6 0
199 45 0
152 193 0
191 1 0
146 190 0
23 205 0
116 203 0
120 194 0
202 58 0
91 198 0
37 204 0
117 10 0
128 197 0
30 3 0
113 9 0
122 5 0
34 193 0
200 52 0
149 7 0
157 197 0
157 1 0
134 182 0
156 204 0
10 123 0
109 178 0
147 200 0
153 200 0
2 64 0
103 205 0
187 52 0
19 5 0
36 193 0
48 202 0
119 194 0
3 66 0
31 203 0
176 193 0
206 60 0
2 158 0
6 60 0
98 0 0
136 5 0
63 7 0
5 58 0
131 206 0
106 191 0
148 3 0
139 199 0
141 182 0
139 187 0
46 204 0
137 195 0
179 190 0
5 53 0
199 56 0
140 203 0
7 48 0
43 201 0
141 10 0
188 54 0
36 200 0
127 202 0
141 7 0
1 54 0
6 53 0
114 201 0
193 52 0
150 205 0
202 61 0
1 35 0
205 146 0
171 203 0
107 186 0
142 205 0
203 120 0
1 40 0
180 189 0
204 151 0
120 0 0
117 158 0
196 51 0
45 6 0
128 194 0
204 56 0
11 8 0
205 173 0
64 202 0
117 199 0
0 22 0
149 198 0
90 205 0
2 34 0
0 124 0
116 201 0
119 185 0
119 177 0
11 57 0
115 202 0
141 1 0
11 49 0
138 180 0
5 48 0
2 140 0
37 203 0
77 204 0
201 40 0
39 6 0
119 5 0
125 195 0
32 198 0
151 195 0
140 197 0
18 3 0
5 51 0
63 196 0
129 0 0
12 16 0
154 1 0
2 59 0
75 3 0
8 43 0
1 71 0
121 164 0
40 3 0
34 199 0
127 189 0
5 37 0
5 125 0
143 12 0
158 9 0
98 202 0
138 175 0
195 43 0
152 5 0
112 194 0
0 29 0
118 200 0
78 203 0
203 49 0
153 187 0
2 57 0
189 46 0
197 49 0
6 40 0
144 190 0
191 55 0
20 1 0
182 199 0
167 199 0
88 199 0
8 126 0
201 49 0
129 197 0
197 36 0
113 160 0
90 197 0
145 198 0
203 63 0
3 152 0
196 41 0
202 52 0
10 42 0
133 195 0
106 204 0
44 202 0
115 198 0
146 8 0
4 49 0
42 195 0
123 192 0
0 9 0
130 200 0
141 179 0
57 204 0
100 3 0
149 12 0
4 1 0
157 205 0
93 199 0
82 202 0
118 162 0
30 204 0
8 40 0
119 187 0
136 178 0
1 122 0
3 127 0
203 126 0
65 201 0
3 47 0
35 192 0
97 193 0
93 191 0
169 197 0
67 205 0
130 196 0
5 55 0
100 192 0
2 58 0
102 198 0
206 151 0
120 193 0
34 196 0
175 192 0
141 203 0
4 50 0
200 47 0
1 152 0
119 198 0
6 57 0
5 57 0
41 199 0
1 43 0
95 191 0
7 12 0
35 202 0
147 9 0
125 201 0
42 200 0
201 66 0
158 202 0
130 193 0
129 2 0
3 144 0
205 140 0
126 201 0
128 189 0
1 62 0
114 174 0
149 193 0
204 202 0
164 202 0
116 173 0
123 198 0
117 13 0
134 179 0
96 205 0
140 185 0
119 159 0
121 185 0
1 116 0
144 8 0
114 183 0
5 2 0
63 206 0
196 44 0
102 189 0
128 200 0
182 193 0
19 2 0
111 181 0
131 185 0
123 189 0
92 199 0
123 170 0
112 190 0
204 40 0
205 84 0
89 192 0
200 44 0
133 3 0
176 196 0
76 205 0
50 201 0
38 0 0
154 188 0
128 3 0
142 3 0
206 85 0
198 50 0
110 167 0
133 186 0
135 188 0
145 196 0
127 194 0
29 196 0
128 179 0
176 191 0
94 202 0
122 175 0
121 168 0
124 202 0
152 1 0
38 193 0
2 108 0
177 192 0
123 201 0
140 4 0
2 155 0
169 201 0
35 205 0
116 199 0
125 8 0
67 4 0
1 57 0
13 15 0
126 183 0
127 206 0
38 202 0
173 205 0
192 50 0
166 205 0
127 184 0
11 53 0
2 43 0
3 49 0
135 205 0
204 48 0
119 180 0
205 57 0
2 117 0
151 3 0
144 202 0
33 6 0
145 0 0
98 199 0
190 45 0
67 6 0
183 200 0
200 36 0
123 2 0
198 48 0
40 198 0
129 194 0
43 197 0
12 9 0
91 199 0
206 89 0
114 3 0
172 201 0
49 205 0
41 205 0
107 184 0
120 198 0
5 143 0
117 183 0
147 186 0
109 183 0
143 180 0
100 202 0
83 203 0
129 201 0
47 205 0
121 204 0
203 189 0
204 192 0
6 58 0
117 185 0
6 42 0
96 201 0
16 51 0
33 1 0
96 195 0
136 196 0
199 143 0
1 146 0
124 201 0
14 7 0
113 202 0
95 205 0
112 203 0
159 197 0
96 206 0
200 61 0
7 4 0
204 190 0
141 197 0
117 3 0
3 120 0
93 190 0
203 34 0
85 195 0
40 200 0
97 197 0
39 201 0
99 201 0
57 199 0
6 3 0
205 135 0
116 159 0
6 52 0
139 204 0
71 203 0
2 60 0
92 198 0
206 171 0
13 8 0
176 194 0
177 200 0
3 53 0
181 190 0
174 203 0
2 51 0
195 59 0
159 196 0
110 6 0
135 201 0
191 43 0
205 28 0
45 203 0
110 205 0
143 7 0
3 50 0
63 8 0
7 57 0
179 188 0
11 52 0
120 196 0
134 193 0
187 48 0
136 175 0
150 4 0
204 117 0
137 202 0
1 9 0
150 190 0
34 202 0
150 202 0
103 193 0
90 198 0
141 193 0
11 58 0
200 42 0
195 41 0
146 196 0
5 128 0
175 193 0
43 185 0
195 55 0
97 190 0
151 13 0
117 4 0
109 192 0
4 40 0
74 1 0
9 58 0
146 205 0
204 85 0
70 5 0
170 196 0
61 197 0
147 204 0
16 52 0
89 200 0
56 6 0
194 54 0
193 41 0
43 6 0
158 198 0
135 200 0
119 205 0
46 206 0
126 7 0
142 192 0
204 31 0
79 201 0
159 193 0
120 199 0
145 12 0
80 204 0
139 184 0
3 57 0
177 186 0
201 155 0
200 39 0
7 127 0
40 194 0
188 205 0
206 170 0
180 197 0
87 193 0
197 48 0
8 5 0
172 189 0
3 58 0
17 4 0
47 200 0
54 6 0
151 203 0
85 0 0
148 12 0
29 2 0
196 120 0
137 203 0
202 42 0
84 196 0
9 53 0
108 180 0
197 60 0
149 201 0
122 201 0
99 205 0
149 188 0
122 190 0
119 164 0
4 59 0
146 2 0
52 198 0
117 178 0
206 8 0
136 203 0
136 204 0
202 122 0
120 7 0
118 194 0
136 202 0
10 7 0
3 32 0
202 55 0
156 201 0
205 193 0
61 1 0
204 57 0
149 197 0
146 11 0
32 5 0
126 10 0
199 40 0
33 0 0
149 1 0
87 202 0
198 43 0
114 163 0
4 31 0
84 205 0
84 204 0
127 2 0
135 191 0
201 121 0
99 4 0
206 195 0
95 192 0
34 203 0
13 45 0
36 204 0
11 43 0
152 188 0
148 6 0
14 46 0
117 160 0
137 201 0
204 35 0
32 200 0
149 192 0
203 152 0
204 145 0
97 202 0
204 200 0
3 62 0
202 48 0
131 2 0
3 4 0
3 1 0
21 1 0
89 188 0
0 48 0
73 206 0
197 50 0
116 202 0
195 46 0
48 191 0
202 47 0
84 200 0
33 205 0
43 190 0
14 16 0
140 2 0
198 51 0
199 121 0
81 199 0
139 4 0
140 9 0
165 203 0
104 185 0
11 9 0
4 119 0
173 190 0
51 196 0
135 203 0
105 185 0
120 12 0
109 185 0
201 117 0
120 161 0
191 48 0
181 189 0
94 197 0
122 193 0
120 203 0
87 199 0
126 190 0
138 191 0
82 198 0
77 1 0
90 201 0
110 186 0
4 33 0
113 168 0
15 12 0
83 201 0
143 183 0
95 186 0
203 111 0
88 200 0
6 49 0
181 198 0
175 191 0
22 0 0
123 185 0
141 6 0
151 189 0
118 183 0
155 2 0
195 47 0
174 200 0
163 206 0
96 203 0
118 199 0
206 115 0
4 36 0
1 193 0
90 1 0
101 182 0
116 175 0
31 205 0
194 50 0
205 156 0
139 203 0
2 5 0
46 198 0
116 171 0
132 188 0
153 192 0
119 13 0
126 199 0
172 204 0
119 160 0
191 50 0
109 181 0
155 192 0
190 50 0
4 45 0
110 195 0
128 5 0
132 196 0
109 189 0
132 198 0
112 179 0
4 156 0
177 191 0
88 203 0
157 193 0
191 45 0
153 203 0
204 127 0
201 143 0
201 48 0
27 201 0
199 144 0
105 184 0
60 198 0
14 8 0
139 188 0
129 191 0
163 201 0
135 180 0
57 8 0
188 47 0
106 188 0
115 4 0
137 185 0
114 176 0
189 53 0
117 187 0
196 49 0
151 192 0
118 7 0
110 194 0
44 196 0
106 184 0
134 201 0
205 58 0
122 3 0
2 121 0
201 39 0
184 201 0
113 199 0
119 166 0
203 44 0
133 199 0
53 5 0
6 56 0
133 201 0
53 189 0
1 39 0
182 191 0
45 189 0
176 187 0
202 41 0
142 196 0
205 54 0
110 198 0
85 203 0
17 8 0
14 44 0
63 4 0
95 200 0
52 5 0
202 144 0
72 3 0
134 204 0
201 36 0
115 181 0
39 195 0
198 116 0
46 187 0
202 171 0
3 60 0
3 130 0
123 188 0
150 193 0
176 206 0
27 202 0
118 181 0
203 150 0
107 196 0
52 204 0
14 50 0
47 203 0
147 199 0
135 176 0
121 180 0
201 45 0
150 6 0
156 11 0
160 194 0
45 202 0
119 183 0
4 127 0
138 187 0
89 206 0
18 4 0
192 51 0
179 198 0
95 184 0
111 195 0
42 186 0
28 196 0
10 53 0
186 203 0
186 49 0
157 5 0
108 199 0
37 202 0
113 187 0
154 202 0
70 202 0
89 198 0
114 190 0
133 197 0
137 182 0
5 50 0
10 8 0
205 189 0
6 125 0
4 55 0
150 191 0
193 51 0
124 7 0
56 205 0
157 191 0
142 202 0
12 10 0
8 50 0
49 188 0
109 197 0
122 197 0
153 2 0
129 4 0
16 6 0
68 205 0
46 194 0
205 125 0
122 191 0
178 199 0
124 188 0
111 199 0
200 43 0
34 197 0
1 58 0
200 53 0
2 48 0
142 7 0
205 120 0
203 158 0
92 0 0
190 53 0
199 151 0
121 198 0
58 194 0
68 5 0
85 199 0
109 182 0
22 202 0
13 54 0
8 53 0
108 181 0
0 56 0
107 199 0
34 200 0
115 199 0
164 197 0
203 36 0
88 194 0
178 187 0
129 178 0
90 203 0
116 196 0
199 52 0
116 197 0
170 201 0
86 192 0
189 52 0
98 194 0
160 196 0
87 201 0
204 50 0
5 52 0
57 202 0
138 183 0
27 194 0
127 6 0
127 192 0
187 201 0
203 52 0
202 118 0
71 4 0
174 194 0
56 202 0
192 47 0
138 7 0
179 194 0
205 158 0
97 198 0
117 202 0
198 118 0
4 58 0
48 195 0
49 201 0
4 4 0
9 7 0
0 4 0
96 194 0
154 5 0
66 8 0
149 6 0
8 8 0
124 165 0
199 42 0
13 9 0
125 202 0
201 44 0
100 187 0
157 190 0
15 48 0
12 0 0
67 7 0
64 0 0
45 206 0
198 45 0
151 198 0
204 55 0
120 197 0
4 51 0
112 182 0
117 196 0
3 154 0
105 198 0
114 198 0
122 1 0
147 194 0
199 35 0
121 7 0
37 192 0
97 184 0
35 194 0
116 194 0
125 4 0
7 5 0
195 51 0
39 2 0
203 119 0
136 190 0
176 201 0
152 192 0
4 2 0
115 192 0
5 153 0
202 37 0
152 204 0
1 65 0
135 178 0
86 194 0
100 189 0
148 188 0
51 205 0
175 202 0
138 182 0
2 45 0
1 37 0
194 41 0
141 177 0
117 162 0
116 165 0
72 202 0
2 53 0
178 192 0
104 189 0
45 195 0
35 197 0
43 198 0
112 195 0
60 200 0
48 200 0
32 6 0
101 201 0
52 188 0
53 193 0
123 195 0
148 200 0
128 184 0
118 180 0
178 194 0
140 1 0
8 44 0
119 195 0
8 59 0
107 187 0
8 39 0
154 199 0
196 62 0
42 188 0
17 5 0
110 204 0
192 44 0
205 133 0
43 199 0
200 46 0
73 204 0
117 203 0
202 191 0
97 187 0
48 193 0
172 194 0
181 197 0
202 39 0
69 9 0
35 1 0
123 6 0
6 4 0
91 190 0
119 197 0
120 4 0
176 200 0
187 203 0
203 141 0
109 194 0
108 195 0
2 42 0
204 116 0
4 115 0
133 204 0
203 147 0
130 6 0
108 182 0
145 10 0
134 203 0
159 9 0
83 197 0
111 7 0
114 185 0
38 195 0
48 198 0
135 204 0
83 198 0
38 190 0
123 194 0
181 192 0
159 8 0
68 204 0
86 198 0
123 167 0
38 8 0
91 196 0
91 197 0
92 197 0
41 196 0
198 46 0
122 187 0
205 150 0
198 54 0
61 200 0
146 200 0
123 187 0
2 31 0
201 192 0
28 194 0
89 202 0
112 181 0
161 199 0
122 184 0
121 5 0
122 185 0
3 117 0
113 197 0
202 127 0
46 189 0
126 184 0
114 181 0
151 196 0
178 189 0
152 197 0
132 200 0
144 194 0
153 199 0
2 142 0
5 43 0
152 198 0
114 200 0
91 194 0
115 201 0
139 200 0
203 192 0
99 190 0
133 2 0
172 203 0
140 180 0
43 195 0
204 146 0
91 193 0
20 2 0
101 185 0
43 0 0
116 169 0
110 196 0
203 38 0
153 11 0
203 37 0
6 6 0
15 52 0
39 198 0
8 6 0
204 38 0
5 34 0
2 38 0
150 1 0
92 194 0
201 54 0
3 149 0
205 49 0
107 198 0
2 191 0
81 202 0
37 195 0
141 201 0
1 156 0
203 145 0
1 30 0
202 125 0
120 1 0
118 1 0
142 182 0
124 192 0
200 57 0
67 203 0
124 193 0
126 195 0
116 188 0
205 30 0
93 188 0
103 203 0
94 2 0
119 203 0
82 203 0
133 203 0
139 177 0
136 179 0
94 193 0
120 166 0
101 184 0
156 4 0
103 186 0
115 182 0
202 53 0
1 194 0
113 181 0
91 2 0
110 1 0
203 113 0
204 155 0
65 2 0
113 182 0
123 171 0
123 203 0
200 152 0
103 188 0
194 59 0
144 198 0
205 121 0
137 189 0
103 190 0
116 187 0
53 187 0
115 8 0
1 52 0
103 191 0
111 203 0
180 196 0
136 198 0
128 183 0
66 202 0
140 188 0
3 115 0
144 10 0
94 1 0
198 142 0
37 4 0
145 201 0
134 3 0
39 200 0
5 3 0
19 3 0
204 67 0
135 175 0
133 187 0
204 36 0
14 54 0
60 7 0
3 51 0
204 37 0
195 60 0
142 8 0
114 7 0
33 203 0
193 58 0
64 3 0
15 7 0
47 193 0
194 58 0
57 7 0
203 32 0
75 2 0
201 157 0
122 2 0
198 123 0
205 68 0
192 45 0
72 6 0
106 199 0
205 7 0
198 47 0
6 121 0
124 195 0
54 200 0
44 185 0
132 3 0
200 123 0
49 195 0
58 202 0
132 201 0
144 199 0
126 194 0
200 144 0
92 189 0
64 197 0
113 201 0
119 199 0
188 52 0
49 196 0
49 187 0
108 186 0
114 162 0
45 4 0
61 9 0
103 183 0
191 49 0
101 183 0
104 184 0
140 178 0
50 202 0
143 191 0
100 185 0
166 201 0
102 184 0
102 188 0
101 189 0
196 47 0
101 190 0
204 189 0
126 169 0
94 196 0
182 190 0
139 198 0
149 187 0
118 9 0
134 196 0
43 187 0
167 203 0
130 192 0
151 9 0
128 203 0
201 153 0
142 178 0
89 195 0
118 176 0
88 202 0
47 199 0
205 38 0
39 194 0
6 120 0
73 2 0
12 11 0
199 124 0
135 4 0
156 1 0
4 3 0
44 5 0
192 54 0
95 198 0
191 54 0
9 8 0
151 4 0
196 57 0
196 60 0
206 69 0
151 187 0
193 54 0
193 55 0
193 44 0
203 56 0
90 202 0
107 197 0
186 50 0
118 3 0
5 151 0
1 125 0
182 198 0
200 116 0
125 196 0
126 196 0
120 5 0
122 195 0
117 189 0
82 199 0
5 33 0
36 203 0
115 186 0
73 3 0
125 194 0
137 176 0
83 200 0
201 154 0
100 183 0
110 179 0
100 184 0
104 183 0
121 205 0
102 183 0
137 6 0
152 203 0
136 181 0
164 199 0
142 180 0
190 49 0
41 193 0
100 190 0
191 51 0
204 130 0
58 6 0
205 130 0
45 188 0
59 8 0
196 59 0
105 200 0
133 189 0
3 171 0
202 205 0
115 184 0
133 181 0
116 184 0
11 10 0
201 34 0
112 202 0
130 186 0
100 1 0
204 120 0
131 187 0
203 40 0
142 188 0
4 118 0
99 0 0
2 116 0
8 55 0
205 128 0
80 200 0
121 174 0
119 196 0
122 202 0
20 3 0
122 10 0
70 201 0
4 35 0
134 1 0
46 203 0
137 184 0
125 203 0
206 143 0
129 7 0
13 10 0
42 5 0
206 119 0
118 167 0
137 177 0
204 39 0
139 5 0
32 205 0
194 57 0
195 57 0
140 5 0
55 196 0
194 56 0
66 4 0
104 201 0
189 49 0
68 7 0
49 200 0
105 195 0
179 187 0
196 50 0
123 175 0
2 89 0
107 194 0
124 9 0
146 198 0
146 197 0
100 181 0
203 47 0
5 119 0
97 186 0
32 202 0
197 38 0
142 184 0
83 204 0
101 188 0
99 187 0
151 188 0
105 193 0
60 196 0
132 177 0
121 193 0
6 47 0
47 196 0
125 204 0
62 196 0
125 205 0
62 5 0
32 1 0
40 10 0
99 191 0
124 205 0
8 123 0
117 184 0
198 44 0
130 183 0
107 205 0
146 187 0
107 204 0
96 187 0
99 2 0
108 202 0
150 186 0
1 115 0
166 204 0
3 128 0
61 6 0
6 123 0
58 193 0
14 10 0
125 9 0
167 198 0
157 196 0
124 187 0
10 41 0
133 4 0
69 7 0
14 9 0
116 168 0
87 204 0
0 36 0
139 181 0
45 197 0
41 198 0
154 3 0
193 57 0
160 6 0
35 196 0
194 52 0
198 62 0
151 6 0
198 61 0
176 190 0
149 196 0
15 8 0
118 204 0
120 185 0
52 190 0
36 202 0
198 60 0
7 124 0
28 2 0
170 194 0
179 197 0
204 58 0
104 191 0
105 196 0
38 198 0
104 192 0
127 185 0
89 191 0
196 48 0
107 193 0
73 205 0
95 185 0
192 55 0
177 0 0
68 203 0
59 204 0
33 195 0
136 200 0
51 192 0
96 186 0
40 197 0
99 192 0
57 205 0
177 199 0
197 46 0
126 204 0
122 204 0
1 123 0
163 199 0
2 30 0
51 191 0
116 9 0
162 200 0
197 54 0
102 192 0
122 205 0
105 205 0
8 7 0
17 6 0
104 186 0
10 11 0
55 8 0
149 183 0
145 188 0
118 163 0
144 185 0
136 197 0
16 47 0
2 124 0
47 186 0
154 10 0
141 181 0
38 1 0
145 3 0
205 39 0
200 150 0
160 200 0
102 197 0
53 205 0
120 178 0
173 189 0
75 205 0
204 65 0
95 203 0
142 1 0
45 184 0
14 45 0
127 186 0
171 195 0
150 7 0
205 122 0
16 7 0
204 41 0
113 193 0
154 14 0
68 202 0
205 40 0
6 5 0
19 6 0
5 45 0
120 169 0
138 3 0
204 46 0
26 202 0
108 190 0
205 131 0
197 47 0
95 183 0
108 191 0
74 203 0
4 150 0
106 197 0
143 181 0
105 197 0
94 185 0
108 192 0
86 203 0
102 2 0
120 3 0
96 185 0
129 205 0
5 130 0
145 4 0
1 173 0
204 199 0
17 204 0
143 8 0
46 186 0
202 154 0
3 143 0
126 205 0
155 202 0
52 197 0
95 2 0
127 204 0
155 200 0
113 2 0
105 187 0
2 1 0
105 188 0
41 4 0
201 144 0
188 48 0
105 189 0
159 201 0
42 197 0
136 192 0
157 203 0
0 24 0
11 48 0
105 190 0
61 2 0
35 203 0
154 13 0
2 131 0
204 193 0
100 196 0
104 205 0
135 196 0
54 192 0
51 203 0
119 8 0
1 111 0
105 204 0
120 168 0
101 192 0
1 190 0
203 121 0
133 178 0
109 205 0
168 199 0
159 195 0
29 199 0
2 129 0
121 11 0
60 205 0
175 198 0
139 183 0
1 130 0
115 190 0
94 189 0
143 182 0
148 7 0
204 125 0
123 180 0
201 115 0
1 172 0
5 126 0
1 141 0
27 196 0
3 150 0
94 186 0
204 8 0
148 8 0
147 4 0
148 187 0
175 195 0
113 166 0
2 9 0
193 45 0
197 58 0
118 191 0
142 11 0
116 163 0
192 46 0
94 201 0
195 45 0
56 3 0
42 199 0
196 45 0
107 191 0
109 187 0
143 0 0
196 55 0
137 173 0
203 57 0
61 196 0
196 46 0
203 48 0
76 204 0
37 189 0
106 196 0
108 196 0
154 194 0
132 205 0
131 3 0
2 168 0
102 194 0
107 185 0
58 9 0
128 205 0
89 194 0
127 203 0
115 178 0
107 188 0
90 2 0
131 176 0
205 129 0
206 201 0
86 202 0
106 189 0
203 31 0
8 12 0
104 187 0
3 31 0
4 152 0
199 43 0
104 190 0
166 203 0
99 197 0
105 203 0
118 185 0
139 8 0
11 59 0
205 47 0
200 126 0
162 198 0
175 201 0
3 2 0
100 193 0
106 203 0
202 128 0
106 182 0
4 122 0
29 205 0
111 197 0
137 187 0
2 159 0
59 194 0
162 196 0
100 194 0
154 201 0
122 179 0
118 192 0
53 6 0
169 195 0
14 13 0
51 202 0
191 44 0
123 186 0
194 60 0
145 191 0
174 191 0
134 187 0
118 203 0
188 204 0
180 188 0
151 2 0
113 0 0
203 151 0
121 186 0
90 190 0
118 14 0
130 2 0
201 125 0
2 152 0
112 176 0
90 195 0
128 2 0
186 202 0
184 200 0
158 191 0
1 29 0
121 165 0
5 4 0
5 36 0
113 176 0
199 60 0
22 1 0
138 1 0
163 200 0
190 46 0
191 46 0
205 41 0
205 167 0
147 5 0
138 2 0
34 204 0
197 63 0
110 203 0
139 2 0
71 5 0
1 64 0
205 59 0
126 191 0
204 63 0
115 172 0
60 202 0
11 46 0
107 182 0
79 200 0
155 191 0
115 160 0
107 192 0
107 183 0
121 6 0
105 194 0
3 142 0
66 1 0
108 188 0
128 204 0
199 123 0
130 7 0
107 189 0
59 202 0
86 197 0
4 144 0
92 192 0
2 146 0
35 198 0
47 194 0
141 185 0
162 4 0
95 202 0
4 129 0
60 199 0
106 190 0
104 188 0
135 5 0
157 202 0
164 201 0
104 204 0
119 174 0
93 194 0
51 195 0
5 129 0
48 1 0
173 200 0
194 47 0
99 196 0
204 114 0
104 203 0
113 172 0
119 186 0
61 7 0
114 8 0
3 121 0
4 155 0
19 0 0
92 191 0
120 191 0
117 192 0
205 168 0
6 44 0
148 206 0
138 176 0
161 198 0
58 5 0
130 195 0
185 196 0
185 197 0
90 192 0
127 205 0
183 199 0
108 163 0
189 205 0
121 12 0
77 203 0
62 6 0
21 2 0
39 193 0
125 0 0
1 42 0
204 156 0
119 201 0
138 181 0
14 14 0
111 194 0
84 195 0
105 199 0
57 201 0
202 116 0
205 111 0
70 6 0
88 191 0
64 199 0
34 205 0
200 141 0
1 134 0
173 193 0
104 206 0
137 2 0
149 200 0
137 1 0
97 195 0
203 30 0
81 198 0
19 4 0
129 8 0
39 197 0
205 64 0
205 138 0
152 3 0
3 141 0
206 153 0
197 62 0
151 186 0
1 60 0
105 191 0
39 7 0
105 192 0
127 195 0
42 193 0
120 2 0
89 204 0
151 12 0
199 119 0
110 189 0
91 205 0
87 198 0
204 126 0
127 180 0
93 202 0
154 197 0
121 0 0
85 198 0
110 181 0
203 155 0
202 156 0
124 190 0
62 1 0
123 191 0
153 196 0
203 128 0
120 188 0
117 186 0
125 186 0
112 191 0
118 189 0
129 187 0
178 198 0
102 196 0
112 201 0
148 185 0
128 188 0
82 0 0
121 195 0
201 62 0
190 1 0
22 2 0
133 180 0
102 187 0
204 128 0
174 193 0
141 180 0
174 202 0
93 205 0
117 171 0
107 190 0
78 201 0
93 2 0
82 205 0
48 199 0
143 202 0
132 184 0
194 206 0
46 3 0
18 5 0
163 1 0
202 45 0
158 0 0
203 66 0
205 66 0
141 200 0
37 1 0
202 35 0
4 46 0
81 204 0
93 198 0
174 197 0
103 192 0
153 198 0
10 125 0
37 3 0
156 8 0
114 158 0
86 204 0
102 199 0
106 195 0
106 193 0
152 10 0
10 13 0
91 203 0
5 116 0
131 4 0
86 205 0
156 192 0
107 202 0
130 197 0
87 205 0
43 192 0
11 42 0
123 7 0
122 6 0
130 5 0
203 127 0
104 194 0
147 195 0
187 49 0
60 197 0
89 201 0
17 51 0
122 166 0
2 33 0
90 204 0
92 202 0
139 205 0
98 200 0
97 200 0
95 197 0
1 1 0
97 201 0
115 164 0
129 3 0
201 33 0
105 202 0
84 199 0
109 204 0
1 148 0
1 149 0
153 6 0
111 190 0
111 5 0
161 5 0
147 8 0
113 184 0
3 153 0
53 192 0
114 191 0
68 6 0
9 11 0
2 84 0
146 189 0
155 3 0
113 191 0
160 195 0
135 193 0
12 58 0
121 188 0
119 188 0
26 204 0
204 3 0
139 186 0
134 205 0
202 126 0
10 9 0
205 115 0
1 151 0
92 3 0
107 169 0
138 174 0
104 202 0
161 3 0
87 192 0
6 152 0
3 123 0
142 199 0
88 205 0
134 190 0
130 4 0
82 201 0
159 194 0
153 186 0
124 11 0
197 44 0
39 3 0
143 179 0
47 204 0
40 4 0
205 67 0
57 200 0
48 3 0
203 65 0
203 67 0
198 63 0
7 6 0
198 64 0
27 204 0
199 64 0
187 50 0
202 43 0
103 194 0
106 192 0
103 195 0
104 195 0
37 8 0
56 201 0
2 122 0
126 9 0
119 163 0
185 201 0
91 200 0
91 201 0
3 170 0
54 193 0
99 199 0
103 204 0
95 199 0
96 200 0
92 195 0
46 196 0
152 6 0
162 199 0
113 171 0
109 190 0
5 127 0
103 201 0
173 198 0
2 193 0
149 11 0
7 125 0
102 202 0
110 191 0
2 50 0
198 58 0
49 5 0
5 154 0
2 130 0
151 194 0
151 193 0
134 186 0
20 204 0
134 189 0
119 204 0
155 204 0
96 2 0
145 192 0
172 192 0
153 194 0
110 5 0
102 204 0
4 154 0
92 203 0
93 200 0
126 189 0
134 176 0
117 11 0
91 202 0
199 117 0
126 8 0
169 196 0
167 1 0
4 146 0
156 2 0
88 193 0
56 203 0
75 1 0
192 56 0
201 64 0
152 2 0
50 189 0
202 56 0
193 56 0
9 57 0
89 1 0
148 10 0
205 35 0
98 187 0
189 202 0
76 1 0
98 193 0
112 192 0
129 1 0
87 203 0
115 191 0
98 196 0
118 193 0
148 198 0
94 198 0
94 199 0
2 125 0
80 199 0
5 144 0
126 192 0
94 200 0
128 190 0
53 197 0
169 193 0
95 201 0
203 35 0
39 199 0
110 192 0
112 188 0
112 189 0
2 133 0
113 7 0
201 119 0
122 203 0
202 117 0
9 10 0
154 187 0
121 203 0
193 48 0
205 139 0
2 4 0
84 1 0
203 117 0
6 126 0
155 9 0
103 199 0
172 193 0
140 189 0
175 200 0
109 188 0
35 204 0
111 196 0
106 194 0
202 63 0
204 68 0
125 190 0
2 63 0
200 65 0
152 195 0
112 2 0
2 47 0
145 11 0
2 156 0
71 204 0
203 42 0
182 192 0
101 195 0
196 56 0
2 44 0
113 164 0
45 196 0
128 196 0
127 10 0
150 200 0
148 191 0
86 193 0
206 4 0
150 201 0
103 197 0
30 1 0
205 160 0
203 43 0
59 196 0
200 54 0
150 185 0
118 184 0
159 192 0
175 190 0
55 199 0
9 55 0
103 198 0
144 9 0
204 140 0
66 203 0
103 200 0
99 198 0
204 159 0
112 183 0
112 186 0
1 147 0
206 56 0
111 186 0
111 189 0
118 190 0
128 193 0
101 187 0
197 51 0
205 114 0
178 197 0
203 3 0
123 166 0
3 3 0
4 120 0
143 190 0
54 203 0
67 1 0
205 149 0
174 205 0
119 176 0
14 56 0
205 63 0
198 117 0
142 197 0
177 185 0
5 32 0
5 118 0
146 3 0
145 13 0
38 201 0
93 203 0
192 57 0
9 43 0
204 54 0
1 139 0
67 5 0
65 202 0
31 2 0
150 189 0
204 47 0
97 204 0
128 8 0
202 192 0
173 204 0
109 177 0
98 205 0
202 147 0
148 197 0
115 165 0
104 197 0
184 199 0
157 10 0
203 190 0
118 196 0
104 198 0
101 205 0
202 113 0
101 203 0
53 204 0
57 6 0
101 202 0
100 203 0
157 8 0
141 186 0
122 11 0
118 188 0
158 201 0
188 51 0
97 199 0
152 12 0
155 4 0
128 187 0
202 142 0
119 190 0
54 7 0
179 195 0
204 157 0
119 179 0
150 9 0
6 122 0
114 199 0
94 204 0
136 189 0
114 193 0
185 200 0
23 1 0
12 43 0
132 185 0
111 180 0
176 1 0
143 186 0
205 157 0
85 194 0
57 9 0
153 12 0
165 196 0
15 55 0
156 205 0
92 193 0
166 197 0
6 45 0
11 47 0
202 170 0
57 4 0
4 42 0
125 182 0
146 9 0
9 48 0
74 3 0
48 187 0
204 150 0
3 43 0
2 115 0
94 205 0
54 196 0
96 204 0
76 202 0
16 203 0
190 205 0
3 124 0
100 205 0
110 187 0
204 30 0
11 54 0
137 188 0
112 185 0
126 11 0
111 188 0
27 193 0
167 204 0
1 157 0
83 196 0
56 7 0
130 177 0
125 191 0
147 190 0
128 6 0
147 198 0
20 4 0
135 190 0
2 194 0
47 3 0
126 182 0
114 192 0
202 34 0
16 8 0
134 181 0
115 12 0
169 200 0
3 145 0
82 197 0
76 203 0
124 8 0
6 37 0
74 2 0
137 7 0
13 47 0
88 198 0
12 47 0
12 48 0
7 44 0
6 34 0
9 46 0
48 192 0
72 5 0
13 43 0
98 203 0
45 7 0
127 8 0
143 13 0
144 200 0
122 180 0
101 200 0
114 169 0
90 191 0
115 200 0
151 200 0
127 193 0
82 200 0
6 116 0
4 143 0
142 181 0
202 169 0
9 12 0
160 199 0
119 191 0
199 47 0
128 191 0
12 13 0
107 1 0
201 152 0
48 190 0
124 203 0
131 194 0
13 13 0
18 7 0
7 47 0
171 202 0
163 198 0
13 12 0
202 190 0
203 115 0
51 194 0
13 11 0
203 116 0
8 51 0
140 187 0
202 152 0
117 14 0
64 4 0
148 199 0
110 7 0
155 10 0
203 171 0
8 119 0
1 140 0
144 201 0
104 196 0
127 7 0
86 196 0
43 7 0
174 189 0
72 4 0
194 48 0
195 48 0
162 3 0
120 164 0
178 195 0
195 49 0
161 204 0
114 189 0
144 4 0
178 191 0
10 49 0
127 183 0
60 3 0
115 197 0
175 188 0
203 64 0
114 184 0
112 184 0
203 140 0
103 182 0
205 29 0
164 198 0
129 199 0
8 13 0
9 13 0
125 189 0
10 14 0
11 14 0
202 65 0
11 15 0
119 9 0
66 2 0
3 192 0
162 197 0
14 11 0
9 59 0
131 178 0
3 155 0
154 11 0
29 204 0
114 166 0
203 112 0
143 184 0
136 193 0
49 194 0
153 204 0
17 48 0
173 192 0
66 5 0
3 65 0
111 191 0
192 53 0
193 53 0
192 48 0
199 53 0
5 41 0
105 186 0
118 10 0
115 189 0
87 197 0
8 14 0
166 196 0
7 11 0
53 7 0
206 55 0
14 15 0
168 196 0
172 199 0
116 10 0
4 153 0
144 183 0
12 15 0
48 205 0
130 185 0
191 205 0
181 196 0
174 201 0
3 116 0
111 8 0
12 53 0
199 58 0
201 58 0
70 8 0
157 7 0
35 0 0
47 202 0
116 189 0
120 176 0
111 178 0
103 202 0
201 55 0
159 200 0
89 205 0
114 167 0
49 2 0
65 3 0
100 198 0
4 64 0
99 202 0
44 201 0
177 188 0
111 183 0
111 185 0
29 201 0
202 141 0
36 195 0
168 197 0
37 196 0
48 194 0
6 12 0
135 189 0
25 195 0
144 189 0
1 112 0
5 115 0
13 42 0
204 60 0
4 116 0
125 180 0
107 195 0
4 141 0
1 114 0
141 188 0
200 113 0
109 6 0
172 202 0
152 11 0
49 1 0
1 34 0
30 197 0
165 202 0
158 7 0
199 59 0
178 186 0
47 4 0
98 201 0
33 2 0
10 39 0
15 46 0
157 195 0
100 200 0
110 180 0
158 194 0
164 196 0
203 124 0
140 183 0
38 2 0
109 186 0
83 205 0
135 179 0
113 183 0
8 47 0
164 200 0
75 203 0
110 185 0
3 59 0
108 193 0
202 112 0
138 188 0
138 189 0
140 199 0
37 194 0
135 186 0
171 192 0
189 50 0
121 3 0
201 170 0
112 6 0
9 123 0
131 182 0
3 113 0
188 203 0
201 169 0
3 114 0
130 182 0
5 35 0
58 10 0
1 131 0
4 53 0
135 182 0
147 188 0
129 5 0
118 15 0
194 46 0
60 8 0
165 195 0
75 204 0
176 195 0
160 193 0
9 40 0
41 189 0
206 61 0
200 59 0
198 52 0
147 187 0
102 186 0
25 199 0
92 4 0
153 191 0
100 197 0
112 163 0
25 200 0
163 197 0
5 5 0
80 202 0
41 5 0
28 202 0
34 3 0
91 189 0
3 147 0
52 6 0
202 129 0
129 184 0
136 185 0
115 9 0
139 190 0
49 193 0
131 186 0
33 200 0
131 181 0
10 124 0
101 1 0
143 196 0
44 7 0
59 9 0
30 203 0
2 141 0
3 146 0
46 4 0
130 3 0
204 59 0
197 55 0
11 11 0
133 184 0
115 171 0
1 204 0
25 201 0
100 199 0
4 121 0
115 170 0
2 2 0
25 202 0
27 200 0
110 184 0
109 184 0
82 204 0
31 200 0
111 170 0
121 173 0
30 200 0
29 200 0
187 202 0
130 176 0
167 197 0
28 200 0
121 2 0
31 201 0
154 190 0
1 150 0
78 202 0
32 201 0
64 201 0
136 187 0
134 4 0
120 8 0
127 182 0
128 185 0
128 186 0
97 3 0
200 154 0
71 7 0
186 201 0
53 200 0
205 203 0
3 131 0
146 193 0
128 181 0
128 1 0
173 203 0
151 10 0
144 180 0
1 203 0
7 38 0
204 61 0
52 2 0
203 59 0
45 5 0
34 194 0
42 194 0
99 200 0
3 45 0
83 206 0
24 202 0
205 61 0
134 188 0
27 199 0
42 6 0
53 202 0
38 9 0
192 1 0
142 179 0
83 199 0
1 160 0
1 51 0
118 2 0
30 201 0
55 204 0
121 177 0
156 10 0
152 187 0
46 197 0
112 4 0
141 198 0
206 53 0
130 184 0
3 159 0
197 123 0
69 1 0
1 159 0
72 201 0
2 170 0
54 205 0
156 9 0
205 126 0
51 6 0
205 62 0
44 6 0
56 200 0
45 185 0
3 34 0
45 190 0
160 5 0
88 192 0
114 171 0
154 203 0
50 2 0
53 203 0
83 195 0
77 201 0
171 201 0
5 122 0
193 50 0
39 192 0
112 162 0
40 192 0
119 170 0
125 184 0
148 190 0
156 203 0
169 199 0
191 0 0
200 124 0
132 2 0
113 165 0
182 197 0
1 46 0
100 191 0
144 195 0
155 197 0
120 13 0
40 193 0
189 201 0
204 168 0
3 173 0
175 205 0
77 202 0
140 176 0
36 3 0
113 180 0
129 6 0
122 7 0
204 62 0
56 199 0
119 167 0
167 194 0
198 143 0
124 185 0
161 4 0
53 199 0
200 35 0
52 201 0
55 200 0
62 197 0
51 190 0
134 178 0
118 169 0
38 5 0
153 205 0
150 5 0
55 201 0
201 151 0
81 203 0
168 198 0
108 194 0
58 204 0
136 191 0
56 204 0
144 191 0
4 32 0
85 197 0
51 201 0
45 194 0
13 55 0
72 7 0
155 205 0
52 202 0
114 165 0
1 169 0
44 198 0
125 183 0
123 183 0
143 189 0
200 125 0
202 150 0
202 151 0
66 201 0
62 206 0
113 10 0
176 197 0
63 5 0
4 128 0
174 204 0
101 196 0
146 199 0
145 187 0
121 170 0
120 167 0
7 7 0
203 61 0
154 12 0
164 1 0
47 191 0
117 161 0
145 200 0
10 55 0
47 192 0
54 201 0
171 193 0
140 184 0
57 203 0
62 203 0
61 203 0
59 197 0
61 204 0
46 195 0
118 158 0
134 184 0
205 148 0
58 205 0
201 150 0
111 200 0
2 151 0
183 192 0
156 196 0
39 191 0
170 200 0
171 194 0
181 193 0
119 4 0
110 182 0
121 1 0
49 199 0
157 192 0
51 197 0
147 196 0
0 173 0
147 197 0
93 3 0
47 190 0
149 204 0
51 198 0
120 205 0
51 199 0
174 192 0
63 203 0
60 204 0
202 146 0
180 195 0
123 205 0
93 204 0
62 205 0
124 181 0
44 193 0
44 194 0
4 149 0
117 170 0
126 187 0
13 14 0
127 188 0
205 159 0
205 60 0
204 160 0
34 195 0
3 156 0
3 151 0
134 198 0
70 205 0
143 185 0
149 186 0
203 146 0
200 145 0
115 188 0
70 203 0
48 2 0
204 121 0
125 10 0
0 55 0
50 196 0
200 155 0
115 163 0
203 60 0
120 6 0
121 197 0
198 151 0
26 205 0
45 191 0
50 197 0
13 44 0
205 194 0
142 201 0
115 166 0
205 89 0
59 201 0
170 195 0
109 195 0
50 200 0
6 153 0
92 201 0
40 187 0
151 205 0
91 192 0
154 205 0
61 202 0
60 203 0
44 189 0
43 194 0
126 186 0
202 158 0
202 157 0
7 53 0
145 185 0
112 9 0
41 192 0
7 120 0
108 171 0
139 180 0
41 6 0
45 199 0
163 196 0
33 4 0
98 2 0
114 164 0
116 2 0
12 42 0
1 84 0
138 185 0
116 157 0
32 3 0
152 196 0
1 85 0
50 199 0
150 13 0
188 49 0
61 201 0
37 2 0
127 191 0
59 199 0
62 201 0
49 190 0
40 5 0
39 188 0
165 201 0
41 187 0
48 189 0
200 121 0
18 48 0
42 187 0
203 156 0
47 189 0
3 129 0
8 45 0
50 198 0
200 122 0
115 187 0
137 193 0
129 182 0
137 192 0
197 52 0
148 186 0
192 41 0
136 183 0
175 194 0
152 205 0
152 200 0
47 195 0
115 161 0
200 153 0
63 200 0
63 201 0
36 1 0
50 188 0
111 6 0
49 186 0
29 202 0
50 190 0
140 192 0
53 191 0
202 32 0
51 189 0
201 142 0
116 186 0
151 11 0
54 199 0
11 16 0
176 199 0
124 180 0
157 201 0
132 179 0
119 14 0
113 186 0
58 195 0
169 198 0
200 115 0
140 179 0
39 4 0
203 8 0
202 57 0
112 161 0
64 200 0
66 200 0
152 202 0
121 160 0
59 198 0
198 119 0
38 194 0
201 47 0
205 198 0
78 200 0
131 184 0
50 1 0
155 1 0
47 185 0
39 190 0
49 189 0
40 190 0
126 181 0
41 190 0
200 143 0
51 5 0
42 192 0
113 8 0
184 198 0
133 188 0
4 157 0
151 185 0
120 201 0
105 201 0
173 199 0
170 199 0
113 175 0
189 204 0
145 194 0
114 11 0
159 199 0
52 189 0
150 10 0
74 205 0
175 204 0
4 62 0
142 185 0
122 168 0
34 5 0
205 199 0
2 39 0
151 202 0
111 162 0
87 191 0
151 201 0
6 41 0
156 202 0
152 199 0
122 167 0
54 8 0
132 186 0
102 205 0
119 165 0
202 201 0
157 9 0
202 155 0
37 190 0
4 47 0
38 3 0
36 191 0
38 191 0
42 191 0
44 191 0
90 188 0
43 191 0
158 193 0
95 1 0
197 119 0
43 193 0
173 201 0
137 3 0
181 195 0
68 201 0
203 172 0
166 195 0
84 198 0
129 196 0
44 186 0
102 191 0
36 196 0
43 186 0
122 165 0
45 187 0
1 168 0
38 192 0
141 178 0
47 5 0
167 196 0
45 192 0
33 196 0
174 199 0
90 3 0
179 196 0
111 177 0
91 3 0
56 8 0
14 12 0
89 190 0
58 203 0
205 88 0
176 205 0
116 176 0
201 149 0
139 175 0
155 5 0
16 205 0
107 200 0
108 205 0
118 170 0
52 199 0
44 188 0
118 197 0
38 4 0
46 188 0
44 190 0
52 192 0
166 202 0
117 198 0
52 193 0
88 190 0
60 4 0
52 195 0
2 173 0
73 4 0
123 179 0
200 38 0
2 172 0
143 201 0
67 2 0
173 202 0
29 1 0
89 189 0
136 174 0
89 193 0
36 197 0
156 5 0
118 159 0
106 1 0
117 159 0
2 114 0
46 185 0
53 190 0
111 164 0
183 198 0
2 85 0
9 124 0
2 86 0
53 195 0
167 205 0
9 39 0
53 194 0
203 85 0
49 192 0
202 59 0
62 2 0
124 12 0
44 195 0
200 114 0
2 148 0
136 194 0
177 197 0
177 198 0
176 198 0
205 174 0
79 199 0
199 61 0
116 160 0
69 8 0
54 189 0
118 160 0
55 189 0
62 8 0
205 90 0
81 201 0
55 205 0
116 161 0
55 190 0
203 169 0
1 8 0
55 191 0
109 193 0
128 178 0
54 194 0
58 206 0
161 197 0
132 199 0
43 188 0
139 9 0
152 13 0
50 192 0
111 201 0
51 193 0
199 152 0
50 194 0
50 195 0
47 198 0
132 187 0
138 193 0
141 187 0
45 11 0
201 118 0
111 4 0
153 13 0
13 57 0
108 169 0
203 202 0
24 205 0
115 174 0
129 186 0
57 206 0
114 9 0
186 199 0
16 204 0
28 205 0
23 203 0
172 190 0
202 145 0
156 189 0
156 6 0
48 196 0
135 194 0
48 197 0
120 190 0
189 203 0
204 139 0
183 197 0
206 154 0
7 0 0
149 0 0
43 206 0
156 0 0
0 155 0
42 0 0
0 151 0
37 0 0
177 206 0
0 164 0
0 152 0
36 0 0
42 206 0
206 179 0
0 163 0
183 0 0
30 0 0
29 0 0
0 161 0
171 0 0
181 206 0
0 159 0
152 0 0
189 0 0
48 206 0
206 177 0
170 0 0
56 0 0
179 206 0
206 178 0
0 176 0
54 0 0
53 0 0
0 153 0
155 0 0
0 107 0
32 0 0
49 206 0
44 206 0
206 105 0
0 180 0
60 206 0
163 0 0
206 106 0
41 0 0
40 0 0
54 206 0
0 168 0
165 0 0
0 97 0
53 206 0
56 206 0
204 0 0
200 0 0
150 0 0
50 0 0
59 206 0
203 0 0
199 0 0
0 144 0
206 163 0
205 0 0
202 0 0
206 94 0
0 96 0
206 146 0
206 164 0
206 2 0
0 6 0
0 99 0
206 144 0
0 167 0
206 142 0
206 152 0
175 206 0
0 142 0
0 143 0
206 96 0
0 145 0
174 206 0
0 125 0
206 98 0
206 97 0
206 128 0
0 129 0
206 172 0
201 0 0
206 126 0
0 100 0
206 130 0
0 133 0
206 173 0
50 206 0
0 127 0
172 206 0
204 206 0
206 149 0
0 150 0
186 206 0
187 206 0
0 175 0
0 174 0
185 0 0
206 136 0
205 206 0
182 206 0
191 206 0
193 206 0
198 206 0
0 172 0
186 0 0
184 0 0
0 137 0
203 206 0
185 206 0
183 206 0
192 206 0
195 206 0
0 183 0
38 206 0
0 162 0
39 206 0
27 0 0
161 0 0
14 206 0
0 3 0
206 20 0
206 33 0
0 103 0
206 79 0
206 184 0
80 0 0
33 206 0
206 41 0
115 0 0
0 57 0
154 206 0
0 41 0
74 0 0
0 181 0
55 206 0
135 206 0
206 190 0
0 86 0
132 0 0
164 206 0
109 206 0
91 0 0
206 123 0
206 1 0
0 165 0
0 61 0
10 0 0
128 0 0
206 93 0
206 148 0
0 186 0
201 206 0
0 10 0
44 0 0
206 34 0
189 206 0
153 0 0
65 0 0
206 176 0
128 206 0
206 80 0
0 90 0
0 187 0
206 99 0
0 45 0
167 0 0
135 0 0
206 30 0
206 58 0
49 0 0
206 175 0
206 27 0
206 25 0
206 120 0
206 43 0
200 206 0
206 9 0
10 206 0
187 0 0
130 0 0
206 138 0
0 130 0
126 0 0
206 133 0
206 39 0
0 91 0
100 206 0
125 206 0
0 87 0
176 0 0
0 141 0
0 177 0
0 1 0
206 37 0
26 0 0
0 92 0
206 13 0
21 0 0
0 135 0
206 78 0
25 0 0
0 106 0
206 51 0
0 64 0
52 0 0
31 206 0
206 40 0
52 206 0
75 206 0
162 206 0
206 5 0
206 18 0
206 50 0
206 91 0
140 0 0
28 206 0
138 206 0
206 202 0
206 165 0
116 0 0
122 0 0
101 206 0
206 57 0
0 66 0
4 0 0
126 206 0
76 206 0
0 65 0
142 0 0
86 0 0
6 0 0
206 187 0
64 206 0
206 45 0
123 0 0
47 0 0
70 0 0
157 0 0
161 206 0
124 206 0
206 127 0
0 72 0
5 206 0
206 109 0
0 198 0
0 7 0
144 0 0
206 188 0
0 205 0
206 162 0
0 84 0
180 0 0
117 0 0
206 81 0
15 206 0
141 206 0
0 171 0
206 189 0
34 0 0
206 86 0
188 0 0
0 204 0
206 140 0
206 199 0
146 0 0
96 0 0
197 0 0
0 8 0
108 206 0
5 0 0
69 0 0
206 100 0
206 24 0
0 193 0
206 28 0
206 121 0
206 114 0
0 189 0
159 0 0
0 78 0
0 39 0
0 128 0
79 0 0
0 80 0
167 206 0
206 150 0
206 23 0
148 0 0
206 10 0
206 103 0
206 196 0
81 206 0
195 0 0
0 42 0
0 17 0
81 0 0
101 0 0
206 134 0
9 0 0
206 204 0
0 88 0
62 0 0
107 206 0
0 98 0
206 6 0
206 48 0
206 36 0
0 170 0
78 0 0
206 64 0
206 35 0
0 154 0
206 52 0
105 0 0
2 0 0
67 0 0
206 38 0
153 206 0
140 206 0
149 206 0
0 114 0
134 0 0
76 0 0
137 0 0
0 197 0
0 15 0
206 110 0
160 0 0
97 206 0
206 158 0
206 59 0
0 50 0
0 58 0
59 0 0
196 0 0
0 199 0
139 0 0
0 30 0
13 206 0
131 0 0
206 183 0
0 16 0
109 0 0
0 160 0
85 206 0
0 122 0
83 0 0
141 0 0
206 26 0
90 0 0
206 87 0
124 0 0
0 23 0
0 118 0
0 179 0
206 167 0
66 0 0
110 0 0
206 54 0
13 0 0
89 0 0
206 203 0
0 60 0
0 126 0
206 49 0
68 0 0
162 0 0
206 16 0
196 206 0
206 62 0
0 52 0
0 132 0
155 206 0
171 206 0
206 42 0
206 205 0
72 0 0
94 0 0
136 0 0
206 7 0
0 27 0
0 81 0
147 206 0
206 131 0
152 206 0
110 206 0
206 29 0
0 196 0
99 206 0
145 206 0
206 166 0
77 206 0
198 0 0
206 75 0
0 32 0
0 74 0
26 206 0
67 206 0
206 180 0
119 0 0
206 32 0
192 0 0
46 0 0
84 206 0
0 77 0
77 0 0
143 206 0
105 206 0
206 31 0
45 0 0
112 206 0
0 146 0
9 206 0
15 0 0
206 200 0
0 136 0
0 184 0
127 0 0
0 73 0
206 117 0
206 17 0
0 33 0
20 0 0
168 206 0
106 206 0
87 0 0
206 168 0
184 206 0
3 206 0
173 0 0
61 0 0
0 70 0
0 147 0
206 63 0
0 11 0
120 206 0
102 206 0
0 2 0
6 206 0
0 13 0
206 77 0
206 122 0
206 169 0
206 21 0
0 35 0
0 76 0
206 159 0
111 206 0
166 0 0
118 206 0
61 206 0
0 93 0
47 206 0
82 206 0
39 0 0
119 206 0
151 206 0
66 206 0
0 75 0
86 206 0
154 0 0
0 43 0
0 169 0
1 0 0
84 0 0
206 182 0
0 18 0
92 206 0
151 0 0
206 71 0
58 0 0
79 206 0
0 140 0
190 0 0
144 206 0
90 206 0
158 206 0
91 206 0
122 206 0
121 206 0
206 107 0
206 74 0
160 206 0
112 0 0
73 0 0
69 206 0
206 83 0
206 73 0
25 206 0
80 206 0
93 206 0
94 206 0
88 206 0
115 206 0
23 0 0
0 25 0
0 26 0
0 109 0
0 28 0
95 206 0
190 206 0
24 0 0
206 132 0
157 206 0
113 206 0
16 0 0
0 19 0
0 20 0
98 206 0
139 206 0
156 206 0
108 0 0
159 206 0
17 0 0
4 206 0
103 206 0
111 0 0
169 0 0
206 12 0
0 12 0
206 76 0
206 14 0
74 206 0
206 72 0
0 195 0
206 11 0
206 82 0
0 82 0
206 108 0
206 19 0
123 206 0
136 206 0
0 21 0
0 101 0
0 83 0
0 85 0
206 101 0
0 188 0
93 0 0
206 124 0
28 0 0
0 115 0
206 116 0
0 117 0
0 102 0
0 69 0
206 104 0
11 206 0
130 206 0
16 206 0
12 206 0
206 113 0
71 0 0
3 0 0
206 102 0
206 68 0
55 0 0
0 111 0
0 68 0
65 206 0
23 206 0
32 206 0
166 206 0
0 112 0
71 206 0
182 0 0
31 0 0
206 67 0
21 206 0
22 206 0
206 181 0
29 206 0
30 206 0
20 206 0
72 206 0
0 110 0
194 0 0
178 0 0
27 206 0
206 147 0
0 194 0
206 157 0
0 105 0
206 90 0
132 206 0
8 206 0
0 190 0
1 206 0
34 206 0
0 121 0
206 84 0
0 148 0
206 92 0
165 206 0
0 67 0
75 0 0
0 192 0
17 206 0
24 206 0
19 206 0
78 206 0
0 202 0
2 206 0
35 206 0
0 53 0
37 206 0
36 206 0
18 206 0
206 137 0
0 138 0
0 95 0
0 104 0
114 0 0
206 198 0
0 158 0
206 139 0
0 139 0
7 206 0
206 15 0
0 157 0
0 156 0
206 193 0
206 141 0
0 94 0
172 0 0
206 156 0
169 206 0
0 123 0
0 166 0
0 47 0
181 0 0
170 206 0
206 192 0
0 149 0
174 0 0
179 0 0
14 0 0
0 191 0
117 206 0
106 0 0
0 185 0
206 185 0
206 70 0
0 113 0
175 0 0
206 160 0
206 186 0
0 201 0
206 112 0
206 174 0
197 206 0
0 200 0
206 197 0
low, high, current -1 -1 8
Confirming Router Algorithm: TIMING_DRIVEN.
T_crit: 1.38524e-07.
T_crit: 1.38732e-07.
T_crit: 1.38751e-07.
T_crit: 1.388e-07.
T_crit: 1.38794e-07.
T_crit: 1.38707e-07.
T_crit: 1.38707e-07.
T_crit: 1.38604e-07.
T_crit: 1.38709e-07.
T_crit: 1.3892e-07.
T_crit: 1.38712e-07.
T_crit: 1.38814e-07.
T_crit: 1.38919e-07.
T_crit: 1.39127e-07.
T_crit: 1.39127e-07.
T_crit: 1.39126e-07.
T_crit: 1.39126e-07.
T_crit: 1.39229e-07.
T_crit: 1.39438e-07.
T_crit: 1.43174e-07.
T_crit: 1.472e-07.
T_crit: 1.44386e-07.
T_crit: 1.46463e-07.
T_crit: 1.44389e-07.
T_crit: 1.46994e-07.
T_crit: 1.47822e-07.
T_crit: 1.47612e-07.
T_crit: 1.48138e-07.
T_crit: 1.48973e-07.
T_crit: 1.49278e-07.
T_crit: 1.49388e-07.
T_crit: 1.49598e-07.
T_crit: 1.51768e-07.
T_crit: 1.50136e-07.
T_crit: 1.51289e-07.
T_crit: 1.504e-07.
T_crit: 1.52839e-07.
T_crit: 1.51492e-07.
T_crit: 1.51028e-07.
T_crit: 1.50553e-07.
T_crit: 1.53957e-07.
T_crit: 1.54396e-07.
T_crit: 1.52833e-07.
T_crit: 1.5501e-07.
T_crit: 1.57291e-07.
T_crit: 1.56925e-07.
T_crit: 1.57715e-07.
T_crit: 1.54476e-07.
T_crit: 1.56943e-07.
T_crit: 1.55089e-07.
Routing failed.
low, high, current 8 -1 16
Confirming Router Algorithm: TIMING_DRIVEN.
T_crit: 1.38421e-07.
T_crit: 1.38524e-07.
T_crit: 1.38836e-07.
T_crit: 1.38887e-07.
T_crit: 1.38742e-07.
T_crit: 1.38633e-07.
T_crit: 1.38599e-07.
T_crit: 1.39002e-07.
T_crit: 1.38794e-07.
T_crit: 1.38794e-07.
T_crit: 1.38795e-07.
T_crit: 1.38587e-07.
T_crit: 1.3848e-07.
T_crit: 1.38583e-07.
T_crit: 1.3889e-07.
T_crit: 1.39518e-07.
T_crit: 1.39414e-07.
T_crit: 1.39519e-07.
T_crit: 1.40143e-07.
T_crit: 1.40454e-07.
T_crit: 1.41398e-07.
T_crit: 1.42153e-07.
T_crit: 1.46104e-07.
T_crit: 1.46623e-07.
T_crit: 1.46517e-07.
T_crit: 1.4714e-07.
T_crit: 1.47662e-07.
T_crit: 1.48396e-07.
T_crit: 1.4887e-07.
T_crit: 1.47613e-07.
T_crit: 1.48136e-07.
T_crit: 1.49378e-07.
T_crit: 1.47817e-07.
T_crit: 1.48658e-07.
T_crit: 1.48648e-07.
T_crit: 1.49245e-07.
T_crit: 1.4885e-07.
T_crit: 1.49453e-07.
T_crit: 1.49861e-07.
T_crit: 1.51024e-07.
T_crit: 1.5036e-07.
T_crit: 1.50301e-07.
T_crit: 1.51531e-07.
T_crit: 1.49674e-07.
T_crit: 1.49256e-07.
T_crit: 1.48739e-07.
T_crit: 1.49897e-07.
T_crit: 1.49805e-07.
T_crit: 1.49894e-07.
T_crit: 1.49277e-07.
Routing failed.
low, high, current 16 -1 32
Confirming Router Algorithm: TIMING_DRIVEN.
T_crit: 1.38524e-07.
T_crit: 1.38628e-07.
T_crit: 1.38731e-07.
T_crit: 1.38837e-07.
T_crit: 1.38524e-07.
T_crit: 1.38955e-07.
T_crit: 1.38853e-07.
T_crit: 1.39017e-07.
T_crit: 1.3881e-07.
T_crit: 1.38912e-07.
T_crit: 1.38913e-07.
T_crit: 1.38885e-07.
T_crit: 1.3887e-07.
T_crit: 1.3887e-07.
T_crit: 1.38765e-07.
T_crit: 1.38765e-07.
T_crit: 1.38765e-07.
T_crit: 1.38765e-07.
T_crit: 1.38765e-07.
T_crit: 1.38765e-07.
T_crit: 1.38765e-07.
T_crit: 1.38765e-07.
T_crit: 1.38868e-07.
T_crit: 1.38765e-07.
T_crit: 1.39079e-07.
T_crit: 1.39913e-07.
T_crit: 1.39911e-07.
T_crit: 1.40328e-07.
T_crit: 1.40224e-07.
T_crit: 1.40536e-07.
T_crit: 1.40326e-07.
T_crit: 1.40639e-07.
T_crit: 1.42316e-07.
T_crit: 1.41585e-07.
T_crit: 1.42002e-07.
T_crit: 1.41794e-07.
T_crit: 1.41657e-07.
T_crit: 1.42694e-07.
T_crit: 1.42591e-07.
T_crit: 1.44389e-07.
T_crit: 1.42489e-07.
T_crit: 1.43417e-07.
T_crit: 1.42382e-07.
T_crit: 1.42104e-07.
T_crit: 1.42831e-07.
T_crit: 1.43774e-07.
T_crit: 1.42936e-07.
T_crit: 1.42936e-07.
T_crit: 1.42832e-07.
T_crit: 1.4273e-07.
Routing failed.
low, high, current 32 -1 64
Confirming Router Algorithm: TIMING_DRIVEN.
T_crit: 1.38524e-07.
T_crit: 1.38628e-07.
T_crit: 1.38523e-07.
T_crit: 1.38731e-07.
T_crit: 1.38749e-07.
T_crit: 1.38749e-07.
T_crit: 1.38852e-07.
T_crit: 1.38853e-07.
T_crit: 1.38852e-07.
T_crit: 1.38794e-07.
T_crit: 1.38897e-07.
T_crit: 1.38897e-07.
T_crit: 1.38795e-07.
T_crit: 1.38897e-07.
T_crit: 1.38794e-07.
T_crit: 1.38794e-07.
T_crit: 1.38794e-07.
T_crit: 1.38794e-07.
T_crit: 1.38794e-07.
T_crit: 1.38794e-07.
T_crit: 1.38794e-07.
Successfully routed after 22 routing iterations.
Completed net delay value cross check successfully.
low, high, current 32 64 48
Confirming Router Algorithm: TIMING_DRIVEN.
T_crit: 1.38524e-07.
T_crit: 1.38626e-07.
T_crit: 1.38836e-07.
T_crit: 1.38731e-07.
T_crit: 1.38852e-07.
T_crit: 1.38852e-07.
T_crit: 1.38749e-07.
T_crit: 1.38645e-07.
T_crit: 1.38707e-07.
T_crit: 1.38681e-07.
T_crit: 1.38681e-07.
T_crit: 1.38681e-07.
T_crit: 1.38577e-07.
T_crit: 1.38577e-07.
T_crit: 1.38577e-07.
T_crit: 1.38577e-07.
T_crit: 1.38577e-07.
T_crit: 1.38577e-07.
T_crit: 1.38577e-07.
T_crit: 1.38577e-07.
Successfully routed after 21 routing iterations.
Completed net delay value cross check successfully.
low, high, current 32 48 40
Confirming Router Algorithm: TIMING_DRIVEN.
T_crit: 1.38524e-07.
T_crit: 1.38731e-07.
T_crit: 1.38626e-07.
T_crit: 1.38524e-07.
T_crit: 1.38646e-07.
T_crit: 1.3875e-07.
T_crit: 1.38645e-07.
T_crit: 1.38853e-07.
T_crit: 1.38836e-07.
T_crit: 1.38853e-07.
T_crit: 1.38852e-07.
T_crit: 1.38749e-07.
T_crit: 1.38749e-07.
T_crit: 1.38749e-07.
T_crit: 1.38747e-07.
T_crit: 1.38747e-07.
T_crit: 1.38747e-07.
T_crit: 1.38747e-07.
T_crit: 1.38747e-07.
T_crit: 1.38747e-07.
T_crit: 1.38747e-07.
T_crit: 1.38747e-07.
T_crit: 1.38747e-07.
T_crit: 1.38747e-07.
T_crit: 1.38747e-07.
T_crit: 1.38747e-07.
T_crit: 1.38747e-07.
T_crit: 1.38747e-07.
T_crit: 1.38747e-07.
T_crit: 1.38747e-07.
T_crit: 1.38747e-07.
T_crit: 1.38747e-07.
T_crit: 1.39165e-07.
T_crit: 1.39269e-07.
Successfully routed after 35 routing iterations.
Completed net delay value cross check successfully.
low, high, current 32 40 36
Confirming Router Algorithm: TIMING_DRIVEN.
T_crit: 1.3776e-07.
T_crit: 1.37871e-07.
T_crit: 1.37842e-07.
T_crit: 1.38276e-07.
T_crit: 1.3772e-07.
T_crit: 1.38041e-07.
T_crit: 1.37784e-07.
T_crit: 1.38207e-07.
T_crit: 1.38202e-07.
T_crit: 1.38406e-07.
T_crit: 1.38419e-07.
T_crit: 1.38421e-07.
T_crit: 1.38204e-07.
T_crit: 1.38306e-07.
T_crit: 1.38301e-07.
T_crit: 1.38195e-07.
T_crit: 1.38195e-07.
T_crit: 1.38195e-07.
T_crit: 1.38293e-07.
T_crit: 1.3824e-07.
T_crit: 1.3824e-07.
T_crit: 1.3824e-07.
T_crit: 1.3824e-07.
T_crit: 1.3824e-07.
T_crit: 1.3824e-07.
T_crit: 1.3824e-07.
T_crit: 1.3824e-07.
T_crit: 1.3824e-07.
T_crit: 1.38235e-07.
T_crit: 1.38235e-07.
T_crit: 1.38235e-07.
T_crit: 1.38235e-07.
T_crit: 1.38235e-07.
T_crit: 1.38235e-07.
T_crit: 1.43654e-07.
T_crit: 1.43556e-07.
T_crit: 1.43239e-07.
T_crit: 1.42823e-07.
T_crit: 1.42823e-07.
T_crit: 1.42823e-07.
T_crit: 1.42823e-07.
T_crit: 1.42823e-07.
T_crit: 1.42823e-07.
T_crit: 1.42823e-07.
T_crit: 1.42823e-07.
T_crit: 1.42823e-07.
T_crit: 1.42613e-07.
T_crit: 1.42613e-07.
T_crit: 1.42613e-07.
T_crit: 1.42613e-07.
Routing failed.
low, high, current 36 40 38
Confirming Router Algorithm: TIMING_DRIVEN.
T_crit: 1.3826e-07.
T_crit: 1.38206e-07.
T_crit: 1.38642e-07.
T_crit: 1.38476e-07.
T_crit: 1.38344e-07.
T_crit: 1.38956e-07.
T_crit: 1.38605e-07.
T_crit: 1.38374e-07.
T_crit: 1.38518e-07.
T_crit: 1.38518e-07.
T_crit: 1.3852e-07.
T_crit: 1.38467e-07.
T_crit: 1.38521e-07.
T_crit: 1.38522e-07.
T_crit: 1.38522e-07.
T_crit: 1.38517e-07.
T_crit: 1.3852e-07.
T_crit: 1.38414e-07.
T_crit: 1.38415e-07.
T_crit: 1.38415e-07.
T_crit: 1.38415e-07.
T_crit: 1.38415e-07.
T_crit: 1.38415e-07.
T_crit: 1.38415e-07.
T_crit: 1.38415e-07.
T_crit: 1.38415e-07.
T_crit: 1.38415e-07.
T_crit: 1.38415e-07.
T_crit: 1.38415e-07.
T_crit: 1.38415e-07.
T_crit: 1.38415e-07.
T_crit: 1.38415e-07.
T_crit: 1.38415e-07.
T_crit: 1.38415e-07.
T_crit: 1.38415e-07.
T_crit: 1.38415e-07.
T_crit: 1.38415e-07.
T_crit: 1.38415e-07.
T_crit: 1.38415e-07.
T_crit: 1.38415e-07.
Successfully routed after 41 routing iterations.
Completed net delay value cross check successfully.

Checking to ensure routing is legal ...
Completed routing consistency check successfully.

Serial number (magic cookie) for the routing is: 274448093
Best routing used a channel width factor of 38.


Average number of bends per net: 9.80808  Maximum # of bends: 290


The number of routed nets (nonglobal): 5987
Wirelength results (all in units of 1 clb segments):
	Total wirelength: 706379   Average net length: 117.985
	Maximum net length: 1584

Wirelength results in terms of physical segments:
	Total wiring segments used: 353925   Av. wire segments per net: 59.1156
	Maximum segments used by a net: 794


X - Directed channels:

j	max occ	av_occ		capacity
0	30	17.1220  	38
1	30	18.3854  	38
2	31	17.3902  	38
3	32	18.7122  	38
4	29	17.9171  	38
5	27	15.4146  	38
6	32	14.9024  	38
7	27	16.7902  	38
8	31	15.9512  	38
9	27	14.2244  	38
10	26	12.5805  	38
11	25	13.7024  	38
12	29	11.0537  	38
13	24	10.1805  	38
14	22	8.15122  	38
15	14	6.45854  	38
16	12	4.54146  	38
17	10	3.41951  	38
18	6	3.20000  	38
19	5	1.73659  	38
20	4	0.858537 	38
21	3	1.69756  	38
22	3	0.292683 	38
23	2	1.43415  	38
24	1	0.0390244	38
25	2	0.131707 	38
26	2	0.0780488	38
27	4	0.482927 	38
28	7	3.72195  	38
29	12	3.75610  	38
30	11	3.60000  	38
31	12	6.03902  	38
32	16	9.21951  	38
33	16	11.9073  	38
34	20	12.2293  	38
35	19	9.09268  	38
36	19	13.0000  	38
37	21	13.9463  	38
38	20	16.4537  	38
39	24	14.0488  	38
40	26	16.9073  	38
41	25	14.3610  	38
42	23	17.3512  	38
43	23	13.5463  	38
44	29	19.0195  	38
45	29	15.9220  	38
46	29	19.2829  	38
47	30	15.5220  	38
48	31	21.3122  	38
49	31	20.9756  	38
50	31	20.1610  	38
51	29	19.8829  	38
52	29	22.0341  	38
53	26	18.0390  	38
54	28	19.6098  	38
55	25	15.0683  	38
56	27	17.4878  	38
57	27	16.7854  	38
58	27	14.0927  	38
59	24	12.5171  	38
60	23	9.63415  	38
61	23	12.3512  	38
62	23	11.4927  	38
63	18	11.0293  	38
64	15	7.95610  	38
65	13	7.77561  	38
66	12	2.09268  	38
67	7	2.56585  	38
68	3	1.04390  	38
69	2	0.0536585	38
70	3	1.02927  	38
71	3	1.00976  	38
72	3	1.35122  	38
73	3	1.05366  	38
74	1	0.0195122	38
75	2	0.0878049	38
76	3	0.0536585	38
77	2	0.126829 	38
78	2	0.965854 	38
79	2	0.0292683	38
80	1	0.956098 	38
81	2	0.990244 	38
82	2	1.00488  	38
83	5	1.54146  	38
84	9	1.83415  	38
85	9	0.595122 	38
86	7	1.23902  	38
87	5	1.55610  	38
88	6	0.760976 	38
89	3	1.55122  	38
90	3	1.80976  	38
91	3	0.985366 	38
92	2	0.0487805	38
93	1	0.0146341	38
94	5	0.863415 	38
95	3	0.0195122	38
96	4	1.05366  	38
97	2	0.985366 	38
98	2	0.0292683	38
99	1	0.629268 	38
100	2	0.673171 	38
101	3	1.05366  	38
102	4	1.07805  	38
103	2	0.360976 	38
104	2	0.721951 	38
105	4	0.926829 	38
106	2	0.912195 	38
107	3	0.682927 	38
108	5	1.13171  	38
109	7	1.57561  	38
110	9	2.25854  	38
111	11	3.30732  	38
112	17	3.74146  	38
113	14	5.85366  	38
114	16	5.24390  	38
115	18	8.53659  	38
116	19	8.97561  	38
117	18	9.98049  	38
118	18	8.33171  	38
119	16	4.72195  	38
120	22	9.50244  	38
121	18	4.92683  	38
122	22	9.21463  	38
123	19	8.70732  	38
124	21	8.85366  	38
125	19	7.64878  	38
126	18	8.26829  	38
127	14	5.95122  	38
128	17	6.05366  	38
129	14	6.46829  	38
130	10	2.96098  	38
131	11	3.09756  	38
132	10	2.46829  	38
133	6	3.05366  	38
134	6	0.917073 	38
135	5	2.57561  	38
136	2	0.200000 	38
137	4	2.00488  	38
138	11	2.16585  	38
139	15	5.52683  	38
140	12	2.91707  	38
141	16	6.39512  	38
142	16	4.85854  	38
143	15	3.65366  	38
144	12	2.21951  	38
145	16	2.52683  	38
146	12	3.14634  	38
147	20	3.44390  	38
148	19	8.19512  	38
149	17	3.08293  	38
150	15	6.15610  	38
151	14	4.23415  	38
152	15	6.28293  	38
153	17	4.97073  	38
154	13	4.58049  	38
155	16	8.44390  	38
156	20	5.57073  	38
157	20	7.50244  	38
158	25	4.82927  	38
159	23	9.06341  	38
160	28	7.81951  	38
161	26	8.27805  	38
162	29	7.59024  	38
163	33	8.29756  	38
164	31	9.10244  	38
165	35	8.69268  	38
166	34	10.6585  	38
167	35	11.4488  	38
168	30	11.0634  	38
169	34	14.2439  	38
170	34	10.5366  	38
171	35	10.4488  	38
172	35	13.3854  	38
173	34	11.0585  	38
174	34	10.4634  	38
175	36	11.0390  	38
176	35	12.5854  	38
177	37	11.3610  	38
178	37	14.2634  	38
179	37	15.5171  	38
180	36	14.8195  	38
181	36	15.3902  	38
182	35	14.7512  	38
183	37	16.7317  	38
184	36	16.3463  	38
185	38	18.4878  	38
186	36	18.7854  	38
187	37	19.3659  	38
188	38	21.1805  	38
189	36	21.2098  	38
190	37	21.7951  	38
191	38	19.7317  	38
192	37	21.0878  	38
193	38	21.1073  	38
194	37	20.7707  	38
195	36	20.2244  	38
196	38	20.7317  	38
197	37	21.6390  	38
198	38	20.9415  	38
199	37	21.7854  	38
200	38	21.9512  	38
201	38	22.2634  	38
202	38	23.3951  	38
203	38	21.4878  	38
204	38	22.0585  	38
205	38	23.6732  	38

Y - Directed channels:

i	max occ	av_occ		capacity
0	28	17.2049  	38
1	26	17.0878  	38
2	29	14.8000  	38
3	30	15.9951  	38
4	29	13.5512  	38
5	28	14.0829  	38
6	31	12.9024  	38
7	29	12.9707  	38
8	28	10.7122  	38
9	29	9.46341  	38
10	25	8.64390  	38
11	27	8.97073  	38
12	22	6.84390  	38
13	24	7.17073  	38
14	20	5.49756  	38
15	18	2.94634  	38
16	17	3.01463  	38
17	14	3.21463  	38
18	11	2.30732  	38
19	11	1.88293  	38
20	8	1.04390  	38
21	8	1.74634  	38
22	6	1.31220  	38
23	8	0.282927 	38
24	8	1.08780  	38
25	10	2.90732  	38
26	11	1.55122  	38
27	11	4.14146  	38
28	14	4.28293  	38
29	14	3.44390  	38
30	13	2.58537  	38
31	18	7.69268  	38
32	18	5.82439  	38
33	20	9.91707  	38
34	22	5.98049  	38
35	22	6.38537  	38
36	20	5.09756  	38
37	26	9.46341  	38
38	21	7.77073  	38
39	21	7.96585  	38
40	24	10.4683  	38
41	23	9.88780  	38
42	20	8.19512  	38
43	23	8.36098  	38
44	23	10.4732  	38
45	22	9.38537  	38
46	21	7.77073  	38
47	22	5.94634  	38
48	22	9.55122  	38
49	23	8.25366  	38
50	24	8.78049  	38
51	22	6.94634  	38
52	21	5.79512  	38
53	19	8.84390  	38
54	23	8.02439  	38
55	22	9.59024  	38
56	20	8.01951  	38
57	22	8.59024  	38
58	22	7.91707  	38
59	15	4.00976  	38
60	15	3.82439  	38
61	17	6.62439  	38
62	19	7.26341  	38
63	17	4.32683  	38
64	18	9.40488  	38
65	17	7.74634  	38
66	17	5.02439  	38
67	14	3.48293  	38
68	15	3.28780  	38
69	17	4.48780  	38
70	14	3.50732  	38
71	14	2.53171  	38
72	17	6.21951  	38
73	10	0.980488 	38
74	15	4.07317  	38
75	17	2.72195  	38
76	12	1.18537  	38
77	14	2.64878  	38
78	16	2.34634  	38
79	17	2.96098  	38
80	18	2.83415  	38
81	21	2.79512  	38
82	20	2.27805  	38
83	28	3.69756  	38
84	30	5.90732  	38
85	23	6.14634  	38
86	25	5.99024  	38
87	26	6.92683  	38
88	24	4.84390  	38
89	31	3.36585  	38
90	29	6.28781  	38
91	29	7.09268  	38
92	31	5.91220  	38
93	28	8.01463  	38
94	32	7.03415  	38
95	27	6.33171  	38
96	26	8.26829  	38
97	28	8.59024  	38
98	32	8.92195  	38
99	27	9.94146  	38
100	28	6.93171  	38
101	30	9.03902  	38
102	27	7.35122  	38
103	29	6.76098  	38
104	31	6.21951  	38
105	31	8.12195  	38
106	31	9.30732  	38
107	30	9.26829  	38
108	34	11.0049  	38
109	32	11.5951  	38
110	31	12.9415  	38
111	30	14.7512  	38
112	31	13.1415  	38
113	33	16.6585  	38
114	31	17.2780  	38
115	34	15.8829  	38
116	31	15.8585  	38
117	32	16.1317  	38
118	32	15.0634  	38
119	33	13.8634  	38
120	33	16.4927  	38
121	32	14.4244  	38
122	31	14.4780  	38
123	29	12.2146  	38
124	33	12.8390  	38
125	31	14.6976  	38
126	30	12.6780  	38
127	32	16.0146  	38
128	34	12.6390  	38
129	30	13.2683  	38
130	31	11.6927  	38
131	30	11.2390  	38
132	33	9.71707  	38
133	28	9.24878  	38
134	29	11.3073  	38
135	30	8.83415  	38
136	30	8.91707  	38
137	30	13.4195  	38
138	29	11.4878  	38
139	28	13.2683  	38
140	26	11.1561  	38
141	27	9.85854  	38
142	28	9.43415  	38
143	30	9.93171  	38
144	25	4.96098  	38
145	24	6.98049  	38
146	27	6.49268  	38
147	27	8.70244  	38
148	25	11.7463  	38
149	25	8.45854  	38
150	27	9.18049  	38
151	25	12.5707  	38
152	27	9.70244  	38
153	22	6.42927  	38
154	25	8.05854  	38
155	20	7.40000  	38
156	21	6.21463  	38
157	24	10.0390  	38
158	17	6.63902  	38
159	16	6.33659  	38
160	18	4.50244  	38
161	18	3.96585  	38
162	17	6.05366  	38
163	14	1.51220  	38
164	21	2.72683  	38
165	17	3.35122  	38
166	19	4.58049  	38
167	19	2.34146  	38
168	17	4.11220  	38
169	23	1.51707  	38
170	23	5.08780  	38
171	25	5.74634  	38
172	19	6.89756  	38
173	23	4.91707  	38
174	19	4.79024  	38
175	23	10.2488  	38
176	20	5.10244  	38
177	21	3.60976  	38
178	23	5.62927  	38
179	20	5.18049  	38
180	19	4.15122  	38
181	21	4.09268  	38
182	22	4.91707  	38
183	16	3.25854  	38
184	16	4.30732  	38
185	15	4.34634  	38
186	18	6.23902  	38
187	23	5.93659  	38
188	22	6.88293  	38
189	21	4.76585  	38
190	22	5.74146  	38
191	21	6.01951  	38
192	25	4.91707  	38
193	28	7.46341  	38
194	28	8.52683  	38
195	27	9.48780  	38
196	31	13.9317  	38
197	27	10.9171  	38
198	26	11.5073  	38
199	30	12.0098  	38
200	28	14.8244  	38
201	28	13.9220  	38
202	31	15.0293  	38
203	30	16.2634  	38
204	30	14.8195  	38
205	28	16.6683  	38

Total Tracks in X-direction: 7828  in Y-direction: 7828

Logic Area (in minimum width transistor areas):
Total Logic Area: 1.26075e+09  Per 1x1 logic tile: 30000

Routing area (in minimum width transistor areas):
Total Routing Area: 1.99731e+08  Per logic tile: 4752.67

Segment usage by type (index):
Segment type       Fractional utilization
------------       ----------------------
       0                  0.219

Segment usage by length:
Segment length       Fractional utilization
--------------       ----------------------
        2                   0.219

Critical Path: 1.38415e-07 (s)

Time elapsed (PLACE&ROUTE): 445068411.458000 ms


Time elapsed (Fernando): 445068411.483000 ms

