
VPR FPGA Placement and Routing.
Version: Version 5.0.2
Compiled: Dec 11 2020.
Original VPR by V. Betz.
Timing-driven placement enhancements by A. Marquardt.
Single-drivers enhancements by Andy Ye with additions by.
Mark Fang, Jason Luu, Ted Campbell
Heterogeneous stucture support by Jason Luu and Ted Campbell.
This code is licensed only for non-commercial use.

Auto-sizing FPGA, try x = 82 y = 82
Auto-sizing FPGA, try x = 164 y = 164
Auto-sizing FPGA, try x = 328 y = 328
Auto-sizing FPGA, try x = 164 y = 164
Auto-sizing FPGA, try x = 246 y = 246
Auto-sizing FPGA, try x = 205 y = 205
Auto-sizing FPGA, try x = 184 y = 184
Auto-sizing FPGA, try x = 194 y = 194
Auto-sizing FPGA, try x = 199 y = 199
Auto-sizing FPGA, try x = 202 y = 202
Auto-sizing FPGA, try x = 203 y = 203
Auto-sizing FPGA, try x = 204 y = 204
Auto-sizing FPGA, try x = 204 y = 204
FPGA auto-sized to, x = 205 y = 205

Resource Usage:
Netlist      0	blocks of type <EMPTY>
Architecture 4	blocks of type <EMPTY>
Netlist      817	blocks of type .io
Architecture 820	blocks of type .io
Netlist      5859	blocks of type .clb
Architecture 42025	blocks of type .clb

Timing analysis: ON

Operation:  ROUTE_ONLY

PlacerOpts.place_freq:  PLACE_NEVER

RouterOpts.route_type:  DETAILED
RouterOpts.router_algorithm:  TIMING_DRIVEN
RouterOpts.base_cost_type:  DELAY_NORMALIZED
RouterOpts.fixed_channel_width:  NO_FIXED_CHANNEL_WIDTH
RouterOpts.acc_fac:  1.000000
RouterOpts.bb_factor:  3
RouterOpts.bend_cost:  0.000000
RouterOpts.first_iter_pres_fac:  0.500000
RouterOpts.initial_pres_fac:  0.500000
RouterOpts.pres_fac_mult:  1.300000
RouterOpts.max_router_iterations:  50
RouterOpts.astar_fac:  1.200000
RouterOpts.criticality_exp:  1.000000
RouterOpts.max_criticality:  0.990000

RoutingArch.directionality:  UNI_DIRECTIONAL
RoutingArch.switch_block_type:  WILTON
RoutingArch.Fs:  3

The circuit will be mapped into a 205 x 205 array of clbs.

Netlist num_nets:  5987
Netlist num_blocks:  6676
Netlist inputs pins:  128
Netlist output pins:  689

164 191 0
0 94 0
186 1 0
174 22 0
164 190 0
183 4 0
195 6 0
194 6 0
182 5 0
175 21 0
190 10 0
182 6 0
193 7 0
178 10 0
184 16 0
165 180 0
166 26 0
4 146 0
169 185 0
183 5 0
171 26 0
169 177 0
187 1 0
165 190 0
206 135 0
185 3 0
4 145 0
170 18 0
171 27 0
186 2 0
184 4 0
167 177 0
184 14 0
171 188 0
186 10 0
113 15 0
171 187 0
163 179 0
205 20 0
184 11 0
186 11 0
187 11 0
5 23 0
166 185 0
171 18 0
173 16 0
205 142 0
170 19 0
184 13 0
205 19 0
185 12 0
168 178 0
183 6 0
177 12 0
184 12 0
169 178 0
183 12 0
172 181 0
166 178 0
183 14 0
179 10 0
187 2 0
7 20 0
117 180 0
163 190 0
170 185 0
196 2 0
162 191 0
163 8 0
167 179 0
161 189 0
172 183 0
157 16 0
205 172 0
6 16 0
1 150 0
174 23 0
178 11 0
174 21 0
162 190 0
197 5 0
170 179 0
204 143 0
1 151 0
172 17 0
197 3 0
196 6 0
164 7 0
171 181 0
158 7 0
204 142 0
188 1 0
2 150 0
196 3 0
205 27 0
160 190 0
1 48 0
170 181 0
171 17 0
169 180 0
161 20 0
199 22 0
143 191 0
184 5 0
185 4 0
186 3 0
195 4 0
202 147 0
109 13 0
167 186 0
111 11 0
1 49 0
159 189 0
172 176 0
159 190 0
112 14 0
174 14 0
111 13 0
198 16 0
205 149 0
144 192 0
175 14 0
201 149 0
109 12 0
205 21 0
110 12 0
169 2 0
110 11 0
168 179 0
110 16 0
174 13 0
174 15 0
203 143 0
108 13 0
172 18 0
111 10 0
1 21 0
116 181 0
182 18 0
181 18 0
113 10 0
165 181 0
166 6 0
168 187 0
113 9 0
160 183 0
205 154 0
172 177 0
159 182 0
160 188 0
161 188 0
159 185 0
205 189 0
1 149 0
108 1 0
5 145 0
175 25 0
204 20 0
162 15 0
114 19 0
159 183 0
170 178 0
159 187 0
158 184 0
158 17 0
204 149 0
202 143 0
97 5 0
188 2 0
108 2 0
186 4 0
174 25 0
203 20 0
197 142 0
175 26 0
8 15 0
161 14 0
161 15 0
113 20 0
171 179 0
173 178 0
171 177 0
171 176 0
173 179 0
113 16 0
14 7 0
98 6 0
187 3 0
203 144 0
198 144 0
173 26 0
174 26 0
174 24 0
168 4 0
171 16 0
163 180 0
171 185 0
173 15 0
109 1 0
171 178 0
168 181 0
205 159 0
159 19 0
203 142 0
189 1 0
200 140 0
170 29 0
187 10 0
204 21 0
189 10 0
171 30 0
169 3 0
165 186 0
172 30 0
177 11 0
157 186 0
175 9 0
157 187 0
176 12 0
165 182 0
205 161 0
205 191 0
183 7 0
198 142 0
187 9 0
189 12 0
203 26 0
181 4 0
200 15 0
176 13 0
166 181 0
107 1 0
167 181 0
205 83 0
183 18 0
188 9 0
200 146 0
204 19 0
190 13 0
189 13 0
189 14 0
182 4 0
206 129 0
205 150 0
13 13 0
176 10 0
175 10 0
170 186 0
167 180 0
167 183 0
1 34 0
168 183 0
166 182 0
169 182 0
2 35 0
201 2 0
6 17 0
205 148 0
158 18 0
159 24 0
202 7 0
173 17 0
178 12 0
180 17 0
199 142 0
174 16 0
188 13 0
168 27 0
205 18 0
188 14 0
186 16 0
170 2 0
204 145 0
179 11 0
163 20 0
175 11 0
168 184 0
2 37 0
170 183 0
196 14 0
157 17 0
100 8 0
201 8 0
184 6 0
180 18 0
168 28 0
205 22 0
187 17 0
164 8 0
203 147 0
174 11 0
169 18 0
106 1 0
173 11 0
200 139 0
111 17 0
165 192 0
163 189 0
164 189 0
204 190 0
153 13 0
169 176 0
99 7 0
187 13 0
177 13 0
169 19 0
169 27 0
199 9 0
2 21 0
185 16 0
185 17 0
185 18 0
169 16 0
2 48 0
176 9 0
173 10 0
168 17 0
1 148 0
169 17 0
168 19 0
169 187 0
107 2 0
181 7 0
3 106 0
163 188 0
162 188 0
162 187 0
2 112 0
105 11 0
204 189 0
152 12 0
204 173 0
195 5 0
171 19 0
175 15 0
169 26 0
195 12 0
184 17 0
1 20 0
170 31 0
184 18 0
7 16 0
181 20 0
183 2 0
168 16 0
172 182 0
168 18 0
6 151 0
184 1 0
164 188 0
1 36 0
2 105 0
182 8 0
161 183 0
205 32 0
200 3 0
205 192 0
3 150 0
160 20 0
198 8 0
110 187 0
205 11 0
170 20 0
198 14 0
179 19 0
167 5 0
180 21 0
183 3 0
205 47 0
6 149 0
184 2 0
185 2 0
178 8 0
204 115 0
161 187 0
162 186 0
160 184 0
173 180 0
199 2 0
204 160 0
161 21 0
205 188 0
1 83 0
204 141 0
116 180 0
152 13 0
205 10 0
205 12 0
199 141 0
176 14 0
8 11 0
1 22 0
186 14 0
9 12 0
8 12 0
171 2 0
1 47 0
185 15 0
177 9 0
175 6 0
179 7 0
180 8 0
8 19 0
26 4 0
158 186 0
175 182 0
30 7 0
185 5 0
1 113 0
165 193 0
10 13 0
204 191 0
197 7 0
94 199 0
202 144 0
201 147 0
199 10 0
205 23 0
7 12 0
8 13 0
7 13 0
162 20 0
204 47 0
179 6 0
166 19 0
179 8 0
167 21 0
171 182 0
165 185 0
165 21 0
202 113 0
160 185 0
158 185 0
174 183 0
173 182 0
25 10 0
1 114 0
204 33 0
199 1 0
1 157 0
198 9 0
203 141 0
92 197 0
174 17 0
6 14 0
201 139 0
199 12 0
9 14 0
8 14 0
167 6 0
204 153 0
166 20 0
108 3 0
166 22 0
166 21 0
162 18 0
161 18 0
173 184 0
175 184 0
173 181 0
174 182 0
18 2 0
204 32 0
203 190 0
172 179 0
1 42 0
1 12 0
202 142 0
3 17 0
3 16 0
3 21 0
111 14 0
164 9 0
163 19 0
167 18 0
7 15 0
167 19 0
205 48 0
203 153 0
109 2 0
160 15 0
160 18 0
2 149 0
4 117 0
164 180 0
140 195 0
175 185 0
163 181 0
174 184 0
175 183 0
165 175 0
17 3 0
2 113 0
1 152 0
204 159 0
202 190 0
161 22 0
185 6 0
2 17 0
81 204 0
2 18 0
2 22 0
5 18 0
166 15 0
167 16 0
203 21 0
96 5 0
165 13 0
110 1 0
159 17 0
160 17 0
167 10 0
166 184 0
165 178 0
116 18 0
164 181 0
165 176 0
166 176 0
162 182 0
110 13 0
21 7 0
2 151 0
104 10 0
203 191 0
160 21 0
93 198 0
205 86 0
187 4 0
171 20 0
189 2 0
201 15 0
4 19 0
181 1 0
204 82 0
167 17 0
167 15 0
1 23 0
165 14 0
166 13 0
165 12 0
166 16 0
168 10 0
165 11 0
165 17 0
25 3 0
165 19 0
108 14 0
162 181 0
20 6 0
3 112 0
205 31 0
97 6 0
200 4 0
203 82 0
158 19 0
141 23 0
204 11 0
173 18 0
186 5 0
178 13 0
173 23 0
200 14 0
203 19 0
5 16 0
170 1 0
6 15 0
164 13 0
197 8 0
183 1 0
182 1 0
166 14 0
164 14 0
107 3 0
165 15 0
162 16 0
164 16 0
164 17 0
169 11 0
164 18 0
163 191 0
164 184 0
165 18 0
24 202 0
117 179 0
109 202 0
172 13 0
162 193 0
164 193 0
25 203 0
35 2 0
3 149 0
142 189 0
201 3 0
156 17 0
205 197 0
10 12 0
111 1 0
6 141 0
203 11 0
169 20 0
17 203 0
178 205 0
196 7 0
162 1 0
130 206 0
205 162 0
196 8 0
206 33 0
118 180 0
163 24 0
170 191 0
176 15 0
163 9 0
198 205 0
23 202 0
186 12 0
190 202 0
151 205 0
177 205 0
199 3 0
132 9 0
145 200 0
194 11 0
133 13 0
127 195 0
106 205 0
114 10 0
111 195 0
137 201 0
123 15 0
205 182 0
203 78 0
125 2 0
128 8 0
126 3 0
102 199 0
163 1 0
6 0 0
184 188 0
113 196 0
204 12 0
194 200 0
205 196 0
103 9 0
179 12 0
105 1 0
144 201 0
138 192 0
163 25 0
130 201 0
204 34 0
161 3 0
163 5 0
204 10 0
130 7 0
62 3 0
137 24 0
116 12 0
165 23 0
164 24 0
91 205 0
165 24 0
142 21 0
141 196 0
121 7 0
150 205 0
190 203 0
163 6 0
178 7 0
113 198 0
159 20 0
173 8 0
162 9 0
118 186 0
149 197 0
202 2 0
205 198 0
103 202 0
111 183 0
151 8 0
8 205 0
114 196 0
113 194 0
204 44 0
25 2 0
145 11 0
174 0 0
112 0 0
158 187 0
7 1 0
115 12 0
122 193 0
178 204 0
100 197 0
184 195 0
90 205 0
110 2 0
108 203 0
109 9 0
110 9 0
135 201 0
108 4 0
109 3 0
165 25 0
142 187 0
1 110 0
167 202 0
25 9 0
97 197 0
137 202 0
24 201 0
168 182 0
169 183 0
121 10 0
7 2 0
100 6 0
151 204 0
145 14 0
205 181 0
8 1 0
117 203 0
182 16 0
131 16 0
138 1 0
127 5 0
108 205 0
103 190 0
139 20 0
184 3 0
22 8 0
7 107 0
205 46 0
190 192 0
166 12 0
106 2 0
202 45 0
1 37 0
86 202 0
7 137 0
99 1 0
7 136 0
175 12 0
146 5 0
155 9 0
25 204 0
205 104 0
118 184 0
203 33 0
125 193 0
179 1 0
131 17 0
151 9 0
153 7 0
115 186 0
98 7 0
6 1 0
159 188 0
1 46 0
180 0 0
114 11 0
155 195 0
151 16 0
193 200 0
96 201 0
205 9 0
155 199 0
163 204 0
205 190 0
3 34 0
139 206 0
5 1 0
165 194 0
1 33 0
202 20 0
102 5 0
26 5 0
8 113 0
142 13 0
200 10 0
103 5 0
27 4 0
142 204 0
203 189 0
117 204 0
204 105 0
139 204 0
159 8 0
100 194 0
112 196 0
161 196 0
164 183 0
5 199 0
120 9 0
161 185 0
158 204 0
191 203 0
189 11 0
120 8 0
3 48 0
126 199 0
177 14 0
127 198 0
130 14 0
140 18 0
2 8 0
176 3 0
142 17 0
179 205 0
186 17 0
152 8 0
146 193 0
116 13 0
121 195 0
193 12 0
6 2 0
150 17 0
5 8 0
112 1 0
1 198 0
120 178 0
19 205 0
170 9 0
91 204 0
206 190 0
157 10 0
100 205 0
123 9 0
106 8 0
30 204 0
101 4 0
143 17 0
171 204 0
102 203 0
173 27 0
129 1 0
115 0 0
100 4 0
4 8 0
127 1 0
25 4 0
10 7 0
109 4 0
123 204 0
98 5 0
138 203 0
205 130 0
152 205 0
170 0 0
132 18 0
168 204 0
124 195 0
147 17 0
2 202 0
115 190 0
173 193 0
112 185 0
28 3 0
137 10 0
125 195 0
205 79 0
205 13 0
126 200 0
4 148 0
121 193 0
169 4 0
160 8 0
125 10 0
161 195 0
17 202 0
97 1 0
146 200 0
204 83 0
201 47 0
99 8 0
6 108 0
5 142 0
2 139 0
205 158 0
198 2 0
148 196 0
122 186 0
204 154 0
30 6 0
111 2 0
7 0 0
135 22 0
2 119 0
18 4 0
100 3 0
8 18 0
173 28 0
115 7 0
120 187 0
167 187 0
153 14 0
98 4 0
205 137 0
165 4 0
190 1 0
176 186 0
174 3 0
35 1 0
203 201 0
25 11 0
199 140 0
156 201 0
0 128 0
122 180 0
174 1 0
149 205 0
112 186 0
143 193 0
121 194 0
126 196 0
197 9 0
131 19 0
107 4 0
142 16 0
201 137 0
1 123 0
117 14 0
139 11 0
170 3 0
7 9 0
124 193 0
137 1 0
187 201 0
139 14 0
2 12 0
2 111 0
201 1 0
176 205 0
32 5 0
205 111 0
92 205 0
205 160 0
190 198 0
133 20 0
7 205 0
112 15 0
106 3 0
132 202 0
162 205 0
174 27 0
104 1 0
206 153 0
167 24 0
56 2 0
115 6 0
164 199 0
112 7 0
155 5 0
197 200 0
1 115 0
114 5 0
93 3 0
156 202 0
105 2 0
95 4 0
173 183 0
151 194 0
196 198 0
156 203 0
125 197 0
1 11 0
131 199 0
19 0 0
104 193 0
141 14 0
182 189 0
197 12 0
140 17 0
153 5 0
153 6 0
201 13 0
164 15 0
202 200 0
118 15 0
204 197 0
129 14 0
186 15 0
95 5 0
162 201 0
191 194 0
127 191 0
205 183 0
168 197 0
143 16 0
165 189 0
89 205 0
202 138 0
136 24 0
17 4 0
4 112 0
206 160 0
160 13 0
110 3 0
159 7 0
8 204 0
200 204 0
24 3 0
93 2 0
155 0 0
15 6 0
123 195 0
104 194 0
198 10 0
204 161 0
104 195 0
204 193 0
141 15 0
142 15 0
138 2 0
95 2 0
152 5 0
116 203 0
202 15 0
204 27 0
192 4 0
128 15 0
202 33 0
7 3 0
119 16 0
144 200 0
94 198 0
197 2 0
128 192 0
123 0 0
23 10 0
198 3 0
205 136 0
161 184 0
205 153 0
154 198 0
101 202 0
140 198 0
108 5 0
59 1 0
121 11 0
173 4 0
140 11 0
3 111 0
122 181 0
177 196 0
175 188 0
140 194 0
90 204 0
166 2 0
94 2 0
94 3 0
132 203 0
180 188 0
150 204 0
99 198 0
161 198 0
145 199 0
205 155 0
163 18 0
161 203 0
107 5 0
185 197 0
111 194 0
107 191 0
124 197 0
122 10 0
157 202 0
185 13 0
190 5 0
200 23 0
124 2 0
167 11 0
5 197 0
119 5 0
127 12 0
84 203 0
16 3 0
114 16 0
0 97 0
128 13 0
103 194 0
0 92 0
160 2 0
109 10 0
182 201 0
3 45 0
195 7 0
16 203 0
124 194 0
8 140 0
168 5 0
205 178 0
203 160 0
4 11 0
120 10 0
164 194 0
99 199 0
204 104 0
139 4 0
157 188 0
126 4 0
153 9 0
205 43 0
159 186 0
114 195 0
197 6 0
0 191 0
112 19 0
164 192 0
105 3 0
146 198 0
27 1 0
115 203 0
27 10 0
175 197 0
86 200 0
198 200 0
191 193 0
194 205 0
172 19 0
125 196 0
165 187 0
27 198 0
194 4 0
163 17 0
108 0 0
113 1 0
206 112 0
18 3 0
26 203 0
24 196 0
34 3 0
206 162 0
16 5 0
1 13 0
106 195 0
134 5 0
130 195 0
83 205 0
9 114 0
97 201 0
174 189 0
164 201 0
129 194 0
151 12 0
159 200 0
162 2 0
104 2 0
152 204 0
106 192 0
106 191 0
142 18 0
175 191 0
150 14 0
146 20 0
187 197 0
2 16 0
117 3 0
1 183 0
111 3 0
151 5 0
106 13 0
117 6 0
3 15 0
178 22 0
117 8 0
116 8 0
163 192 0
151 203 0
1 19 0
151 6 0
137 2 0
185 14 0
148 195 0
0 196 0
198 1 0
2 114 0
123 16 0
157 14 0
155 205 0
205 78 0
107 189 0
111 187 0
12 7 0
121 185 0
136 194 0
156 200 0
21 8 0
93 197 0
201 198 0
200 0 0
205 144 0
9 205 0
194 203 0
6 205 0
178 2 0
172 31 0
141 188 0
128 191 0
23 3 0
22 7 0
200 138 0
204 5 0
119 3 0
8 108 0
142 196 0
23 7 0
156 196 0
162 21 0
34 4 0
127 197 0
154 6 0
116 204 0
22 198 0
126 7 0
98 201 0
158 5 0
175 29 0
8 2 0
17 204 0
97 200 0
122 7 0
125 4 0
156 6 0
134 198 0
100 206 0
204 22 0
3 196 0
173 12 0
124 10 0
197 15 0
168 23 0
114 197 0
191 10 0
5 136 0
118 6 0
101 10 0
7 17 0
24 4 0
7 199 0
195 205 0
129 198 0
203 34 0
7 204 0
9 1 0
201 20 0
205 42 0
204 188 0
90 197 0
24 2 0
177 204 0
191 192 0
121 184 0
126 192 0
139 191 0
9 204 0
201 202 0
0 149 0
5 107 0
163 183 0
20 7 0
3 204 0
115 11 0
28 8 0
151 7 0
15 4 0
205 156 0
34 2 0
119 205 0
153 205 0
110 0 0
157 18 0
31 204 0
1 124 0
138 19 0
144 11 0
33 5 0
189 199 0
204 6 0
138 17 0
116 202 0
171 183 0
114 194 0
92 204 0
127 194 0
131 12 0
103 8 0
199 204 0
129 196 0
136 1 0
6 139 0
179 22 0
160 200 0
157 184 0
150 203 0
132 195 0
204 182 0
172 198 0
23 205 0
156 2 0
183 186 0
173 201 0
195 197 0
117 5 0
112 2 0
18 201 0
133 196 0
9 7 0
154 10 0
114 8 0
153 4 0
22 197 0
2 36 0
96 0 0
205 103 0
2 11 0
138 3 0
130 197 0
205 8 0
179 204 0
205 171 0
135 1 0
147 10 0
139 202 0
103 7 0
164 20 0
116 5 0
177 182 0
1 111 0
136 9 0
99 3 0
29 8 0
167 189 0
66 0 0
140 197 0
205 34 0
164 0 0
150 11 0
22 205 0
2 110 0
117 201 0
177 190 0
20 5 0
177 19 0
107 188 0
163 21 0
143 190 0
155 17 0
25 5 0
8 203 0
164 26 0
166 18 0
144 18 0
124 11 0
147 15 0
100 204 0
141 195 0
174 10 0
205 80 0
203 197 0
124 188 0
18 204 0
2 155 0
14 2 0
123 190 0
189 192 0
178 197 0
3 195 0
198 204 0
122 5 0
134 22 0
173 192 0
1 177 0
167 201 0
205 14 0
15 2 0
133 197 0
163 7 0
131 196 0
160 3 0
3 22 0
185 190 0
128 1 0
155 10 0
185 11 0
145 18 0
166 5 0
82 203 0
143 20 0
150 4 0
149 6 0
100 5 0
110 4 0
117 186 0
167 20 0
145 198 0
149 3 0
113 190 0
142 197 0
26 6 0
204 7 0
134 203 0
204 43 0
166 190 0
141 6 0
170 14 0
103 1 0
118 4 0
112 206 0
6 3 0
176 11 0
139 5 0
3 113 0
98 11 0
143 200 0
129 192 0
136 193 0
27 2 0
168 188 0
189 200 0
28 1 0
157 19 0
3 5 0
107 202 0
117 200 0
138 195 0
139 194 0
150 9 0
139 190 0
37 3 0
183 17 0
26 10 0
96 200 0
32 2 0
24 11 0
25 197 0
25 202 0
161 19 0
119 200 0
152 203 0
99 10 0
115 204 0
124 189 0
19 200 0
178 203 0
105 190 0
21 6 0
204 198 0
203 182 0
21 197 0
131 198 0
115 189 0
153 1 0
171 203 0
154 9 0
119 9 0
184 197 0
6 11 0
16 202 0
5 24 0
185 195 0
146 19 0
154 2 0
121 186 0
126 197 0
133 202 0
148 15 0
102 191 0
186 203 0
180 205 0
198 11 0
157 5 0
184 7 0
10 1 0
125 202 0
96 4 0
167 9 0
25 12 0
138 4 0
159 202 0
180 192 0
121 8 0
156 1 0
108 191 0
138 201 0
168 189 0
205 205 0
124 198 0
205 109 0
1 109 0
133 19 0
204 196 0
26 1 0
29 3 0
28 200 0
32 1 0
118 9 0
106 4 0
182 14 0
170 21 0
154 197 0
33 1 0
92 196 0
135 198 0
131 15 0
159 3 0
9 10 0
32 3 0
94 4 0
135 14 0
128 197 0
205 33 0
204 108 0
154 5 0
165 195 0
148 199 0
2 47 0
165 179 0
95 3 0
19 3 0
1 178 0
197 203 0
170 25 0
105 191 0
105 192 0
188 3 0
179 20 0
109 5 0
158 20 0
108 189 0
109 188 0
33 2 0
138 13 0
175 16 0
124 1 0
125 194 0
119 10 0
153 2 0
117 13 0
152 3 0
0 167 0
142 6 0
116 201 0
13 6 0
205 133 0
167 1 0
151 3 0
174 5 0
4 1 0
141 194 0
92 1 0
118 2 0
144 19 0
158 0 0
125 3 0
115 193 0
111 9 0
150 5 0
105 197 0
100 2 0
141 0 0
204 192 0
134 16 0
22 0 0
3 12 0
1 4 0
150 10 0
125 188 0
115 202 0
118 185 0
143 13 0
176 199 0
2 13 0
126 11 0
90 198 0
136 2 0
204 183 0
107 205 0
3 20 0
141 17 0
205 195 0
19 8 0
181 205 0
112 16 0
137 204 0
204 109 0
175 22 0
151 1 0
139 196 0
180 193 0
139 195 0
140 193 0
96 197 0
31 3 0
205 138 0
20 1 0
135 9 0
172 15 0
21 198 0
1 80 0
30 3 0
205 129 0
4 150 0
18 5 0
20 200 0
136 0 0
31 206 0
108 192 0
3 6 0
119 8 0
4 111 0
4 106 0
108 190 0
10 205 0
5 19 0
130 203 0
167 3 0
129 195 0
131 203 0
31 203 0
173 30 0
10 14 0
124 199 0
162 195 0
126 202 0
132 200 0
1 17 0
156 3 0
156 5 0
21 203 0
5 112 0
8 16 0
31 6 0
129 2 0
125 9 0
111 185 0
168 186 0
203 12 0
137 3 0
151 4 0
204 9 0
114 7 0
162 196 0
117 15 0
140 6 0
176 25 0
111 15 0
204 79 0
194 197 0
122 185 0
16 204 0
122 189 0
115 194 0
116 182 0
130 190 0
187 203 0
178 188 0
149 13 0
104 9 0
204 128 0
170 13 0
21 5 0
146 7 0
19 1 0
155 13 0
124 190 0
118 199 0
159 10 0
149 204 0
133 14 0
120 5 0
171 24 0
203 176 0
177 203 0
132 204 0
100 198 0
1 3 0
125 6 0
94 204 0
2 23 0
130 5 0
110 10 0
203 202 0
116 190 0
204 181 0
179 203 0
205 76 0
201 136 0
145 20 0
9 2 0
112 198 0
204 121 0
197 206 0
127 205 0
172 16 0
155 194 0
90 4 0
169 190 0
165 22 0
153 3 0
3 10 0
139 6 0
2 123 0
192 200 0
113 195 0
150 18 0
59 2 0
176 204 0
143 204 0
98 0 0
161 182 0
108 6 0
120 11 0
149 8 0
103 6 0
148 205 0
4 135 0
151 17 0
127 2 0
141 19 0
150 194 0
115 13 0
197 199 0
161 191 0
7 4 0
11 6 0
15 8 0
202 24 0
1 155 0
6 201 0
188 193 0
134 18 0
99 4 0
163 196 0
141 13 0
148 12 0
134 9 0
3 7 0
164 186 0
177 193 0
121 181 0
135 23 0
124 5 0
187 5 0
205 131 0
169 12 0
38 206 0
188 203 0
157 1 0
31 205 0
154 205 0
17 201 0
125 13 0
117 195 0
6 142 0
11 205 0
177 23 0
132 4 0
184 199 0
1 138 0
20 199 0
173 19 0
151 202 0
22 202 0
114 12 0
111 4 0
21 196 0
140 16 0
175 205 0
204 134 0
142 14 0
178 23 0
176 182 0
202 136 0
165 199 0
94 5 0
128 202 0
118 205 0
205 24 0
53 205 0
162 185 0
161 197 0
32 204 0
134 6 0
204 137 0
133 15 0
203 134 0
101 201 0
205 110 0
8 3 0
205 180 0
143 188 0
1 191 0
141 2 0
177 24 0
152 1 0
129 12 0
0 110 0
120 7 0
36 1 0
206 198 0
1 190 0
7 203 0
105 8 0
159 14 0
143 1 0
3 151 0
91 2 0
98 204 0
123 197 0
161 17 0
5 2 0
145 16 0
106 5 0
143 2 0
153 204 0
177 181 0
133 5 0
22 196 0
105 195 0
170 202 0
148 7 0
122 16 0
114 203 0
147 3 0
109 16 0
159 199 0
142 19 0
204 106 0
114 6 0
148 17 0
194 7 0
149 11 0
149 4 0
156 11 0
205 35 0
130 194 0
144 202 0
0 48 0
185 194 0
203 32 0
2 133 0
171 195 0
1 50 0
203 136 0
203 105 0
131 194 0
121 12 0
182 194 0
177 180 0
203 79 0
172 178 0
183 190 0
202 135 0
136 19 0
154 16 0
160 22 0
122 11 0
202 139 0
87 202 0
160 205 0
157 6 0
202 201 0
131 205 0
147 1 0
146 14 0
117 194 0
205 122 0
134 20 0
162 189 0
1 140 0
203 154 0
127 203 0
157 200 0
1 133 0
125 11 0
206 11 0
203 137 0
1 132 0
178 183 0
9 203 0
32 4 0
104 196 0
96 205 0
206 122 0
0 181 0
0 179 0
204 80 0
140 22 0
202 105 0
60 1 0
64 1 0
161 6 0
117 185 0
7 138 0
166 8 0
2 177 0
102 195 0
89 199 0
159 21 0
27 5 0
137 200 0
206 171 0
130 16 0
171 186 0
91 203 0
204 135 0
205 5 0
1 27 0
178 202 0
204 78 0
92 195 0
5 152 0
5 133 0
147 13 0
200 205 0
169 28 0
118 3 0
154 11 0
11 1 0
1 14 0
191 7 0
6 204 0
203 106 0
2 49 0
175 194 0
195 204 0
204 194 0
140 4 0
160 7 0
154 3 0
172 25 0
158 13 0
172 193 0
192 11 0
195 203 0
190 11 0
196 204 0
8 4 0
5 202 0
139 26 0
159 11 0
167 27 0
199 4 0
7 108 0
116 14 0
93 205 0
137 4 0
118 7 0
126 10 0
23 201 0
1 122 0
21 199 0
187 202 0
113 17 0
5 205 0
112 9 0
187 14 0
5 45 0
128 3 0
145 13 0
130 19 0
153 196 0
171 184 0
191 191 0
158 6 0
200 5 0
108 11 0
148 10 0
205 176 0
135 194 0
120 194 0
58 1 0
135 24 0
25 201 0
25 1 0
174 191 0
191 199 0
167 7 0
178 14 0
120 12 0
199 19 0
3 47 0
116 1 0
127 193 0
11 202 0
98 198 0
90 203 0
100 7 0
183 185 0
166 188 0
154 204 0
200 202 0
149 1 0
106 194 0
170 27 0
170 187 0
116 205 0
4 113 0
181 8 0
26 2 0
123 4 0
118 10 0
24 200 0
205 87 0
157 22 0
148 204 0
203 151 0
10 2 0
180 204 0
205 112 0
204 138 0
206 25 0
205 173 0
102 9 0
129 6 0
189 15 0
22 9 0
176 5 0
102 1 0
134 1 0
203 18 0
4 176 0
205 134 0
164 179 0
164 182 0
204 136 0
190 201 0
117 192 0
1 141 0
150 7 0
166 27 0
8 202 0
8 10 0
3 114 0
173 13 0
162 10 0
129 5 0
116 2 0
7 11 0
118 16 0
116 3 0
4 48 0
2 104 0
145 4 0
113 6 0
172 27 0
133 200 0
6 110 0
30 201 0
10 204 0
59 5 0
204 23 0
149 17 0
143 5 0
6 4 0
123 11 0
92 203 0
100 9 0
143 196 0
131 5 0
178 196 0
203 16 0
169 202 0
201 138 0
175 17 0
201 200 0
202 21 0
170 4 0
57 1 0
17 205 0
114 181 0
205 199 0
167 25 0
201 203 0
146 197 0
9 8 0
3 49 0
153 15 0
19 6 0
7 10 0
151 11 0
176 197 0
82 202 0
182 192 0
52 0 0
187 198 0
205 4 0
116 185 0
178 21 0
173 7 0
151 201 0
5 3 0
147 205 0
118 8 0
1 131 0
130 193 0
3 18 0
85 203 0
109 196 0
199 202 0
116 186 0
138 11 0
59 0 0
205 184 0
182 205 0
144 3 0
120 6 0
120 183 0
172 11 0
136 3 0
183 193 0
182 186 0
28 4 0
202 184 0
197 201 0
1 87 0
0 144 0
2 198 0
181 204 0
4 6 0
135 2 0
27 199 0
200 201 0
144 17 0
167 191 0
184 194 0
149 203 0
58 4 0
133 7 0
146 18 0
115 3 0
171 1 0
205 6 0
124 3 0
175 204 0
127 7 0
127 15 0
180 206 0
1 156 0
10 201 0
196 206 0
185 189 0
112 6 0
15 206 0
140 2 0
121 199 0
150 3 0
204 133 0
173 186 0
204 31 0
132 6 0
123 7 0
205 108 0
117 184 0
205 107 0
133 203 0
3 1 0
193 194 0
143 18 0
58 2 0
128 195 0
139 12 0
31 202 0
168 199 0
101 196 0
205 135 0
32 203 0
107 6 0
203 140 0
137 197 0
165 3 0
174 192 0
204 17 0
1 116 0
113 5 0
204 111 0
167 182 0
157 7 0
121 13 0
152 9 0
181 3 0
203 133 0
206 79 0
108 7 0
4 2 0
9 3 0
205 3 0
143 0 0
127 3 0
110 195 0
123 14 0
177 8 0
148 16 0
148 1 0
189 193 0
10 202 0
113 191 0
6 107 0
124 200 0
175 200 0
2 183 0
2 174 0
205 2 0
119 202 0
133 22 0
157 15 0
2 140 0
19 199 0
166 0 0
20 198 0
18 7 0
136 202 0
117 9 0
149 18 0
24 10 0
139 22 0
113 187 0
5 134 0
130 196 0
159 5 0
125 189 0
138 5 0
1 197 0
71 0 0
193 202 0
115 181 0
23 9 0
184 8 0
204 81 0
165 2 0
97 3 0
183 13 0
109 190 0
167 194 0
150 6 0
144 1 0
1 184 0
4 143 0
131 18 0
203 2 0
110 188 0
141 16 0
3 134 0
193 5 0
126 13 0
136 205 0
7 5 0
176 195 0
82 205 0
59 3 0
123 200 0
171 191 0
15 3 0
155 206 0
89 206 0
89 204 0
102 4 0
94 205 0
123 192 0
12 205 0
203 44 0
7 141 0
0 134 0
152 6 0
11 201 0
202 19 0
204 107 0
166 25 0
88 205 0
137 16 0
109 205 0
3 200 0
0 125 0
114 189 0
8 137 0
113 203 0
2 115 0
8 206 0
146 2 0
27 0 0
88 198 0
138 21 0
169 13 0
147 11 0
60 2 0
167 185 0
131 20 0
1 147 0
144 191 0
150 1 0
122 12 0
2 19 0
16 6 0
117 1 0
206 97 0
142 195 0
174 18 0
11 8 0
201 111 0
142 1 0
91 202 0
140 14 0
130 17 0
112 195 0
203 152 0
119 11 0
6 13 0
90 1 0
178 201 0
202 1 0
102 190 0
115 197 0
118 5 0
171 194 0
140 15 0
136 18 0
124 8 0
205 139 0
0 176 0
136 21 0
172 24 0
140 7 0
146 17 0
153 203 0
200 1 0
204 18 0
188 195 0
103 189 0
201 4 0
1 176 0
168 191 0
29 2 0
167 190 0
115 201 0
202 3 0
98 3 0
152 14 0
150 202 0
172 20 0
5 15 0
122 201 0
136 23 0
126 15 0
158 1 0
188 4 0
139 19 0
152 202 0
103 198 0
97 205 0
150 19 0
122 9 0
57 5 0
26 11 0
190 197 0
168 195 0
174 30 0
2 52 0
174 29 0
117 181 0
140 202 0
165 203 0
149 15 0
119 187 0
111 198 0
203 1 0
202 160 0
203 111 0
205 193 0
135 21 0
138 6 0
169 10 0
173 195 0
204 150 0
152 4 0
102 192 0
141 22 0
28 9 0
11 204 0
2 138 0
151 18 0
110 14 0
147 196 0
169 191 0
144 21 0
204 176 0
174 205 0
97 204 0
143 195 0
5 116 0
177 7 0
1 199 0
110 8 0
98 200 0
204 205 0
199 5 0
112 197 0
19 4 0
1 82 0
195 201 0
177 206 0
132 205 0
129 16 0
111 16 0
193 11 0
90 196 0
4 46 0
155 198 0
113 11 0
139 2 0
3 139 0
162 22 0
88 204 0
106 190 0
9 15 0
5 204 0
93 1 0
197 196 0
155 193 0
197 198 0
14 5 0
204 187 0
177 195 0
126 189 0
203 10 0
158 206 0
13 5 0
123 194 0
91 201 0
171 29 0
116 9 0
145 5 0
27 203 0
87 205 0
6 5 0
101 195 0
168 20 0
160 0 0
205 84 0
94 200 0
89 203 0
170 180 0
142 20 0
179 186 0
163 195 0
2 182 0
162 183 0
100 196 0
2 137 0
114 9 0
200 145 0
146 205 0
199 205 0
4 107 0
160 199 0
130 199 0
144 4 0
163 182 0
176 203 0
205 147 0
4 3 0
0 124 0
147 192 0
106 203 0
179 190 0
11 7 0
123 205 0
33 205 0
99 197 0
6 8 0
93 203 0
176 24 0
181 187 0
120 191 0
129 15 0
148 2 0
6 10 0
133 204 0
17 7 0
139 1 0
106 10 0
141 1 0
205 179 0
134 2 0
31 1 0
121 6 0
203 22 0
1 142 0
138 18 0
27 3 0
180 203 0
8 201 0
152 17 0
136 25 0
127 192 0
146 4 0
134 23 0
120 2 0
181 188 0
90 2 0
112 184 0
177 186 0
123 5 0
133 8 0
180 184 0
206 182 0
95 201 0
159 13 0
4 10 0
130 202 0
180 12 0
6 18 0
139 16 0
2 205 0
118 198 0
185 187 0
145 192 0
175 5 0
80 205 0
137 192 0
190 196 0
129 17 0
182 19 0
182 196 0
170 199 0
128 14 0
96 2 0
180 194 0
146 15 0
196 203 0
127 190 0
134 8 0
179 3 0
61 1 0
23 204 0
179 196 0
202 11 0
5 7 0
198 140 0
201 143 0
100 201 0
140 20 0
177 15 0
156 8 0
56 3 0
133 6 0
202 153 0
120 180 0
206 4 0
1 136 0
167 178 0
101 191 0
161 9 0
163 11 0
149 16 0
55 1 0
181 19 0
155 197 0
202 46 0
204 201 0
6 206 0
107 193 0
154 14 0
138 191 0
0 113 0
148 4 0
147 2 0
182 190 0
142 4 0
135 15 0
139 7 0
2 197 0
204 172 0
149 14 0
205 132 0
119 17 0
113 192 0
177 202 0
195 8 0
116 188 0
3 19 0
144 6 0
29 200 0
1 45 0
146 13 0
148 14 0
113 199 0
90 202 0
142 2 0
146 12 0
150 13 0
144 199 0
143 3 0
144 2 0
23 8 0
57 4 0
4 152 0
119 204 0
141 185 0
12 1 0
122 196 0
6 138 0
132 21 0
32 205 0
135 202 0
128 199 0
136 22 0
108 12 0
204 48 0
163 198 0
122 13 0
203 104 0
1 108 0
183 9 0
160 187 0
201 133 0
26 199 0
122 195 0
163 186 0
196 200 0
149 19 0
204 103 0
88 199 0
127 14 0
171 21 0
191 197 0
154 203 0
141 11 0
31 5 0
134 197 0
103 2 0
172 199 0
152 18 0
166 177 0
160 189 0
0 25 0
168 6 0
150 15 0
130 11 0
140 201 0
117 16 0
2 201 0
178 9 0
0 91 0
203 184 0
126 188 0
179 202 0
93 4 0
164 6 0
149 0 0
119 7 0
107 10 0
115 14 0
4 139 0
120 13 0
200 203 0
23 11 0
31 2 0
178 182 0
180 187 0
139 24 0
199 200 0
138 25 0
182 183 0
114 186 0
14 3 0
4 202 0
194 196 0
134 194 0
110 15 0
4 205 0
132 0 0
153 195 0
183 197 0
152 201 0
5 113 0
140 23 0
140 21 0
166 24 0
119 201 0
190 9 0
153 10 0
192 203 0
138 23 0
1 10 0
86 201 0
156 198 0
17 2 0
183 198 0
148 3 0
26 202 0
58 3 0
95 205 0
158 10 0
114 204 0
62 1 0
161 23 0
147 12 0
56 1 0
150 20 0
0 105 0
205 185 0
1 130 0
156 18 0
204 174 0
61 2 0
125 14 0
142 192 0
181 200 0
1 24 0
160 202 0
25 6 0
4 206 0
173 205 0
111 7 0
140 8 0
147 204 0
135 3 0
3 183 0
3 2 0
202 203 0
133 198 0
132 20 0
18 8 0
186 201 0
140 204 0
184 186 0
144 22 0
59 4 0
172 0 0
119 190 0
151 19 0
159 1 0
2 116 0
110 186 0
165 20 0
151 206 0
92 202 0
167 4 0
126 193 0
1 44 0
204 1 0
137 18 0
151 13 0
181 23 0
169 5 0
163 16 0
145 1 0
129 202 0
4 203 0
121 202 0
92 2 0
205 77 0
106 193 0
204 130 0
2 191 0
149 196 0
195 2 0
150 196 0
120 16 0
6 203 0
127 16 0
14 201 0
147 195 0
1 172 0
121 198 0
86 205 0
157 8 0
139 23 0
115 187 0
118 201 0
6 9 0
178 194 0
2 184 0
125 203 0
138 26 0
5 111 0
7 110 0
176 0 0
194 202 0
130 15 0
91 206 0
114 13 0
161 2 0
159 2 0
206 47 0
107 194 0
142 22 0
154 195 0
204 13 0
109 187 0
94 197 0
174 12 0
114 202 0
141 5 0
139 25 0
105 9 0
129 201 0
181 203 0
118 17 0
135 16 0
203 183 0
113 8 0
146 16 0
149 12 0
141 4 0
142 3 0
141 21 0
149 202 0
141 197 0
111 184 0
112 183 0
179 201 0
187 200 0
114 4 0
115 205 0
139 17 0
138 200 0
174 204 0
100 0 0
114 187 0
118 200 0
105 4 0
122 200 0
4 14 0
10 3 0
18 6 0
130 192 0
130 205 0
206 149 0
150 201 0
180 198 0
176 202 0
0 123 0
131 195 0
138 205 0
102 7 0
141 203 0
11 2 0
124 13 0
148 5 0
140 196 0
145 3 0
130 13 0
104 191 0
29 4 0
129 7 0
12 204 0
151 195 0
111 193 0
205 194 0
165 9 0
201 24 0
9 4 0
146 3 0
182 7 0
205 206 0
1 181 0
119 18 0
147 7 0
139 18 0
102 193 0
10 203 0
110 190 0
121 183 0
205 200 0
179 194 0
104 190 0
137 5 0
205 177 0
109 6 0
119 189 0
135 193 0
117 2 0
116 15 0
132 197 0
206 17 0
128 193 0
200 13 0
147 14 0
201 45 0
157 2 0
120 201 0
92 201 0
126 1 0
164 10 0
131 197 0
2 1 0
182 10 0
19 9 0
120 200 0
137 15 0
129 4 0
103 195 0
124 4 0
174 185 0
118 202 0
150 197 0
117 4 0
170 195 0
116 7 0
145 8 0
2 152 0
153 197 0
201 17 0
197 10 0
32 6 0
201 11 0
144 7 0
196 12 0
93 204 0
36 206 0
29 205 0
191 13 0
31 201 0
176 26 0
96 1 0
13 3 0
3 35 0
151 200 0
26 204 0
169 181 0
4 15 0
205 175 0
179 18 0
139 193 0
198 199 0
204 122 0
87 204 0
178 24 0
192 8 0
145 201 0
113 7 0
166 195 0
3 117 0
37 1 0
202 134 0
143 6 0
111 8 0
147 6 0
99 202 0
168 0 0
94 203 0
191 5 0
134 12 0
105 10 0
143 7 0
128 4 0
177 201 0
134 199 0
158 3 0
158 2 0
3 198 0
138 16 0
95 204 0
162 200 0
204 180 0
129 18 0
189 204 0
136 26 0
117 202 0
141 199 0
180 1 0
5 137 0
15 203 0
110 5 0
186 204 0
4 21 0
122 202 0
161 190 0
172 2 0
137 191 0
3 13 0
166 191 0
30 2 0
196 9 0
23 4 0
99 201 0
24 1 0
171 180 0
182 3 0
203 3 0
119 12 0
205 45 0
18 1 0
206 140 0
144 15 0
156 13 0
33 3 0
104 192 0
2 7 0
157 205 0
174 201 0
174 7 0
120 202 0
168 177 0
184 192 0
119 1 0
11 13 0
29 9 0
136 17 0
3 135 0
188 10 0
10 9 0
171 3 0
141 206 0
3 11 0
3 138 0
147 18 0
129 0 0
196 205 0
166 180 0
172 14 0
174 196 0
148 203 0
188 7 0
2 20 0
28 5 0
120 205 0
191 200 0
188 205 0
122 179 0
163 4 0
83 204 0
164 203 0
153 202 0
117 205 0
128 194 0
117 10 0
133 195 0
85 202 0
143 199 0
31 7 0
2 141 0
141 7 0
157 3 0
172 203 0
171 190 0
148 206 0
17 8 0
1 175 0
143 19 0
166 28 0
172 188 0
155 2 0
136 16 0
94 6 0
116 200 0
128 18 0
123 198 0
175 27 0
27 202 0
182 204 0
2 10 0
203 130 0
134 0 0
184 198 0
95 199 0
130 10 0
185 7 0
126 2 0
3 140 0
95 200 0
5 198 0
121 200 0
5 13 0
2 4 0
122 203 0
206 20 0
2 50 0
175 24 0
2 199 0
150 16 0
125 192 0
121 197 0
23 200 0
137 205 0
2 27 0
140 200 0
138 190 0
184 190 0
28 203 0
105 196 0
199 139 0
163 3 0
182 185 0
198 201 0
126 194 0
145 205 0
192 9 0
120 193 0
152 10 0
196 4 0
138 204 0
201 19 0
95 198 0
204 46 0
31 4 0
5 4 0
24 205 0
99 203 0
150 200 0
3 203 0
170 206 0
156 9 0
1 6 0
199 199 0
148 194 0
192 10 0
184 185 0
166 194 0
7 114 0
23 197 0
205 81 0
98 2 0
16 7 0
121 192 0
103 199 0
8 5 0
146 1 0
127 201 0
141 3 0
124 204 0
183 19 0
149 7 0
121 203 0
206 45 0
8 8 0
117 199 0
147 199 0
6 200 0
136 198 0
176 16 0
144 8 0
132 14 0
4 24 0
2 44 0
199 201 0
123 10 0
4 110 0
148 18 0
146 204 0
118 11 0
143 8 0
144 20 0
154 4 0
139 201 0
154 1 0
133 199 0
5 21 0
124 202 0
139 189 0
123 12 0
205 102 0
134 205 0
136 192 0
173 29 0
203 42 0
3 177 0
110 196 0
121 204 0
190 14 0
17 5 0
135 18 0
115 5 0
148 197 0
172 1 0
23 2 0
199 11 0
155 7 0
97 4 0
112 3 0
7 139 0
105 204 0
115 196 0
136 4 0
200 134 0
153 201 0
4 114 0
133 1 0
1 107 0
179 9 0
205 105 0
152 11 0
21 205 0
180 23 0
132 5 0
127 13 0
204 148 0
7 202 0
136 195 0
118 204 0
23 206 0
89 202 0
188 15 0
7 111 0
18 200 0
200 200 0
129 193 0
113 12 0
33 204 0
26 7 0
148 8 0
123 185 0
177 198 0
139 15 0
27 9 0
202 4 0
179 13 0
92 206 0
189 3 0
22 195 0
205 40 0
7 6 0
112 200 0
147 8 0
12 6 0
187 15 0
132 22 0
145 197 0
53 206 0
95 1 0
204 131 0
188 12 0
134 204 0
137 20 0
17 200 0
150 2 0
136 201 0
126 8 0
203 43 0
130 198 0
122 192 0
203 146 0
138 202 0
163 184 0
146 9 0
130 18 0
192 194 0
99 2 0
0 197 0
135 205 0
135 204 0
197 13 0
3 143 0
126 203 0
136 200 0
16 2 0
8 114 0
98 196 0
22 3 0
134 196 0
204 155 0
91 196 0
151 199 0
120 17 0
204 129 0
146 196 0
128 5 0
206 130 0
121 14 0
22 204 0
132 8 0
112 191 0
7 109 0
24 204 0
23 203 0
4 138 0
205 25 0
197 1 0
203 145 0
0 41 0
155 202 0
1 185 0
2 83 0
191 11 0
142 188 0
90 201 0
120 14 0
205 204 0
172 187 0
124 205 0
3 110 0
170 194 0
169 6 0
137 6 0
136 5 0
114 184 0
112 17 0
138 12 0
131 3 0
13 4 0
15 5 0
4 7 0
71 1 0
1 84 0
146 0 0
46 0 0
140 188 0
169 21 0
128 7 0
173 6 0
131 4 0
27 204 0
143 197 0
178 3 0
167 199 0
118 12 0
197 17 0
170 22 0
16 201 0
115 9 0
117 17 0
198 13 0
132 201 0
10 8 0
25 13 0
119 199 0
112 188 0
136 199 0
141 204 0
202 44 0
141 205 0
148 202 0
168 180 0
126 204 0
136 196 0
110 192 0
113 197 0
190 2 0
25 200 0
166 198 0
196 197 0
19 198 0
153 8 0
179 197 0
140 205 0
2 109 0
164 187 0
187 12 0
21 204 0
204 112 0
187 193 0
144 196 0
25 205 0
203 149 0
186 6 0
120 204 0
33 0 0
162 11 0
117 11 0
9 202 0
136 204 0
112 12 0
142 9 0
147 198 0
206 34 0
128 201 0
21 193 0
206 9 0
197 16 0
89 198 0
203 198 0
177 183 0
167 192 0
2 180 0
160 1 0
178 200 0
124 203 0
93 5 0
20 197 0
166 189 0
203 23 0
131 21 0
1 192 0
18 205 0
149 195 0
169 179 0
125 205 0
142 205 0
1 194 0
103 204 0
102 201 0
107 204 0
5 139 0
156 199 0
181 196 0
29 201 0
164 25 0
180 196 0
119 203 0
110 191 0
182 22 0
130 8 0
149 201 0
205 123 0
203 161 0
130 4 0
178 189 0
114 1 0
125 204 0
169 196 0
3 8 0
178 195 0
4 22 0
91 200 0
28 2 0
113 18 0
123 203 0
168 193 0
203 47 0
205 166 0
157 185 0
122 198 0
170 28 0
180 25 0
162 23 0
3 205 0
107 203 0
150 12 0
141 202 0
137 196 0
91 197 0
4 140 0
154 202 0
144 14 0
152 200 0
128 196 0
123 183 0
139 13 0
30 202 0
201 153 0
5 14 0
108 204 0
18 9 0
126 198 0
137 199 0
179 5 0
113 202 0
129 3 0
204 42 0
148 11 0
116 189 0
26 205 0
173 25 0
1 167 0
142 200 0
192 202 0
177 25 0
141 191 0
141 8 0
120 184 0
145 12 0
203 181 0
204 195 0
158 4 0
181 6 0
97 198 0
148 9 0
88 200 0
192 205 0
167 8 0
206 76 0
178 190 0
24 9 0
137 19 0
105 201 0
202 191 0
152 7 0
202 182 0
96 199 0
138 189 0
19 5 0
134 17 0
118 14 0
113 2 0
57 3 0
203 205 0
203 108 0
27 6 0
175 192 0
7 206 0
5 9 0
133 17 0
181 11 0
116 195 0
132 198 0
200 12 0
161 16 0
155 1 0
191 1 0
135 203 0
160 4 0
123 193 0
151 20 0
175 1 0
147 203 0
98 195 0
121 201 0
117 190 0
34 205 0
24 5 0
143 9 0
10 4 0
84 204 0
88 203 0
147 16 0
159 22 0
136 203 0
93 202 0
173 199 0
2 176 0
106 9 0
5 5 0
152 2 0
165 205 0
115 195 0
28 199 0
137 21 0
2 136 0
17 1 0
13 7 0
181 185 0
104 3 0
139 205 0
171 22 0
36 3 0
121 196 0
138 20 0
1 8 0
148 6 0
2 80 0
103 191 0
123 13 0
160 198 0
163 197 0
206 197 0
2 82 0
144 198 0
135 199 0
16 4 0
132 1 0
22 201 0
141 201 0
165 16 0
151 14 0
149 2 0
134 200 0
206 30 0
126 195 0
3 141 0
205 127 0
117 183 0
144 12 0
14 203 0
135 197 0
29 1 0
122 188 0
113 185 0
99 196 0
32 7 0
204 35 0
21 194 0
155 8 0
98 203 0
187 16 0
22 203 0
139 3 0
140 3 0
104 201 0
26 3 0
159 16 0
1 135 0
189 9 0
176 20 0
145 7 0
128 190 0
138 7 0
112 203 0
172 197 0
105 200 0
119 19 0
112 11 0
162 197 0
200 17 0
107 192 0
128 2 0
146 8 0
147 197 0
197 197 0
8 9 0
204 184 0
28 0 0
155 203 0
115 1 0
161 1 0
116 10 0
201 182 0
110 205 0
135 19 0
1 1 0
34 1 0
125 200 0
188 194 0
190 12 0
150 8 0
206 38 0
155 6 0
119 206 0
0 177 0
131 7 0
154 201 0
144 5 0
135 200 0
142 7 0
157 204 0
133 205 0
175 203 0
127 196 0
130 204 0
1 137 0
159 6 0
141 18 0
11 12 0
200 20 0
116 196 0
178 193 0
96 204 0
1 139 0
11 203 0
140 19 0
1 153 0
114 205 0
174 198 0
173 20 0
200 44 0
6 6 0
19 2 0
195 202 0
123 1 0
204 102 0
201 135 0
21 1 0
18 199 0
156 15 0
5 144 0
205 85 0
190 3 0
21 3 0
98 199 0
155 4 0
117 7 0
146 195 0
169 188 0
164 185 0
2 14 0
7 200 0
121 205 0
162 5 0
180 186 0
119 4 0
4 197 0
109 189 0
169 198 0
203 7 0
203 129 0
186 194 0
204 110 0
171 10 0
175 196 0
202 106 0
173 188 0
106 11 0
194 5 0
85 205 0
119 6 0
96 202 0
125 12 0
186 200 0
19 10 0
30 4 0
124 7 0
168 200 0
7 7 0
89 196 0
104 205 0
205 15 0
62 2 0
134 19 0
183 183 0
84 201 0
200 143 0
187 196 0
171 6 0
145 191 0
177 16 0
123 2 0
135 20 0
4 147 0
1 143 0
1 5 0
126 9 0
95 203 0
2 142 0
187 6 0
176 17 0
142 23 0
106 202 0
102 204 0
131 10 0
140 9 0
177 20 0
102 205 0
110 184 0
203 9 0
134 201 0
119 13 0
121 187 0
105 7 0
120 186 0
203 45 0
119 193 0
151 198 0
141 193 0
110 202 0
19 201 0
166 200 0
175 195 0
129 191 0
105 5 0
201 140 0
21 202 0
121 179 0
2 145 0
164 195 0
164 196 0
166 23 0
3 184 0
131 6 0
165 196 0
183 205 0
118 191 0
167 197 0
203 103 0
161 12 0
2 179 0
107 9 0
162 17 0
124 191 0
156 204 0
87 200 0
161 10 0
3 137 0
160 10 0
1 51 0
131 204 0
170 23 0
180 7 0
172 190 0
162 6 0
159 9 0
119 198 0
161 5 0
113 186 0
204 14 0
157 9 0
134 3 0
132 13 0
162 3 0
2 46 0
134 193 0
188 5 0
203 135 0
200 6 0
154 15 0
121 17 0
90 200 0
1 179 0
202 104 0
110 185 0
135 4 0
2 2 0
196 202 0
0 150 0
166 187 0
120 196 0
122 1 0
201 5 0
122 3 0
2 6 0
153 11 0
204 186 0
2 5 0
121 1 0
205 115 0
103 203 0
122 14 0
144 16 0
196 11 0
170 203 0
95 7 0
105 203 0
115 180 0
24 199 0
176 190 0
146 203 0
180 202 0
105 189 0
203 109 0
145 15 0
93 195 0
93 194 0
202 12 0
101 205 0
147 19 0
17 9 0
128 203 0
100 199 0
183 191 0
4 108 0
128 204 0
166 7 0
113 204 0
180 13 0
20 203 0
190 204 0
179 24 0
20 4 0
97 2 0
102 197 0
196 201 0
120 182 0
156 10 0
161 8 0
146 6 0
112 4 0
162 8 0
1 200 0
185 1 0
14 8 0
172 205 0
203 159 0
162 7 0
159 184 0
184 201 0
177 187 0
155 11 0
133 16 0
153 200 0
204 158 0
176 194 0
155 12 0
158 201 0
144 194 0
1 53 0
188 16 0
154 12 0
153 12 0
183 10 0
202 22 0
173 187 0
27 11 0
141 187 0
177 18 0
134 21 0
125 187 0
180 19 0
3 147 0
202 10 0
118 18 0
146 192 0
4 4 0
8 6 0
133 12 0
141 190 0
189 7 0
122 2 0
24 12 0
204 162 0
142 8 0
121 2 0
131 14 0
128 12 0
203 13 0
3 182 0
126 6 0
12 13 0
2 181 0
190 190 0
104 204 0
115 4 0
6 115 0
129 11 0
194 198 0
203 138 0
186 7 0
134 10 0
106 201 0
127 11 0
108 201 0
202 141 0
198 12 0
109 186 0
129 205 0
113 189 0
111 205 0
93 196 0
174 19 0
100 200 0
171 196 0
137 203 0
145 204 0
129 203 0
94 196 0
129 204 0
183 8 0
164 1 0
103 193 0
135 17 0
114 201 0
168 205 0
140 203 0
114 190 0
103 10 0
156 7 0
176 184 0
127 204 0
177 184 0
177 185 0
182 20 0
26 201 0
125 15 0
197 202 0
201 201 0
158 9 0
156 12 0
156 14 0
104 199 0
155 14 0
111 5 0
156 186 0
168 190 0
124 186 0
201 23 0
2 146 0
205 49 0
2 24 0
172 12 0
4 153 0
3 23 0
86 204 0
186 205 0
177 200 0
147 194 0
15 202 0
101 8 0
61 4 0
122 184 0
121 3 0
163 202 0
196 196 0
133 2 0
9 5 0
181 15 0
114 14 0
127 17 0
11 3 0
2 148 0
127 6 0
99 205 0
128 6 0
12 5 0
203 8 0
106 200 0
132 16 0
173 0 0
1 173 0
125 5 0
129 13 0
108 202 0
3 83 0
122 187 0
105 202 0
111 196 0
12 15 0
148 193 0
199 15 0
178 15 0
193 10 0
101 203 0
112 194 0
3 136 0
123 196 0
175 4 0
18 202 0
1 118 0
153 18 0
160 201 0
139 8 0
174 195 0
145 193 0
19 203 0
177 197 0
178 184 0
119 191 0
178 185 0
178 186 0
201 16 0
158 8 0
120 18 0
205 101 0
27 7 0
174 194 0
138 194 0
145 19 0
158 21 0
155 15 0
132 15 0
104 7 0
2 157 0
104 4 0
180 5 0
174 28 0
107 200 0
108 200 0
1 25 0
1 15 0
202 47 0
164 4 0
15 7 0
164 3 0
14 4 0
3 107 0
122 205 0
201 21 0
9 201 0
29 5 0
3 26 0
119 2 0
163 2 0
198 143 0
0 140 0
203 188 0
149 9 0
93 201 0
23 196 0
164 177 0
96 203 0
167 2 0
13 1 0
204 8 0
99 194 0
100 191 0
113 13 0
205 151 0
144 190 0
185 203 0
0 79 0
201 204 0
12 2 0
202 149 0
198 0 0
165 184 0
145 194 0
120 1 0
122 15 0
205 145 0
125 7 0
130 12 0
121 15 0
171 14 0
154 8 0
136 6 0
186 193 0
127 10 0
127 9 0
193 196 0
111 200 0
127 189 0
89 1 0
160 196 0
18 10 0
109 200 0
6 140 0
148 201 0
147 200 0
114 198 0
132 7 0
16 205 0
187 195 0
116 199 0
116 6 0
205 113 0
28 204 0
193 198 0
188 199 0
144 197 0
108 196 0
181 10 0
25 7 0
175 186 0
147 4 0
179 184 0
182 187 0
182 9 0
182 188 0
19 11 0
197 4 0
175 13 0
156 16 0
166 3 0
114 2 0
164 5 0
131 8 0
200 22 0
202 16 0
155 18 0
202 18 0
186 195 0
205 143 0
125 198 0
204 144 0
202 189 0
178 26 0
3 115 0
205 163 0
198 4 0
1 117 0
175 18 0
5 140 0
180 22 0
14 6 0
162 12 0
101 192 0
8 139 0
134 4 0
3 3 0
166 186 0
109 195 0
0 13 0
3 109 0
201 144 0
149 20 0
4 151 0
125 8 0
109 7 0
204 24 0
141 20 0
146 11 0
116 16 0
146 10 0
118 203 0
154 196 0
12 4 0
163 26 0
160 9 0
167 14 0
1 154 0
145 10 0
15 204 0
204 132 0
145 9 0
184 9 0
98 10 0
112 199 0
110 201 0
2 185 0
111 201 0
172 189 0
135 5 0
19 12 0
109 199 0
197 11 0
116 184 0
124 6 0
190 206 0
1 79 0
119 186 0
1 18 0
2 132 0
172 9 0
186 197 0
205 186 0
112 8 0
28 202 0
179 14 0
130 6 0
185 204 0
185 202 0
1 161 0
184 202 0
6 111 0
168 12 0
4 49 0
184 203 0
161 4 0
162 4 0
165 1 0
180 2 0
4 5 0
192 1 0
133 201 0
161 202 0
87 201 0
198 19 0
160 11 0
172 185 0
160 23 0
203 17 0
101 190 0
172 21 0
166 202 0
204 3 0
6 112 0
4 149 0
121 9 0
120 3 0
36 2 0
4 204 0
127 199 0
19 197 0
101 6 0
132 194 0
2 84 0
124 9 0
185 188 0
124 12 0
119 194 0
98 8 0
169 201 0
141 9 0
115 15 0
3 155 0
11 4 0
118 1 0
61 3 0
110 6 0
201 142 0
120 4 0
204 2 0
173 24 0
121 190 0
123 181 0
5 151 0
8 138 0
177 189 0
105 199 0
202 202 0
100 11 0
116 194 0
105 198 0
203 83 0
176 185 0
104 202 0
139 188 0
111 199 0
117 196 0
108 198 0
123 186 0
204 204 0
11 10 0
187 194 0
188 204 0
117 198 0
128 16 0
118 197 0
106 6 0
166 11 0
115 8 0
2 178 0
173 204 0
131 193 0
188 202 0
169 194 0
27 201 0
204 202 0
188 201 0
23 1 0
1 52 0
183 202 0
10 5 0
180 190 0
3 148 0
137 195 0
128 11 0
169 1 0
2 34 0
203 180 0
4 20 0
180 201 0
206 82 0
135 12 0
168 1 0
2 156 0
115 18 0
108 8 0
90 199 0
115 200 0
165 5 0
181 2 0
184 19 0
170 11 0
149 200 0
4 47 0
5 201 0
178 1 0
103 196 0
177 1 0
120 199 0
172 3 0
205 51 0
202 25 0
1 81 0
200 19 0
182 2 0
1 204 0
201 190 0
189 197 0
190 6 0
24 6 0
91 199 0
118 188 0
176 196 0
2 108 0
119 14 0
104 8 0
20 8 0
116 179 0
123 184 0
137 7 0
106 189 0
160 16 0
170 204 0
116 183 0
118 179 0
119 15 0
138 22 0
2 25 0
133 3 0
163 187 0
6 19 0
134 15 0
116 4 0
175 23 0
117 18 0
162 184 0
127 8 0
195 200 0
128 9 0
101 3 0
114 17 0
134 13 0
104 198 0
161 201 0
206 16 0
135 8 0
136 191 0
96 6 0
180 9 0
104 200 0
130 2 0
183 184 0
165 197 0
107 197 0
107 198 0
183 187 0
126 191 0
9 13 0
118 182 0
111 197 0
187 199 0
2 79 0
189 203 0
22 194 0
188 200 0
104 6 0
183 200 0
1 202 0
22 4 0
205 121 0
36 0 0
24 203 0
180 189 0
5 115 0
157 201 0
183 201 0
202 112 0
169 195 0
140 13 0
168 2 0
143 189 0
166 4 0
157 13 0
158 11 0
124 15 0
26 12 0
85 200 0
88 202 0
182 21 0
191 2 0
5 10 0
179 2 0
166 1 0
170 26 0
126 190 0
164 11 0
4 17 0
108 188 0
176 192 0
112 202 0
142 203 0
199 18 0
199 17 0
146 201 0
101 5 0
169 22 0
205 157 0
186 187 0
170 201 0
153 16 0
103 205 0
161 11 0
126 5 0
205 28 0
140 190 0
170 16 0
204 25 0
168 21 0
118 181 0
115 10 0
118 206 0
178 199 0
182 17 0
113 3 0
203 192 0
205 141 0
1 121 0
175 202 0
35 3 0
17 199 0
9 11 0
185 8 0
181 12 0
198 198 0
5 108 0
110 189 0
3 4 0
102 189 0
167 23 0
104 197 0
13 2 0
167 193 0
144 189 0
129 9 0
129 8 0
121 4 0
1 9 0
137 22 0
3 154 0
9 18 0
133 10 0
30 1 0
3 152 0
138 8 0
137 14 0
91 3 0
175 2 0
138 14 0
119 182 0
191 195 0
136 13 0
125 190 0
21 195 0
96 8 0
127 202 0
106 199 0
125 191 0
195 9 0
108 197 0
117 197 0
89 201 0
182 195 0
187 205 0
170 30 0
197 205 0
182 197 0
191 196 0
27 205 0
147 202 0
112 204 0
28 10 0
203 196 0
181 184 0
22 6 0
166 9 0
182 200 0
4 118 0
169 197 0
169 192 0
168 194 0
115 16 0
2 33 0
17 10 0
158 15 0
174 181 0
99 5 0
112 187 0
1 203 0
113 201 0
146 199 0
144 10 0
165 6 0
3 46 0
159 15 0
170 184 0
158 12 0
143 198 0
95 202 0
162 13 0
180 195 0
0 156 0
166 193 0
179 21 0
165 27 0
203 110 0
122 6 0
0 106 0
140 192 0
1 85 0
204 156 0
191 8 0
177 21 0
176 21 0
170 5 0
189 201 0
189 4 0
170 177 0
182 11 0
94 202 0
200 199 0
205 203 0
205 1 0
165 202 0
206 137 0
137 17 0
183 204 0
124 196 0
7 112 0
171 202 0
132 199 0
16 200 0
192 204 0
103 201 0
21 201 0
201 105 0
139 9 0
157 20 0
114 191 0
9 16 0
7 14 0
108 10 0
144 193 0
113 0 0
166 192 0
203 107 0
16 1 0
109 192 0
205 114 0
20 196 0
15 1 0
7 140 0
199 16 0
138 15 0
118 196 0
120 15 0
144 205 0
178 206 0
141 184 0
201 148 0
106 197 0
108 194 0
109 14 0
108 195 0
189 5 0
171 4 0
203 139 0
122 191 0
102 2 0
152 199 0
183 196 0
180 199 0
24 198 0
4 116 0
22 2 0
194 201 0
163 22 0
106 206 0
20 204 0
143 205 0
176 201 0
175 190 0
174 8 0
4 178 0
139 203 0
173 5 0
92 199 0
160 14 0
158 14 0
163 10 0
176 22 0
178 20 0
200 21 0
171 23 0
128 200 0
60 3 0
5 143 0
201 18 0
0 112 0
175 187 0
107 190 0
162 25 0
3 156 0
179 183 0
157 11 0
92 200 0
23 5 0
4 109 0
172 22 0
193 201 0
163 200 0
184 200 0
15 201 0
19 7 0
23 195 0
137 190 0
12 8 0
179 187 0
153 0 0
132 2 0
14 1 0
107 12 0
140 12 0
0 18 0
129 10 0
123 8 0
155 196 0
204 147 0
124 187 0
162 194 0
15 205 0
109 193 0
109 11 0
200 16 0
154 17 0
2 173 0
142 12 0
201 6 0
166 179 0
123 187 0
100 202 0
106 196 0
107 196 0
203 4 0
161 204 0
121 188 0
3 50 0
2 134 0
123 188 0
101 9 0
124 192 0
145 17 0
123 189 0
177 3 0
1 43 0
205 7 0
2 143 0
4 136 0
87 203 0
109 197 0
150 199 0
132 10 0
180 10 0
110 194 0
151 10 0
173 185 0
205 152 0
179 198 0
181 199 0
134 202 0
185 200 0
176 187 0
98 1 0
4 9 0
176 188 0
138 197 0
5 138 0
202 110 0
176 189 0
20 202 0
205 26 0
190 205 0
189 205 0
200 2 0
174 4 0
204 45 0
28 6 0
6 12 0
159 204 0
181 202 0
172 10 0
176 23 0
131 1 0
158 202 0
195 13 0
168 7 0
114 15 0
177 22 0
57 2 0
201 22 0
30 8 0
182 15 0
179 15 0
4 18 0
202 145 0
178 181 0
101 204 0
3 123 0
8 7 0
3 144 0
184 205 0
22 10 0
163 194 0
4 12 0
175 8 0
185 186 0
18 198 0
172 28 0
124 185 0
153 199 0
123 191 0
203 24 0
4 137 0
22 200 0
97 7 0
199 198 0
5 135 0
141 12 0
140 10 0
204 203 0
148 19 0
203 150 0
122 8 0
103 200 0
26 200 0
144 13 0
130 9 0
133 11 0
9 6 0
132 11 0
4 16 0
108 193 0
138 188 0
124 201 0
110 197 0
107 195 0
110 198 0
109 198 0
199 145 0
172 196 0
159 198 0
5 141 0
170 182 0
175 19 0
101 198 0
181 197 0
142 194 0
170 10 0
185 199 0
165 7 0
186 199 0
177 188 0
122 204 0
26 8 0
112 13 0
181 21 0
169 184 0
184 193 0
161 24 0
191 204 0
193 6 0
200 142 0
103 3 0
148 200 0
191 205 0
175 3 0
6 202 0
139 10 0
181 13 0
183 195 0
203 203 0
173 2 0
176 2 0
2 26 0
164 19 0
1 26 0
63 1 0
87 198 0
4 144 0
205 165 0
140 186 0
152 15 0
203 204 0
165 8 0
182 203 0
175 189 0
183 199 0
6 21 0
201 10 0
205 50 0
181 198 0
133 194 0
4 141 0
196 195 0
197 195 0
21 2 0
121 18 0
14 202 0
172 191 0
132 3 0
132 12 0
143 14 0
117 12 0
166 205 0
141 198 0
156 4 0
201 134 0
202 197 0
118 19 0
133 21 0
188 196 0
152 196 0
155 3 0
98 202 0
132 196 0
4 142 0
109 194 0
119 188 0
98 205 0
204 26 0
151 197 0
110 193 0
186 198 0
113 205 0
14 204 0
23 199 0
114 193 0
185 201 0
179 193 0
25 8 0
197 143 0
182 199 0
1 105 0
204 185 0
185 193 0
193 205 0
177 2 0
94 201 0
204 175 0
8 111 0
194 3 0
201 146 0
159 203 0
202 205 0
180 14 0
143 11 0
1 119 0
60 4 0
52 205 0
202 146 0
156 19 0
199 6 0
116 187 0
140 187 0
177 10 0
182 12 0
181 195 0
114 18 0
109 191 0
110 200 0
131 11 0
131 9 0
168 25 0
2 204 0
122 4 0
163 12 0
203 48 0
7 201 0
124 14 0
138 9 0
91 1 0
123 201 0
105 193 0
130 200 0
159 4 0
2 154 0
111 192 0
202 14 0
58 5 0
2 144 0
146 202 0
165 10 0
13 203 0
0 111 0
200 105 0
185 198 0
119 180 0
198 202 0
123 202 0
115 199 0
133 23 0
3 24 0
203 46 0
198 15 0
120 203 0
122 182 0
149 10 0
186 196 0
121 16 0
29 203 0
101 1 0
185 196 0
186 192 0
101 197 0
160 204 0
194 204 0
200 190 0
206 166 0
176 1 0
193 204 0
181 193 0
190 8 0
187 192 0
205 174 0
3 146 0
170 24 0
137 25 0
120 179 0
5 6 0
142 191 0
38 205 0
172 200 0
91 195 0
179 200 0
205 41 0
102 8 0
5 12 0
106 198 0
16 199 0
95 197 0
130 191 0
2 118 0
190 4 0
126 14 0
120 19 0
205 187 0
191 201 0
131 13 0
131 201 0
143 4 0
204 114 0
130 1 0
6 113 0
145 190 0
198 197 0
130 3 0
101 199 0
2 135 0
107 7 0
205 36 0
120 198 0
101 200 0
21 9 0
150 198 0
138 198 0
127 200 0
173 21 0
112 5 0
117 178 0
131 202 0
184 196 0
186 191 0
25 199 0
185 191 0
170 190 0
95 6 0
185 192 0
181 189 0
198 5 0
205 17 0
2 192 0
184 191 0
201 43 0
157 4 0
128 205 0
104 5 0
3 145 0
5 22 0
101 194 0
183 194 0
16 9 0
112 10 0
167 198 0
102 6 0
196 1 0
173 1 0
192 2 0
192 201 0
175 198 0
193 2 0
174 20 0
191 3 0
196 10 0
179 188 0
120 192 0
116 178 0
164 22 0
174 203 0
14 205 0
16 8 0
202 5 0
201 44 0
205 16 0
54 1 0
132 193 0
199 13 0
137 13 0
136 12 0
37 2 0
102 3 0
121 5 0
188 198 0
116 11 0
114 183 0
135 11 0
3 176 0
181 201 0
131 200 0
200 7 0
114 185 0
171 13 0
129 199 0
116 198 0
168 11 0
4 177 0
19 202 0
186 190 0
181 190 0
6 109 0
205 82 0
176 193 0
182 191 0
183 20 0
193 203 0
159 18 0
1 195 0
178 198 0
12 203 0
203 81 0
23 6 0
166 197 0
160 12 0
85 201 0
1 104 0
9 9 0
4 23 0
200 141 0
203 148 0
170 189 0
194 2 0
3 108 0
188 6 0
91 198 0
3 80 0
1 196 0
143 192 0
13 202 0
129 190 0
1 134 0
141 186 0
136 7 0
119 20 0
136 14 0
30 203 0
133 9 0
135 13 0
136 15 0
5 109 0
134 11 0
172 6 0
134 7 0
165 188 0
115 185 0
204 152 0
204 140 0
113 14 0
145 203 0
26 198 0
158 200 0
167 184 0
111 203 0
205 128 0
154 200 0
188 8 0
27 200 0
5 200 0
144 195 0
202 111 0
20 3 0
160 203 0
2 195 0
166 196 0
142 11 0
159 12 0
184 15 0
7 8 0
163 203 0
167 204 0
187 204 0
191 9 0
183 15 0
172 26 0
147 5 0
146 191 0
106 12 0
183 11 0
199 144 0
177 17 0
169 8 0
193 1 0
160 197 0
151 2 0
2 122 0
173 203 0
2 190 0
179 23 0
202 103 0
149 194 0
199 7 0
97 199 0
140 189 0
204 113 0
205 100 0
110 199 0
204 139 0
29 204 0
204 151 0
119 197 0
135 6 0
143 10 0
117 187 0
114 200 0
142 10 0
171 25 0
11 16 0
1 35 0
118 192 0
128 17 0
118 195 0
149 5 0
174 187 0
202 199 0
33 203 0
113 200 0
123 6 0
181 191 0
181 192 0
22 5 0
176 183 0
204 16 0
173 194 0
33 4 0
156 205 0
161 205 0
167 26 0
162 202 0
162 203 0
143 15 0
162 204 0
204 49 0
204 199 0
84 205 0
200 18 0
168 22 0
118 178 0
1 205 0
180 200 0
203 5 0
8 141 0
139 199 0
135 192 0
86 203 0
204 15 0
99 200 0
201 106 0
11 14 0
136 20 0
141 10 0
138 24 0
175 7 0
144 9 0
115 2 0
143 12 0
7 18 0
128 198 0
186 202 0
205 202 0
118 189 0
18 203 0
155 204 0
202 82 0
161 199 0
140 199 0
137 0 0
170 200 0
29 6 0
195 3 0
177 27 0
172 204 0
4 115 0
186 13 0
82 204 0
1 180 0
181 14 0
186 8 0
187 7 0
176 18 0
176 27 0
104 189 0
138 10 0
122 190 0
132 17 0
137 9 0
159 0 0
96 198 0
117 188 0
101 7 0
120 190 0
174 9 0
97 9 0
1 38 0
180 197 0
166 183 0
3 153 0
3 178 0
117 189 0
114 182 0
116 191 0
197 14 0
120 197 0
159 205 0
158 203 0
177 191 0
30 5 0
178 192 0
35 4 0
203 15 0
148 198 0
162 198 0
176 198 0
160 19 0
174 2 0
168 24 0
178 19 0
99 204 0
119 181 0
175 20 0
191 198 0
109 201 0
149 199 0
169 23 0
175 201 0
168 26 0
178 25 0
203 14 0
204 4 0
2 153 0
103 188 0
203 114 0
3 9 0
137 8 0
137 12 0
137 198 0
144 204 0
160 5 0
196 5 0
118 190 0
194 8 0
97 8 0
118 187 0
119 192 0
11 15 0
117 182 0
166 10 0
1 112 0
205 146 0
161 200 0
20 205 0
28 7 0
158 205 0
115 184 0
174 193 0
11 9 0
157 203 0
147 9 0
105 205 0
21 4 0
175 193 0
177 194 0
203 173 0
113 4 0
172 195 0
168 8 0
126 205 0
10 10 0
171 5 0
177 26 0
178 18 0
175 199 0
167 22 0
178 16 0
110 7 0
185 9 0
184 187 0
205 116 0
99 9 0
24 195 0
142 5 0
176 200 0
156 20 0
8 17 0
145 196 0
134 14 0
5 46 0
2 9 0
142 190 0
131 192 0
10 15 0
113 19 0
177 6 0
125 0 0
136 8 0
107 14 0
163 23 0
157 12 0
115 182 0
201 197 0
11 11 0
120 189 0
112 192 0
115 183 0
118 183 0
12 3 0
28 205 0
184 10 0
178 191 0
195 1 0
143 194 0
6 114 0
4 199 0
23 12 0
173 200 0
170 198 0
142 199 0
171 201 0
171 7 0
174 202 0
5 11 0
174 200 0
179 17 0
1 174 0
2 81 0
5 149 0
3 199 0
202 6 0
112 201 0
5 114 0
2 147 0
205 140 0
135 7 0
160 6 0
1 7 0
178 187 0
119 183 0
186 186 0
119 184 0
100 203 0
159 23 0
169 186 0
1 2 0
119 185 0
97 203 0
179 191 0
180 191 0
25 198 0
170 192 0
165 183 0
165 177 0
171 192 0
172 192 0
169 24 0
22 1 0
141 200 0
176 191 0
1 125 0
170 193 0
2 175 0
115 198 0
15 200 0
111 6 0
115 192 0
172 194 0
122 17 0
179 25 0
174 186 0
172 201 0
172 202 0
199 143 0
174 190 0
139 21 0
176 19 0
117 193 0
104 11 0
186 9 0
20 10 0
195 198 0
3 142 0
87 199 0
4 13 0
139 187 0
195 196 0
198 17 0
121 189 0
111 12 0
136 10 0
103 4 0
192 6 0
196 13 0
121 191 0
8 20 0
0 185 0
120 185 0
120 188 0
189 8 0
97 202 0
157 21 0
173 191 0
116 197 0
169 29 0
137 193 0
19 204 0
183 188 0
166 29 0
13 15 0
169 193 0
170 188 0
99 6 0
109 8 0
176 28 0
30 9 0
2 51 0
98 197 0
126 0 0
174 188 0
184 189 0
173 22 0
140 1 0
183 189 0
202 204 0
136 197 0
200 137 0
200 11 0
3 116 0
4 198 0
102 198 0
5 150 0
102 200 0
164 198 0
3 197 0
178 5 0
109 15 0
23 194 0
118 193 0
152 198 0
110 203 0
173 190 0
13 204 0
24 7 0
2 196 0
7 113 0
125 201 0
169 189 0
112 190 0
199 138 0
162 199 0
171 189 0
162 14 0
92 198 0
205 30 0
202 206 0
180 15 0
116 17 0
111 191 0
3 175 0
148 13 0
155 16 0
171 28 0
151 15 0
2 200 0
1 160 0
165 26 0
198 6 0
205 120 0
100 195 0
17 6 0
134 192 0
173 14 0
164 23 0
201 205 0
1 144 0
102 202 0
103 197 0
122 183 0
164 21 0
180 20 0
94 1 0
185 185 0
117 191 0
123 3 0
118 194 0
173 196 0
181 9 0
168 13 0
27 8 0
168 185 0
121 182 0
155 201 0
118 13 0
173 197 0
197 204 0
20 201 0
204 30 0
108 199 0
170 196 0
174 199 0
173 198 0
154 19 0
8 112 0
22 199 0
171 199 0
180 185 0
137 23 0
154 7 0
113 183 0
171 200 0
139 198 0
141 189 0
192 12 0
189 198 0
188 197 0
164 12 0
180 16 0
189 202 0
182 202 0
201 145 0
206 146 0
205 201 0
193 3 0
202 13 0
3 118 0
113 184 0
129 200 0
151 196 0
161 13 0
123 180 0
124 183 0
2 3 0
136 11 0
105 6 0
182 184 0
111 190 0
172 186 0
12 14 0
102 188 0
190 189 0
174 197 0
137 194 0
26 9 0
171 198 0
190 193 0
190 194 0
180 11 0
190 195 0
181 186 0
109 204 0
179 185 0
181 194 0
203 195 0
191 202 0
105 194 0
171 205 0
103 192 0
155 19 0
165 201 0
204 36 0
133 193 0
134 195 0
115 17 0
116 193 0
93 200 0
194 195 0
191 12 0
112 189 0
147 201 0
0 122 0
145 202 0
204 200 0
111 188 0
8 200 0
189 190 0
202 183 0
189 191 0
140 191 0
189 194 0
189 195 0
101 2 0
182 13 0
168 3 0
158 16 0
189 196 0
192 199 0
192 198 0
205 44 0
169 203 0
167 188 0
169 204 0
183 16 0
5 20 0
198 203 0
198 18 0
199 203 0
192 5 0
179 199 0
170 205 0
10 6 0
203 80 0
162 24 0
201 14 0
201 7 0
92 194 0
183 192 0
34 5 0
26 197 0
152 16 0
112 18 0
138 0 0
113 188 0
173 189 0
138 196 0
137 11 0
1 145 0
30 205 0
150 195 0
163 14 0
178 6 0
111 189 0
10 16 0
161 7 0
153 198 0
138 199 0
202 23 0
190 191 0
138 193 0
107 201 0
188 192 0
149 193 0
182 198 0
168 198 0
144 203 0
2 106 0
2 103 0
192 196 0
192 197 0
168 201 0
193 199 0
168 202 0
195 199 0
194 199 0
140 5 0
153 17 0
2 15 0
200 144 0
200 8 0
159 191 0
2 107 0
1 146 0
202 181 0
194 9 0
136 190 0
85 204 0
139 197 0
6 137 0
3 14 0
113 193 0
12 12 0
160 186 0
142 193 0
173 3 0
114 199 0
188 191 0
107 11 0
128 10 0
167 196 0
23 198 0
192 7 0
170 197 0
168 196 0
167 205 0
202 148 0
169 199 0
195 10 0
169 200 0
167 203 0
106 7 0
1 16 0
167 200 0
185 205 0
168 203 0
88 201 0
132 19 0
193 195 0
28 201 0
159 201 0
193 197 0
196 199 0
199 20 0
90 3 0
172 29 0
126 12 0
2 43 0
31 8 0
152 195 0
152 197 0
202 8 0
112 193 0
183 203 0
164 205 0
167 195 0
204 146 0
165 204 0
2 45 0
163 205 0
177 192 0
166 204 0
162 19 0
168 14 0
203 113 0
169 205 0
101 193 0
164 2 0
107 8 0
192 193 0
1 182 0
192 3 0
142 198 0
181 22 0
202 198 0
89 197 0
182 193 0
203 6 0
202 34 0
1 189 0
203 112 0
21 10 0
127 188 0
5 203 0
115 191 0
114 192 0
204 77 0
155 200 0
165 191 0
164 204 0
204 157 0
123 199 0
133 18 0
122 199 0
25 196 0
179 189 0
202 150 0
118 20 0
166 201 0
176 8 0
166 203 0
176 7 0
190 199 0
176 6 0
99 195 0
175 28 0
176 4 0
83 202 0
189 6 0
202 17 0
179 195 0
148 192 0
129 197 0
107 199 0
193 4 0
184 204 0
200 45 0
179 16 0
202 196 0
83 203 0
194 10 0
173 9 0
198 7 0
158 22 0
203 31 0
13 205 0
5 110 0
163 185 0
20 9 0
135 196 0
104 203 0
149 198 0
116 192 0
22 193 0
204 84 0
127 4 0
92 4 0
154 199 0
122 197 0
145 195 0
174 6 0
187 191 0
163 201 0
120 181 0
96 3 0
177 199 0
165 198 0
145 6 0
6 150 0
164 202 0
165 200 0
179 4 0
180 4 0
114 3 0
178 4 0
147 193 0
1 106 0
108 187 0
177 4 0
191 4 0
143 21 0
187 8 0
115 179 0
201 46 0
100 10 0
24 197 0
202 137 0
164 197 0
154 13 0
111 202 0
110 204 0
121 180 0
181 5 0
201 12 0
164 200 0
139 192 0
20 2 0
205 106 0
177 5 0
191 6 0
190 7 0
203 200 0
185 10 0
146 194 0
203 199 0
13 8 0
178 17 0
199 8 0
171 197 0
201 141 0
92 3 0
168 192 0
190 200 0
137 189 0
119 195 0
167 12 0
122 194 0
6 7 0
163 199 0
192 195 0
166 199 0
102 194 0
29 7 0
180 6 0
180 3 0
168 9 0
98 9 0
102 196 0
170 8 0
100 1 0
193 9 0
169 9 0
169 7 0
131 2 0
202 43 0
125 1 0
154 18 0
1 201 0
193 8 0
202 32 0
2 117 0
202 140 0
9 17 0
17 198 0
139 200 0
119 196 0
115 188 0
11 5 0
114 188 0
169 25 0
120 195 0
169 14 0
161 186 0
204 177 0
194 13 0
93 199 0
194 12 0
171 11 0
1 32 0
107 13 0
171 9 0
6 20 0
172 7 0
135 10 0
10 11 0
157 199 0
1 193 0
5 48 0
170 6 0
143 201 0
143 202 0
143 203 0
142 202 0
204 41 0
18 197 0
145 21 0
126 201 0
133 4 0
171 15 0
109 203 0
170 15 0
145 2 0
203 25 0
21 200 0
171 193 0
172 184 0
169 15 0
84 202 0
7 19 0
168 15 0
106 204 0
24 8 0
170 12 0
206 41 0
146 190 0
29 202 0
171 12 0
89 200 0
108 9 0
172 8 0
125 199 0
171 8 0
111 186 0
170 7 0
172 5 0
181 16 0
202 9 0
142 201 0
81 205 0
170 17 0
141 192 0
199 14 0
200 9 0
33 6 0
163 193 0
135 195 0
163 15 0
172 180 0
173 202 0
206 86 0
195 11 0
172 23 0
167 13 0
5 17 0
166 17 0
112 205 0
163 13 0
96 7 0
111 204 0
201 9 0
3 25 0
181 17 0
179 192 0
188 11 0
172 4 0
194 1 0
22 206 0
206 88 0
0 88 0
206 136 0
58 0 0
0 155 0
206 60 0
206 138 0
65 0 0
0 139 0
206 156 0
0 141 0
64 0 0
27 206 0
26 206 0
206 157 0
206 65 0
206 93 0
0 93 0
0 158 0
48 0 0
33 206 0
0 157 0
63 0 0
73 0 0
206 143 0
0 142 0
69 0 0
0 87 0
0 136 0
0 137 0
25 206 0
206 85 0
206 28 0
206 141 0
62 0 0
0 86 0
0 27 0
0 145 0
0 143 0
0 85 0
206 134 0
206 164 0
0 71 0
206 71 0
14 0 0
0 3 0
0 164 0
206 161 0
206 70 0
206 1 0
0 163 0
0 165 0
0 78 0
206 83 0
206 87 0
205 0 0
0 166 0
0 77 0
0 83 0
0 32 0
0 161 0
206 91 0
0 84 0
0 90 0
0 2 0
11 0 0
206 159 0
0 82 0
206 81 0
206 80 0
18 0 0
206 158 0
0 54 0
206 147 0
0 151 0
206 53 0
34 0 0
206 78 0
0 30 0
206 150 0
206 48 0
37 0 0
206 39 0
0 37 0
206 37 0
206 151 0
0 53 0
0 47 0
35 0 0
0 36 0
0 33 0
0 153 0
0 146 0
0 46 0
206 152 0
0 52 0
206 27 0
0 26 0
206 12 0
0 11 0
0 147 0
206 145 0
42 0 0
206 52 0
0 51 0
0 24 0
206 13 0
206 14 0
0 20 0
0 148 0
41 0 0
0 65 0
206 51 0
206 50 0
0 14 0
17 0 0
0 15 0
0 16 0
202 0 0
29 206 0
109 206 0
28 206 0
0 101 0
0 73 0
206 184 0
206 92 0
90 0 0
107 0 0
37 206 0
206 24 0
0 9 0
206 127 0
60 206 0
133 0 0
76 0 0
148 0 0
13 0 0
167 0 0
206 108 0
34 206 0
206 163 0
13 206 0
5 0 0
40 206 0
206 117 0
31 0 0
132 206 0
206 107 0
206 113 0
206 90 0
0 159 0
171 0 0
206 181 0
199 0 0
206 95 0
44 0 0
201 0 0
206 18 0
16 206 0
0 61 0
109 0 0
206 10 0
74 0 0
206 99 0
24 206 0
19 206 0
53 0 0
0 172 0
160 206 0
0 95 0
157 0 0
74 206 0
206 118 0
102 0 0
169 0 0
206 2 0
206 144 0
183 0 0
85 0 0
49 206 0
161 0 0
206 19 0
206 115 0
206 188 0
0 60 0
24 0 0
193 206 0
206 36 0
40 0 0
206 32 0
131 0 0
200 206 0
206 176 0
188 206 0
39 206 0
206 54 0
59 206 0
0 138 0
0 72 0
79 0 0
0 50 0
173 206 0
0 184 0
32 0 0
0 44 0
190 0 0
0 49 0
0 171 0
152 0 0
119 0 0
0 39 0
206 172 0
175 0 0
206 148 0
78 0 0
30 0 0
0 89 0
56 206 0
142 0 0
199 206 0
76 206 0
0 193 0
0 180 0
125 206 0
0 162 0
206 125 0
0 107 0
194 0 0
163 0 0
206 26 0
64 206 0
187 206 0
77 0 0
118 0 0
192 0 0
55 206 0
0 81 0
10 0 0
131 206 0
156 0 0
206 124 0
0 23 0
206 102 0
206 77 0
206 75 0
206 177 0
206 43 0
138 206 0
0 6 0
206 170 0
44 206 0
206 120 0
191 0 0
8 0 0
206 193 0
136 206 0
206 62 0
206 58 0
0 126 0
51 0 0
206 185 0
78 206 0
107 206 0
0 19 0
0 130 0
35 206 0
0 64 0
206 195 0
165 206 0
0 8 0
206 23 0
206 49 0
206 89 0
0 121 0
21 0 0
65 206 0
206 106 0
206 94 0
81 0 0
206 167 0
189 0 0
0 4 0
1 206 0
2 0 0
0 76 0
206 104 0
150 0 0
0 45 0
61 206 0
206 22 0
164 206 0
206 139 0
86 0 0
0 96 0
0 118 0
0 168 0
47 206 0
181 206 0
61 0 0
165 0 0
206 103 0
0 104 0
66 206 0
60 0 0
0 133 0
206 187 0
18 206 0
193 0 0
103 206 0
204 0 0
206 121 0
154 0 0
116 0 0
82 206 0
206 98 0
120 0 0
111 0 0
0 154 0
151 0 0
206 126 0
67 206 0
206 101 0
117 0 0
12 0 0
38 0 0
39 0 0
0 203 0
0 127 0
0 99 0
72 206 0
192 206 0
5 206 0
0 174 0
57 0 0
135 206 0
142 206 0
127 0 0
144 0 0
128 0 0
206 111 0
206 84 0
46 206 0
73 206 0
114 0 0
0 186 0
23 0 0
0 7 0
2 206 0
149 206 0
206 155 0
93 206 0
48 206 0
54 206 0
206 96 0
185 0 0
58 206 0
20 206 0
206 110 0
91 0 0
0 205 0
30 206 0
156 206 0
206 105 0
79 206 0
124 0 0
0 70 0
0 117 0
206 128 0
130 0 0
206 46 0
145 0 0
0 98 0
206 73 0
206 116 0
206 15 0
122 0 0
140 0 0
206 35 0
206 74 0
110 206 0
135 0 0
0 189 0
0 129 0
206 42 0
206 119 0
206 114 0
87 0 0
206 64 0
111 206 0
0 35 0
206 66 0
120 206 0
99 0 0
0 188 0
195 0 0
189 206 0
95 206 0
206 8 0
0 80 0
84 0 0
101 0 0
83 0 0
137 206 0
117 206 0
77 206 0
0 103 0
105 0 0
0 59 0
0 131 0
85 206 0
95 0 0
62 206 0
174 206 0
105 206 0
103 0 0
206 131 0
206 175 0
0 29 0
0 170 0
0 66 0
0 22 0
0 43 0
0 10 0
206 31 0
80 0 0
198 206 0
0 120 0
104 0 0
0 69 0
154 206 0
104 206 0
0 132 0
96 206 0
16 0 0
0 198 0
0 57 0
0 100 0
179 0 0
0 28 0
121 0 0
0 183 0
183 206 0
197 0 0
206 72 0
206 44 0
3 206 0
97 0 0
0 38 0
83 206 0
92 0 0
106 0 0
188 0 0
140 206 0
102 206 0
68 206 0
196 0 0
206 165 0
175 206 0
206 142 0
90 206 0
72 0 0
186 206 0
0 31 0
161 206 0
93 0 0
94 206 0
75 0 0
162 0 0
206 154 0
29 0 0
52 206 0
0 5 0
0 119 0
17 206 0
68 0 0
182 0 0
0 67 0
206 174 0
167 206 0
75 206 0
114 206 0
185 206 0
0 182 0
182 206 0
56 0 0
206 67 0
15 0 0
94 0 0
0 75 0
0 102 0
0 108 0
124 206 0
51 206 0
206 109 0
153 206 0
0 178 0
144 206 0
184 206 0
147 206 0
55 0 0
50 0 0
186 0 0
82 0 0
0 201 0
146 206 0
145 206 0
0 12 0
0 109 0
0 34 0
206 179 0
54 0 0
49 0 0
89 0 0
88 0 0
87 206 0
206 178 0
0 1 0
25 0 0
0 74 0
206 69 0
203 0 0
113 206 0
143 206 0
0 68 0
11 206 0
10 206 0
187 0 0
9 206 0
157 206 0
184 0 0
206 186 0
206 180 0
206 63 0
0 63 0
206 200 0
133 206 0
12 206 0
14 206 0
86 206 0
206 204 0
0 62 0
206 61 0
0 135 0
9 0 0
57 206 0
150 206 0
67 0 0
203 206 0
0 204 0
206 205 0
204 206 0
178 0 0
206 169 0
80 206 0
0 190 0
0 187 0
206 189 0
206 202 0
206 21 0
206 59 0
42 206 0
134 206 0
70 0 0
0 173 0
97 206 0
129 206 0
206 183 0
206 173 0
162 206 0
0 175 0
99 206 0
206 133 0
206 40 0
98 206 0
128 206 0
127 206 0
0 21 0
0 194 0
0 202 0
206 201 0
159 206 0
0 200 0
0 58 0
47 0 0
206 203 0
206 29 0
0 169 0
108 206 0
206 168 0
201 206 0
126 206 0
43 206 0
84 206 0
0 195 0
0 199 0
169 206 0
50 206 0
43 0 0
171 206 0
26 0 0
177 0 0
63 206 0
3 0 0
88 206 0
0 192 0
206 192 0
179 206 0
206 194 0
206 196 0
206 199 0
139 0 0
32 206 0
206 123 0
206 191 0
195 206 0
194 206 0
191 206 0
41 206 0
206 100 0
0 42 0
101 206 0
163 206 0
168 206 0
45 206 0
206 132 0
115 206 0
21 206 0
123 206 0
166 206 0
176 206 0
45 0 0
116 206 0
122 206 0
206 3 0
172 206 0
147 0 0
206 57 0
152 206 0
4 0 0
0 56 0
206 56 0
206 55 0
0 55 0
1 0 0
81 206 0
20 0 0
121 206 0
206 6 0
181 0 0
69 206 0
71 206 0
0 160 0
206 7 0
206 5 0
70 206 0
0 152 0
0 17 0
0 40 0
206 68 0
low, high, current -1 -1 8
Confirming Router Algorithm: TIMING_DRIVEN.
T_crit: 1.27908e-07.
T_crit: 1.2754e-07.
T_crit: 1.27636e-07.
T_crit: 1.2753e-07.
T_crit: 1.27535e-07.
T_crit: 1.27744e-07.
T_crit: 1.27634e-07.
T_crit: 1.27529e-07.
T_crit: 1.2772e-07.
T_crit: 1.28659e-07.
T_crit: 1.28574e-07.
T_crit: 1.28676e-07.
T_crit: 1.28791e-07.
T_crit: 1.28791e-07.
T_crit: 1.29207e-07.
T_crit: 1.30566e-07.
T_crit: 1.31182e-07.
T_crit: 1.31405e-07.
T_crit: 1.31587e-07.
T_crit: 1.31498e-07.
T_crit: 1.31596e-07.
T_crit: 1.35913e-07.
T_crit: 1.34952e-07.
T_crit: 1.37486e-07.
T_crit: 1.38939e-07.
T_crit: 1.39373e-07.
T_crit: 1.39147e-07.
T_crit: 1.39582e-07.
T_crit: 1.39469e-07.
T_crit: 1.41131e-07.
T_crit: 1.42787e-07.
T_crit: 1.41955e-07.
T_crit: 1.42987e-07.
T_crit: 1.45369e-07.
T_crit: 1.48896e-07.
T_crit: 1.48272e-07.
T_crit: 1.48063e-07.
T_crit: 1.4777e-07.
T_crit: 1.47244e-07.
T_crit: 1.49012e-07.
T_crit: 1.48397e-07.
T_crit: 1.48913e-07.
T_crit: 1.46108e-07.
T_crit: 1.49775e-07.
T_crit: 1.49399e-07.
T_crit: 1.51912e-07.
T_crit: 1.52807e-07.
T_crit: 1.52827e-07.
T_crit: 1.56376e-07.
T_crit: 1.52919e-07.
Routing failed.
low, high, current 8 -1 16
Confirming Router Algorithm: TIMING_DRIVEN.
T_crit: 1.28325e-07.
T_crit: 1.27332e-07.
T_crit: 1.27747e-07.
T_crit: 1.2754e-07.
T_crit: 1.27539e-07.
T_crit: 1.27747e-07.
T_crit: 1.2754e-07.
T_crit: 1.27539e-07.
T_crit: 1.27433e-07.
T_crit: 1.27322e-07.
T_crit: 1.27652e-07.
T_crit: 1.27547e-07.
T_crit: 1.27443e-07.
T_crit: 1.27643e-07.
T_crit: 1.27738e-07.
T_crit: 1.28572e-07.
T_crit: 1.28577e-07.
T_crit: 1.29096e-07.
T_crit: 1.29388e-07.
T_crit: 1.30445e-07.
T_crit: 1.30445e-07.
T_crit: 1.30205e-07.
T_crit: 1.30923e-07.
T_crit: 1.31655e-07.
T_crit: 1.32531e-07.
T_crit: 1.32709e-07.
T_crit: 1.33529e-07.
T_crit: 1.33022e-07.
T_crit: 1.33236e-07.
T_crit: 1.33335e-07.
T_crit: 1.33212e-07.
T_crit: 1.34964e-07.
T_crit: 1.36041e-07.
T_crit: 1.35851e-07.
T_crit: 1.36673e-07.
T_crit: 1.369e-07.
T_crit: 1.37837e-07.
T_crit: 1.3584e-07.
T_crit: 1.37854e-07.
T_crit: 1.38479e-07.
T_crit: 1.40215e-07.
T_crit: 1.398e-07.
T_crit: 1.40946e-07.
T_crit: 1.39597e-07.
T_crit: 1.38858e-07.
T_crit: 1.39251e-07.
T_crit: 1.40931e-07.
T_crit: 1.42399e-07.
T_crit: 1.41354e-07.
T_crit: 1.41257e-07.
Routing failed.
low, high, current 16 -1 32
Confirming Router Algorithm: TIMING_DRIVEN.
T_crit: 1.28221e-07.
T_crit: 1.27853e-07.
T_crit: 1.27643e-07.
T_crit: 1.27956e-07.
T_crit: 1.27541e-07.
T_crit: 1.27844e-07.
T_crit: 1.27542e-07.
T_crit: 1.2754e-07.
T_crit: 1.27435e-07.
T_crit: 1.27533e-07.
T_crit: 1.27636e-07.
T_crit: 1.27741e-07.
T_crit: 1.27533e-07.
T_crit: 1.27428e-07.
T_crit: 1.27532e-07.
T_crit: 1.27532e-07.
T_crit: 1.27634e-07.
T_crit: 1.27634e-07.
T_crit: 1.27634e-07.
T_crit: 1.27737e-07.
T_crit: 1.27841e-07.
T_crit: 1.2805e-07.
T_crit: 1.28363e-07.
T_crit: 1.2836e-07.
T_crit: 1.28463e-07.
T_crit: 1.28568e-07.
T_crit: 1.28882e-07.
T_crit: 1.29609e-07.
T_crit: 1.2951e-07.
T_crit: 1.29609e-07.
T_crit: 1.29923e-07.
T_crit: 1.30022e-07.
T_crit: 1.3117e-07.
T_crit: 1.30962e-07.
T_crit: 1.30863e-07.
T_crit: 1.30864e-07.
T_crit: 1.31075e-07.
T_crit: 1.31073e-07.
T_crit: 1.31894e-07.
T_crit: 1.32427e-07.
T_crit: 1.31399e-07.
T_crit: 1.3097e-07.
T_crit: 1.32323e-07.
T_crit: 1.32008e-07.
T_crit: 1.32322e-07.
T_crit: 1.31661e-07.
T_crit: 1.31893e-07.
T_crit: 1.32221e-07.
T_crit: 1.32221e-07.
T_crit: 1.3232e-07.
Routing failed.
low, high, current 32 -1 64
Confirming Router Algorithm: TIMING_DRIVEN.
T_crit: 1.28221e-07.
T_crit: 1.2754e-07.
T_crit: 1.27748e-07.
T_crit: 1.27539e-07.
T_crit: 1.27749e-07.
T_crit: 1.27749e-07.
T_crit: 1.27749e-07.
T_crit: 1.27437e-07.
T_crit: 1.27437e-07.
T_crit: 1.27437e-07.
T_crit: 1.27541e-07.
T_crit: 1.27541e-07.
T_crit: 1.27438e-07.
T_crit: 1.27437e-07.
T_crit: 1.27437e-07.
T_crit: 1.27437e-07.
T_crit: 1.27437e-07.
T_crit: 1.27437e-07.
T_crit: 1.27437e-07.
T_crit: 1.27437e-07.
T_crit: 1.27437e-07.
Successfully routed after 22 routing iterations.
Completed net delay value cross check successfully.
low, high, current 32 64 48
Confirming Router Algorithm: TIMING_DRIVEN.
T_crit: 1.28117e-07.
T_crit: 1.27332e-07.
T_crit: 1.27539e-07.
T_crit: 1.27747e-07.
T_crit: 1.27541e-07.
T_crit: 1.27437e-07.
T_crit: 1.27854e-07.
T_crit: 1.27751e-07.
T_crit: 1.27752e-07.
T_crit: 1.27435e-07.
T_crit: 1.27435e-07.
T_crit: 1.2754e-07.
T_crit: 1.27539e-07.
T_crit: 1.27435e-07.
T_crit: 1.27435e-07.
T_crit: 1.2754e-07.
T_crit: 1.2754e-07.
T_crit: 1.27642e-07.
T_crit: 1.27642e-07.
Successfully routed after 20 routing iterations.
Completed net delay value cross check successfully.
low, high, current 32 48 40
Confirming Router Algorithm: TIMING_DRIVEN.
T_crit: 1.27916e-07.
T_crit: 1.27645e-07.
T_crit: 1.27747e-07.
T_crit: 1.27956e-07.
T_crit: 1.27853e-07.
T_crit: 1.27853e-07.
T_crit: 1.27851e-07.
T_crit: 1.27435e-07.
T_crit: 1.27749e-07.
T_crit: 1.27749e-07.
T_crit: 1.27749e-07.
T_crit: 1.27749e-07.
T_crit: 1.27749e-07.
T_crit: 1.27749e-07.
T_crit: 1.27645e-07.
T_crit: 1.27645e-07.
T_crit: 1.27645e-07.
T_crit: 1.27643e-07.
T_crit: 1.27643e-07.
T_crit: 1.27643e-07.
T_crit: 1.27848e-07.
T_crit: 1.28e-07.
T_crit: 1.27905e-07.
Successfully routed after 24 routing iterations.
Completed net delay value cross check successfully.
low, high, current 32 40 36
Confirming Router Algorithm: TIMING_DRIVEN.
T_crit: 1.27488e-07.
T_crit: 1.27022e-07.
T_crit: 1.27411e-07.
T_crit: 1.27084e-07.
T_crit: 1.27088e-07.
T_crit: 1.27333e-07.
T_crit: 1.27345e-07.
T_crit: 1.2757e-07.
T_crit: 1.27675e-07.
T_crit: 1.27456e-07.
T_crit: 1.27521e-07.
T_crit: 1.27421e-07.
T_crit: 1.27413e-07.
T_crit: 1.27416e-07.
T_crit: 1.27417e-07.
T_crit: 1.27522e-07.
T_crit: 1.27417e-07.
T_crit: 1.27417e-07.
T_crit: 1.27416e-07.
T_crit: 1.27727e-07.
T_crit: 1.27416e-07.
T_crit: 1.27416e-07.
T_crit: 1.27416e-07.
T_crit: 1.27416e-07.
T_crit: 1.27416e-07.
T_crit: 1.27416e-07.
T_crit: 1.27416e-07.
T_crit: 1.27416e-07.
T_crit: 1.27416e-07.
T_crit: 1.27522e-07.
T_crit: 1.27522e-07.
T_crit: 1.28244e-07.
T_crit: 1.28658e-07.
T_crit: 1.28986e-07.
T_crit: 1.28882e-07.
T_crit: 1.28882e-07.
T_crit: 1.28462e-07.
T_crit: 1.28464e-07.
T_crit: 1.2878e-07.
T_crit: 1.28986e-07.
T_crit: 1.2877e-07.
T_crit: 1.28354e-07.
T_crit: 1.28136e-07.
T_crit: 1.28141e-07.
T_crit: 1.28138e-07.
T_crit: 1.28138e-07.
T_crit: 1.28138e-07.
T_crit: 1.28049e-07.
T_crit: 1.27963e-07.
Successfully routed after 50 routing iterations.
Completed net delay value cross check successfully.
low, high, current 32 36 34
Warning (check_all_tracks_reach_pins):  track 32 does not 
	connect to any FB IPINs.
Warning (check_all_tracks_reach_pins):  track 33 does not 
	connect to any FB IPINs.
Confirming Router Algorithm: TIMING_DRIVEN.
T_crit: 1.27512e-07.
T_crit: 1.27337e-07.
T_crit: 1.27487e-07.
T_crit: 1.27253e-07.
T_crit: 1.26982e-07.
T_crit: 1.27263e-07.
T_crit: 1.27362e-07.
T_crit: 1.27462e-07.
T_crit: 1.27276e-07.
T_crit: 1.27569e-07.
T_crit: 1.27359e-07.
T_crit: 1.27248e-07.
T_crit: 1.27047e-07.
T_crit: 1.27047e-07.
T_crit: 1.27047e-07.
T_crit: 1.27047e-07.
T_crit: 1.27047e-07.
T_crit: 1.27047e-07.
T_crit: 1.27047e-07.
T_crit: 1.27039e-07.
T_crit: 1.27043e-07.
T_crit: 1.27146e-07.
T_crit: 1.27146e-07.
T_crit: 1.27146e-07.
T_crit: 1.2727e-07.
T_crit: 1.27172e-07.
T_crit: 1.27368e-07.
T_crit: 1.27265e-07.
T_crit: 1.27361e-07.
T_crit: 1.27357e-07.
T_crit: 1.27357e-07.
T_crit: 1.27357e-07.
T_crit: 1.28286e-07.
T_crit: 1.28289e-07.
T_crit: 1.30257e-07.
T_crit: 1.28704e-07.
T_crit: 1.29848e-07.
T_crit: 1.29847e-07.
T_crit: 1.29741e-07.
T_crit: 1.29741e-07.
T_crit: 1.29534e-07.
T_crit: 1.29328e-07.
T_crit: 1.29745e-07.
T_crit: 1.29431e-07.
T_crit: 1.29431e-07.
T_crit: 1.29344e-07.
T_crit: 1.29447e-07.
T_crit: 1.29447e-07.
T_crit: 1.29344e-07.
T_crit: 1.29343e-07.
Routing failed.

Checking to ensure routing is legal ...
Completed routing consistency check successfully.

Serial number (magic cookie) for the routing is: 45303445
Best routing used a channel width factor of 36.


Average number of bends per net: 10.2672  Maximum # of bends: 277


The number of routed nets (nonglobal): 5987
Wirelength results (all in units of 1 clb segments):
	Total wirelength: 710446   Average net length: 118.665
	Maximum net length: 1803

Wirelength results in terms of physical segments:
	Total wiring segments used: 356053   Av. wire segments per net: 59.4710
	Maximum segments used by a net: 905


X - Directed channels:

j	max occ	av_occ		capacity
0	34	21.9317  	36
1	35	23.8780  	36
2	35	22.8732  	36
3	36	23.1512  	36
4	35	22.5073  	36
5	36	22.3756  	36
6	36	22.6293  	36
7	35	21.2829  	36
8	35	21.4976  	36
9	35	21.4537  	36
10	34	22.5024  	36
11	33	22.5610  	36
12	34	22.5268  	36
13	34	20.0488  	36
14	32	20.4829  	36
15	31	18.7122  	36
16	32	19.6732  	36
17	33	17.0683  	36
18	34	19.1854  	36
19	32	19.9268  	36
20	33	19.1512  	36
21	35	17.6878  	36
22	31	17.9220  	36
23	31	17.3122  	36
24	33	19.2049  	36
25	34	15.6439  	36
26	30	18.7805  	36
27	32	15.2000  	36
28	32	13.0293  	36
29	30	10.9463  	36
30	31	13.1220  	36
31	27	12.2439  	36
32	25	11.4488  	36
33	21	9.40976  	36
34	22	10.8585  	36
35	15	6.88293  	36
36	15	7.69756  	36
37	11	4.98049  	36
38	7	2.03415  	36
39	9	2.93171  	36
40	7	2.44878  	36
41	11	2.19024  	36
42	11	3.85854  	36
43	14	3.22439  	36
44	15	5.93171  	36
45	17	8.64878  	36
46	12	5.35610  	36
47	14	5.29756  	36
48	15	6.06829  	36
49	14	4.77073  	36
50	7	3.00976  	36
51	9	2.07805  	36
52	6	0.878049 	36
53	7	0.468293 	36
54	4	0.980488 	36
55	3	0.970732 	36
56	2	0.0292683	36
57	3	0.195122 	36
58	2	0.990244 	36
59	2	0.0439024	36
60	5	1.92683  	36
61	2	0.873171 	36
62	1	0.156098 	36
63	3	0.980488 	36
64	3	1.04390  	36
65	4	0.946341 	36
66	5	1.97073  	36
67	2	0.0292683	36
68	4	0.0585366	36
69	1	0.0195122	36
70	2	0.0390244	36
71	3	0.195122 	36
72	2	0.814634 	36
73	3	0.102439 	36
74	4	1.70732  	36
75	7	0.721951 	36
76	9	0.434146 	36
77	11	2.13659  	36
78	12	4.84878  	36
79	14	4.00976  	36
80	12	4.00976  	36
81	14	2.86341  	36
82	11	4.03415  	36
83	10	4.12683  	36
84	8	1.67805  	36
85	10	0.419512 	36
86	4	0.268293 	36
87	4	0.946341 	36
88	3	2.04390  	36
89	2	0.946341 	36
90	1	0.0975610	36
91	3	0.0829268	36
92	5	1.38537  	36
93	3	0.946341 	36
94	1	0.0146341	36
95	2	0.0243902	36
96	1	0.00487805	36
97	1	0.0292683	36
98	3	1.10244  	36
99	5	0.575610 	36
100	6	0.663415 	36
101	8	1.45366  	36
102	10	2.38049  	36
103	14	3.89756  	36
104	16	5.78049  	36
105	15	4.69268  	36
106	11	7.29268  	36
107	17	8.32195  	36
108	16	9.61463  	36
109	16	7.29268  	36
110	16	5.21951  	36
111	17	3.40000  	36
112	13	4.45366  	36
113	15	4.76585  	36
114	12	4.73171  	36
115	9	2.83415  	36
116	7	2.20976  	36
117	12	2.83902  	36
118	8	2.17561  	36
119	5	2.81463  	36
120	7	2.35122  	36
121	9	3.35610  	36
122	7	1.20488  	36
123	5	3.08780  	36
124	7	1.50244  	36
125	4	2.04390  	36
126	6	1.12195  	36
127	9	0.507317 	36
128	9	1.76098  	36
129	10	2.20488  	36
130	6	1.43415  	36
131	13	6.66341  	36
132	10	5.60488  	36
133	10	5.00976  	36
134	13	3.83415  	36
135	13	5.99024  	36
136	19	6.51220  	36
137	16	8.34634  	36
138	18	8.02439  	36
139	18	5.83415  	36
140	19	9.39512  	36
141	16	5.42439  	36
142	18	6.66829  	36
143	16	6.29756  	36
144	17	3.20976  	36
145	17	5.45854  	36
146	16	5.04390  	36
147	16	2.50732  	36
148	12	4.87805  	36
149	15	7.56585  	36
150	15	7.24878  	36
151	16	6.18049  	36
152	14	3.02927  	36
153	13	8.16098  	36
154	9	2.21463  	36
155	10	7.30244  	36
156	10	3.51707  	36
157	7	4.78049  	36
158	9	1.68293  	36
159	10	3.01463  	36
160	8	1.71220  	36
161	9	2.96585  	36
162	5	1.96098  	36
163	6	3.03902  	36
164	7	3.35122  	36
165	7	3.59512  	36
166	9	2.39512  	36
167	8	2.29268  	36
168	14	4.37561  	36
169	15	5.28293  	36
170	16	5.06341  	36
171	20	6.37073  	36
172	24	10.0049  	36
173	26	11.2293  	36
174	28	13.8537  	36
175	29	13.6780  	36
176	31	14.0390  	36
177	34	14.2195  	36
178	35	14.7951  	36
179	34	17.1561  	36
180	34	17.4293  	36
181	34	17.4976  	36
182	34	18.0341  	36
183	34	17.6780  	36
184	36	17.1854  	36
185	34	18.3073  	36
186	34	18.5268  	36
187	36	16.9951  	36
188	35	17.7756  	36
189	35	16.9610  	36
190	36	20.2390  	36
191	35	18.9122  	36
192	35	18.2439  	36
193	35	19.8780  	36
194	35	19.4341  	36
195	35	20.5024  	36
196	36	19.8634  	36
197	36	18.5024  	36
198	34	22.8683  	36
199	36	22.2829  	36
200	36	21.6000  	36
201	35	22.5512  	36
202	36	22.0244  	36
203	36	22.7415  	36
204	36	20.5756  	36
205	36	23.2195  	36

Y - Directed channels:

i	max occ	av_occ		capacity
0	29	18.3024  	36
1	29	18.3707  	36
2	24	16.5902  	36
3	29	17.8829  	36
4	27	17.1854  	36
5	28	16.1854  	36
6	26	17.0780  	36
7	23	12.4780  	36
8	26	14.1512  	36
9	19	13.3463  	36
10	21	10.9415  	36
11	16	7.52683  	36
12	12	5.29756  	36
13	12	5.03902  	36
14	12	5.88293  	36
15	12	3.99512  	36
16	17	5.93171  	36
17	18	4.76098  	36
18	18	5.00976  	36
19	20	8.55122  	36
20	19	7.96585  	36
21	20	7.79512  	36
22	20	3.39512  	36
23	21	5.12195  	36
24	21	7.27805  	36
25	21	4.78537  	36
26	20	3.91220  	36
27	20	6.72683  	36
28	19	5.42439  	36
29	19	8.39024  	36
30	16	4.87317  	36
31	18	6.26341  	36
32	11	4.91707  	36
33	16	5.21951  	36
34	10	1.81463  	36
35	10	2.16585  	36
36	11	3.85854  	36
37	6	3.70244  	36
38	3	0.507317 	36
39	2	0.0682927	36
40	0	0.00000  	36
41	1	0.0243902	36
42	2	0.0439024	36
43	3	0.595122 	36
44	2	1.01463  	36
45	4	0.112195 	36
46	2	0.0634146	36
47	0	0.00000  	36
48	2	0.0341463	36
49	2	0.0439024	36
50	2	0.0634146	36
51	7	2.17561  	36
52	3	0.0682927	36
53	3	0.243902 	36
54	8	0.336585 	36
55	6	1.87805  	36
56	10	1.96098  	36
57	13	2.24390  	36
58	15	4.84878  	36
59	14	2.81951  	36
60	15	3.49268  	36
61	10	2.71707  	36
62	11	3.02927  	36
63	9	0.346341 	36
64	6	0.317073 	36
65	4	0.248780 	36
66	1	0.0390244	36
67	3	0.0634146	36
68	1	0.0926829	36
69	2	0.956098 	36
70	2	0.0780488	36
71	3	0.321951 	36
72	2	0.946341 	36
73	3	0.0926829	36
74	1	0.0146341	36
75	3	0.0487805	36
76	2	0.0536585	36
77	3	0.204878 	36
78	3	0.0390244	36
79	5	1.94634  	36
80	11	1.33659  	36
81	9	0.643902 	36
82	13	1.01951  	36
83	16	2.45854  	36
84	17	4.05366  	36
85	19	7.16585  	36
86	24	3.86829  	36
87	20	3.51220  	36
88	26	5.00000  	36
89	17	4.78049  	36
90	22	4.94634  	36
91	21	7.57073  	36
92	23	7.21463  	36
93	21	7.78537  	36
94	24	6.91707  	36
95	21	8.05854  	36
96	24	6.17561  	36
97	21	7.46341  	36
98	23	8.58537  	36
99	23	7.82439  	36
100	25	6.07317  	36
101	27	11.5024  	36
102	25	10.0683  	36
103	22	11.8439  	36
104	29	9.80488  	36
105	26	9.15610  	36
106	26	13.2537  	36
107	28	15.4976  	36
108	27	12.4195  	36
109	28	11.4439  	36
110	28	11.0244  	36
111	30	10.9951  	36
112	28	14.0146  	36
113	27	12.4488  	36
114	30	11.9659  	36
115	30	13.4829  	36
116	29	11.9024  	36
117	28	10.7171  	36
118	30	13.8244  	36
119	29	10.3902  	36
120	31	10.8098  	36
121	27	8.83902  	36
122	30	10.9561  	36
123	30	11.9220  	36
124	27	10.2244  	36
125	29	14.2341  	36
126	27	9.18537  	36
127	29	9.66829  	36
128	29	10.1854  	36
129	27	9.06341  	36
130	26	9.34634  	36
131	29	12.6585  	36
132	27	11.1073  	36
133	31	10.3122  	36
134	25	11.2195  	36
135	24	7.86341  	36
136	28	12.4829  	36
137	30	12.6098  	36
138	28	10.0244  	36
139	27	9.59512  	36
140	27	10.6341  	36
141	26	8.32683  	36
142	27	11.5171  	36
143	29	10.7854  	36
144	24	10.3220  	36
145	27	10.2683  	36
146	26	12.5317  	36
147	26	12.2439  	36
148	26	11.8780  	36
149	25	9.33659  	36
150	25	10.8878  	36
151	27	9.76585  	36
152	23	10.3024  	36
153	27	11.7561  	36
154	25	11.7366  	36
155	25	10.1951  	36
156	23	11.3317  	36
157	25	11.7610  	36
158	27	11.2780  	36
159	26	12.1756  	36
160	27	12.8732  	36
161	26	12.2976  	36
162	25	14.0244  	36
163	28	15.2780  	36
164	26	13.3366  	36
165	27	15.5512  	36
166	26	16.3902  	36
167	25	16.7610  	36
168	31	16.4146  	36
169	30	15.4341  	36
170	27	14.6293  	36
171	29	12.8829  	36
172	28	11.2927  	36
173	27	15.0829  	36
174	26	12.4439  	36
175	28	17.9659  	36
176	26	11.9415  	36
177	26	13.1805  	36
178	27	16.5317  	36
179	27	12.5122  	36
180	27	9.85366  	36
181	31	11.8049  	36
182	26	13.9268  	36
183	22	10.5902  	36
184	24	10.8976  	36
185	25	10.0634  	36
186	22	9.29756  	36
187	20	6.93659  	36
188	25	8.11220  	36
189	18	8.67317  	36
190	24	8.92683  	36
191	21	9.00000  	36
192	23	12.2537  	36
193	20	12.5171  	36
194	19	12.4780  	36
195	24	17.5561  	36
196	21	13.9902  	36
197	27	17.3561  	36
198	27	16.5122  	36
199	27	16.6098  	36
200	28	19.4000  	36
201	28	19.8634  	36
202	25	17.5902  	36
203	28	19.0098  	36
204	29	18.5122  	36
205	26	18.3415  	36

Total Tracks in X-direction: 7416  in Y-direction: 7416

Logic Area (in minimum width transistor areas):
Total Logic Area: 1.26075e+09  Per 1x1 logic tile: 30000

Routing area (in minimum width transistor areas):
Total Routing Area: 1.93739e+08  Per logic tile: 4610.08

Segment usage by type (index):
Segment type       Fractional utilization
------------       ----------------------
       0                  0.233

Segment usage by length:
Segment length       Fractional utilization
--------------       ----------------------
        2                   0.233

Critical Path: 1.28051e-07 (s)

Time elapsed (PLACE&ROUTE): 584967867.182000 ms


Time elapsed (Fernando): 584967867.196000 ms

