
VPR FPGA Placement and Routing.
Version: Version 5.0.2
Compiled: Dec 11 2020.
Original VPR by V. Betz.
Timing-driven placement enhancements by A. Marquardt.
Single-drivers enhancements by Andy Ye with additions by.
Mark Fang, Jason Luu, Ted Campbell
Heterogeneous stucture support by Jason Luu and Ted Campbell.
This code is licensed only for non-commercial use.

Auto-sizing FPGA, try x = 72 y = 72
Auto-sizing FPGA, try x = 144 y = 144
Auto-sizing FPGA, try x = 288 y = 288
Auto-sizing FPGA, try x = 576 y = 576
Auto-sizing FPGA, try x = 288 y = 288
Auto-sizing FPGA, try x = 432 y = 432
Auto-sizing FPGA, try x = 360 y = 360
Auto-sizing FPGA, try x = 324 y = 324
Auto-sizing FPGA, try x = 306 y = 306
Auto-sizing FPGA, try x = 315 y = 315
Auto-sizing FPGA, try x = 310 y = 310
Auto-sizing FPGA, try x = 312 y = 312
Auto-sizing FPGA, try x = 313 y = 313
Auto-sizing FPGA, try x = 314 y = 314
Auto-sizing FPGA, try x = 313 y = 313
FPGA auto-sized to, x = 314 y = 314

Resource Usage:
Netlist      0	blocks of type <EMPTY>
Architecture 4	blocks of type <EMPTY>
Netlist      1255	blocks of type .io
Architecture 1256	blocks of type .io
Netlist      3915	blocks of type .clb
Architecture 98596	blocks of type .clb

Timing analysis: ON

Operation:  ROUTE_ONLY

PlacerOpts.place_freq:  PLACE_NEVER

RouterOpts.route_type:  DETAILED
RouterOpts.router_algorithm:  TIMING_DRIVEN
RouterOpts.base_cost_type:  DELAY_NORMALIZED
RouterOpts.fixed_channel_width:  NO_FIXED_CHANNEL_WIDTH
RouterOpts.acc_fac:  1.000000
RouterOpts.bb_factor:  3
RouterOpts.bend_cost:  0.000000
RouterOpts.first_iter_pres_fac:  0.500000
RouterOpts.initial_pres_fac:  0.500000
RouterOpts.pres_fac_mult:  1.300000
RouterOpts.max_router_iterations:  50
RouterOpts.astar_fac:  1.200000
RouterOpts.criticality_exp:  1.000000
RouterOpts.max_criticality:  0.990000

RoutingArch.directionality:  UNI_DIRECTIONAL
RoutingArch.switch_block_type:  WILTON
RoutingArch.Fs:  3

The circuit will be mapped into a 314 x 314 array of clbs.

Netlist num_nets:  3979
Netlist num_blocks:  5170
Netlist inputs pins:  64
Netlist output pins:  1191

314 85 0
264 314 0
259 309 0
261 304 0
267 305 0
260 308 0
254 314 0
265 314 0
278 314 0
254 313 0
273 311 0
1 86 0
264 313 0
263 314 0
256 308 0
255 311 0
255 308 0
255 307 0
254 311 0
257 307 0
313 85 0
258 310 0
256 311 0
270 308 0
257 311 0
265 303 0
257 310 0
259 308 0
263 313 0
264 303 0
256 309 0
314 84 0
251 311 0
266 314 0
265 313 0
272 308 0
312 88 0
273 312 0
266 302 0
274 312 0
274 311 0
282 0 0
274 308 0
275 314 0
314 91 0
273 313 0
269 306 0
275 312 0
149 1 0
264 312 0
150 1 0
269 308 0
2 89 0
266 305 0
268 305 0
265 304 0
142 306 0
134 306 0
271 309 0
267 307 0
108 300 0
142 304 0
314 86 0
313 86 0
142 305 0
262 306 0
260 306 0
249 313 0
147 310 0
143 314 0
142 313 0
253 314 0
249 314 0
129 310 0
250 312 0
141 305 0
128 314 0
146 310 0
109 314 0
262 314 0
106 303 0
105 302 0
248 314 0
129 314 0
271 308 0
121 298 0
252 310 0
37 314 0
141 312 0
119 296 0
141 311 0
114 289 0
106 302 0
114 288 0
129 311 0
106 301 0
110 314 0
110 289 0
261 314 0
113 288 0
142 314 0
123 300 0
120 298 0
210 315 0
124 300 0
264 311 0
38 314 0
109 313 0
246 1 0
312 85 0
37 313 0
113 290 0
144 314 0
118 300 0
118 297 0
76 314 0
261 306 0
118 299 0
119 299 0
110 282 0
119 297 0
247 1 0
108 314 0
36 314 0
252 309 0
77 314 0
22 314 0
143 313 0
313 89 0
107 283 0
117 299 0
77 313 0
109 282 0
94 302 0
101 298 0
101 297 0
109 281 0
241 311 0
144 307 0
267 314 0
36 313 0
97 301 0
34 1 0
108 283 0
39 314 0
135 306 0
35 1 0
108 313 0
96 304 0
96 294 0
135 307 0
142 312 0
149 311 0
262 307 0
132 303 0
50 312 0
143 312 0
100 302 0
90 299 0
261 307 0
136 306 0
98 302 0
314 33 0
123 299 0
148 1 0
134 304 0
112 284 0
91 299 0
251 310 0
127 1 0
266 313 0
38 313 0
136 307 0
96 303 0
110 288 0
89 298 0
96 291 0
97 291 0
37 312 0
141 314 0
304 214 0
35 314 0
111 314 0
263 312 0
243 313 0
243 309 0
145 314 0
250 311 0
1 214 0
111 283 0
98 291 0
110 313 0
45 304 0
262 313 0
95 303 0
306 214 0
109 312 0
25 312 0
99 292 0
109 283 0
97 292 0
98 292 0
89 301 0
102 286 0
109 288 0
242 312 0
119 287 0
99 290 0
144 313 0
107 314 0
314 140 0
100 297 0
34 314 0
38 300 0
305 214 0
44 304 0
27 309 0
256 312 0
89 302 0
88 302 0
114 287 0
117 287 0
103 286 0
5 166 0
43 303 0
1 215 0
37 311 0
40 314 0
106 314 0
109 311 0
97 299 0
89 303 0
103 287 0
108 287 0
112 289 0
39 313 0
105 287 0
112 314 0
1 213 0
111 313 0
136 308 0
106 289 0
140 311 0
263 304 0
98 299 0
100 291 0
109 289 0
98 298 0
102 287 0
111 289 0
108 288 0
111 288 0
36 312 0
314 149 0
15 216 0
108 289 0
262 304 0
262 302 0
107 289 0
45 306 0
108 312 0
314 166 0
35 313 0
265 312 0
101 291 0
314 83 0
257 309 0
41 308 0
112 290 0
107 285 0
243 312 0
106 285 0
247 314 0
106 288 0
311 223 0
1 167 0
38 312 0
266 312 0
107 313 0
263 311 0
254 310 0
49 311 0
42 309 0
262 312 0
258 308 0
87 302 0
44 305 0
110 312 0
1 141 0
2 142 0
14 216 0
108 285 0
99 301 0
108 284 0
309 221 0
97 302 0
85 305 0
309 223 0
2 214 0
272 310 0
9 208 0
30 306 0
101 301 0
27 308 0
1 85 0
100 301 0
9 207 0
313 166 0
104 287 0
3 62 0
311 221 0
310 221 0
115 287 0
39 312 0
43 304 0
259 307 0
310 222 0
309 222 0
30 305 0
9 206 0
85 306 0
98 300 0
111 312 0
12 215 0
108 311 0
87 306 0
268 314 0
314 87 0
36 311 0
311 170 0
25 314 0
28 308 0
314 165 0
1 65 0
114 295 0
1 87 0
102 289 0
86 306 0
86 305 0
84 309 0
35 312 0
313 84 0
314 167 0
3 170 0
309 168 0
120 294 0
88 310 0
313 167 0
142 311 0
1 66 0
143 306 0
313 140 0
33 1 0
12 214 0
3 247 0
117 297 0
264 305 0
2 151 0
42 307 0
104 289 0
7 249 0
305 242 0
13 214 0
103 289 0
120 293 0
267 313 0
86 310 0
103 288 0
97 294 0
83 310 0
314 232 0
6 249 0
98 295 0
306 242 0
7 248 0
3 200 0
89 306 0
2 171 0
27 314 0
314 139 0
1 150 0
137 307 0
107 312 0
98 296 0
106 287 0
133 308 0
119 293 0
306 241 0
98 294 0
106 294 0
107 292 0
41 314 0
314 213 0
312 166 0
1 252 0
314 125 0
314 240 0
246 312 0
314 214 0
2 86 0
157 1 0
141 310 0
314 164 0
99 296 0
4 259 0
99 300 0
99 295 0
99 294 0
244 313 0
7 205 0
139 310 0
119 295 0
99 293 0
106 295 0
122 299 0
0 285 0
107 294 0
106 293 0
100 296 0
6 255 0
313 213 0
4 170 0
5 248 0
158 2 0
2 199 0
1 166 0
1 253 0
141 309 0
314 168 0
76 1 0
100 292 0
4 260 0
100 299 0
313 172 0
136 310 0
259 306 0
36 3 0
140 312 0
138 310 0
104 293 0
105 295 0
10 200 0
135 309 0
101 296 0
102 293 0
258 307 0
312 84 0
266 304 0
105 296 0
1 168 0
142 310 0
311 85 0
113 314 0
261 313 0
1 64 0
1 251 0
138 311 0
112 313 0
87 305 0
139 311 0
139 312 0
105 293 0
137 309 0
100 293 0
79 311 0
102 295 0
106 292 0
106 291 0
103 293 0
313 165 0
265 311 0
3 86 0
2 252 0
165 310 0
88 303 0
1 198 0
84 308 0
104 296 0
106 313 0
112 286 0
111 285 0
80 311 0
2 167 0
80 310 0
103 296 0
83 311 0
96 292 0
92 298 0
102 292 0
82 313 0
312 165 0
314 251 0
110 311 0
309 250 0
106 286 0
112 287 0
25 311 0
148 312 0
85 311 0
34 2 0
40 313 0
135 305 0
28 311 0
1 241 0
109 310 0
314 141 0
2 198 0
313 149 0
162 314 0
107 287 0
80 314 0
79 312 0
78 314 0
33 303 0
83 307 0
81 312 0
81 310 0
3 193 0
114 301 0
34 3 0
105 314 0
313 240 0
254 312 0
313 233 0
28 310 0
77 1 0
6 248 0
270 307 0
102 291 0
26 311 0
1 193 0
249 312 0
152 314 0
2 65 0
84 312 0
87 307 0
34 313 0
83 312 0
248 313 0
32 307 0
114 306 0
121 294 0
133 309 0
24 311 0
25 310 0
82 309 0
114 304 0
83 309 0
113 302 0
113 301 0
109 309 0
264 310 0
247 313 0
87 311 0
38 311 0
41 302 0
108 291 0
112 305 0
107 288 0
314 239 0
44 307 0
37 310 0
314 64 0
108 310 0
105 289 0
272 309 0
103 290 0
23 314 0
75 1 0
32 1 0
255 312 0
260 314 0
255 313 0
35 301 0
113 306 0
33 314 0
311 166 0
264 309 0
314 65 0
146 314 0
218 307 0
107 311 0
101 293 0
143 311 0
7 241 0
24 314 0
307 241 0
114 305 0
313 219 0
87 312 0
144 312 0
313 225 0
258 309 0
270 310 0
108 282 0
104 314 0
104 291 0
5 255 0
37 300 0
38 301 0
118 289 0
112 306 0
39 302 0
17 215 0
113 305 0
113 304 0
134 305 0
276 314 0
314 241 0
313 64 0
242 311 0
145 313 0
37 309 0
314 252 0
270 309 0
256 307 0
110 286 0
107 286 0
253 311 0
15 215 0
41 304 0
117 289 0
2 85 0
149 2 0
248 312 0
111 304 0
3 88 0
267 306 0
2 213 0
86 312 0
313 241 0
42 304 0
310 250 0
4 200 0
92 303 0
26 312 0
106 312 0
311 245 0
263 310 0
314 225 0
107 303 0
132 304 0
117 288 0
4 194 0
133 305 0
35 2 0
120 290 0
312 240 0
110 310 0
88 307 0
310 249 0
14 215 0
38 303 0
262 311 0
313 251 0
36 310 0
1 216 0
309 252 0
10 221 0
132 305 0
259 314 0
149 3 0
261 312 0
111 303 0
112 303 0
4 226 0
119 292 0
132 306 0
119 291 0
94 297 0
95 298 0
314 238 0
114 314 0
130 304 0
131 303 0
141 313 0
96 297 0
265 310 0
111 311 0
4 256 0
136 311 0
1 285 0
116 291 0
311 248 0
31 306 0
269 314 0
143 310 0
11 218 0
241 309 0
117 290 0
118 292 0
9 213 0
2 226 0
312 235 0
2 215 0
163 314 0
79 1 0
35 311 0
1 84 0
98 290 0
9 221 0
266 311 0
9 222 0
94 300 0
96 295 0
95 297 0
118 290 0
89 304 0
273 310 0
95 296 0
93 298 0
162 313 0
112 312 0
307 218 0
304 217 0
113 313 0
267 312 0
13 211 0
100 295 0
2 286 0
92 302 0
313 234 0
127 302 0
130 303 0
309 220 0
150 312 0
32 314 0
131 304 0
9 212 0
140 309 0
97 297 0
124 297 0
9 252 0
130 302 0
97 295 0
91 301 0
97 293 0
93 299 0
92 299 0
94 301 0
105 313 0
46 308 0
103 292 0
126 301 0
127 300 0
128 301 0
123 297 0
97 304 0
101 299 0
268 313 0
99 299 0
34 312 0
111 287 0
111 310 0
307 217 0
274 313 0
2 251 0
265 305 0
313 141 0
218 306 0
11 209 0
50 314 0
12 208 0
7 251 0
38 310 0
1 212 0
89 308 0
314 212 0
305 217 0
93 302 0
32 303 0
296 213 0
3 214 0
268 306 0
161 314 0
304 215 0
2 64 0
95 302 0
42 314 0
104 292 0
118 288 0
104 313 0
51 314 0
302 213 0
52 314 0
86 309 0
124 301 0
305 218 0
92 301 0
124 296 0
124 298 0
90 300 0
125 298 0
85 308 0
1 259 0
260 313 0
1 260 0
133 307 0
89 309 0
125 297 0
87 309 0
39 311 0
266 310 0
105 312 0
308 219 0
2 235 0
45 308 0
3 167 0
1 240 0
314 242 0
313 212 0
301 213 0
161 313 0
1 254 0
251 309 0
108 309 0
164 314 0
295 213 0
312 213 0
1 67 0
313 67 0
110 287 0
107 310 0
105 291 0
303 213 0
115 288 0
48 311 0
131 306 0
89 307 0
123 295 0
88 308 0
1 242 0
40 312 0
90 308 0
130 307 0
130 306 0
90 307 0
4 214 0
313 239 0
1 88 0
11 212 0
41 313 0
304 212 0
13 213 0
303 212 0
13 212 0
112 311 0
302 214 0
250 310 0
99 297 0
110 309 0
253 309 0
255 306 0
150 2 0
2 241 0
163 313 0
92 304 0
2 259 0
91 297 0
5 244 0
90 301 0
123 298 0
5 245 0
108 299 0
302 212 0
126 299 0
125 299 0
90 306 0
90 305 0
101 290 0
110 297 0
89 305 0
252 308 0
2 253 0
112 291 0
253 313 0
242 310 0
181 314 0
269 305 0
148 3 0
1 250 0
306 218 0
116 289 0
312 239 0
109 293 0
91 307 0
12 211 0
160 308 0
93 304 0
162 312 0
104 294 0
3 213 0
182 314 0
14 213 0
129 308 0
93 303 0
114 292 0
257 306 0
91 305 0
128 306 0
226 300 0
253 312 0
255 310 0
33 313 0
105 290 0
312 223 0
260 304 0
95 299 0
276 312 0
109 299 0
107 299 0
32 305 0
110 298 0
102 307 0
170 315 0
107 298 0
108 286 0
2 212 0
112 293 0
114 294 0
113 312 0
275 310 0
275 311 0
110 300 0
128 311 0
262 303 0
90 303 0
111 301 0
113 286 0
267 304 0
313 87 0
110 292 0
39 310 0
311 240 0
109 308 0
259 313 0
147 309 0
106 290 0
109 300 0
160 314 0
246 314 0
260 312 0
2 166 0
120 296 0
155 312 0
144 311 0
260 305 0
181 313 0
32 313 0
103 314 0
159 314 0
123 312 0
122 296 0
256 310 0
260 303 0
122 295 0
33 312 0
109 298 0
96 298 0
112 292 0
147 311 0
108 298 0
103 307 0
104 306 0
312 81 0
162 311 0
263 302 0
263 309 0
120 297 0
104 295 0
312 224 0
253 307 0
123 311 0
121 296 0
5 221 0
33 2 0
131 312 0
121 295 0
3 222 0
262 310 0
165 314 0
314 285 0
36 309 0
312 86 0
4 225 0
5 225 0
143 1 0
140 310 0
314 250 0
267 311 0
219 307 0
304 213 0
274 310 0
312 171 0
128 304 0
111 300 0
1 165 0
264 302 0
3 252 0
106 311 0
35 310 0
47 314 0
113 294 0
121 311 0
245 1 0
9 214 0
3 241 0
113 293 0
128 305 0
107 282 0
100 294 0
111 299 0
129 303 0
114 293 0
120 295 0
106 305 0
104 305 0
105 306 0
40 311 0
115 314 0
97 290 0
44 311 0
114 313 0
46 311 0
305 212 0
127 304 0
40 303 0
132 302 0
78 313 0
1 217 0
164 313 0
79 0 0
228 314 0
313 256 0
152 312 0
123 314 0
311 218 0
229 314 0
107 290 0
107 291 0
306 203 0
313 250 0
36 1 0
112 301 0
115 295 0
130 309 0
127 308 0
161 312 0
235 305 0
314 148 0
306 213 0
138 313 0
309 218 0
35 302 0
103 313 0
2 246 0
123 296 0
310 225 0
308 198 0
25 313 0
3 199 0
2 66 0
313 208 0
38 309 0
82 312 0
118 294 0
1 192 0
3 207 0
5 202 0
140 314 0
3 205 0
117 294 0
250 314 0
118 287 0
1 169 0
117 293 0
312 251 0
2 216 0
211 314 0
314 215 0
307 219 0
309 226 0
102 314 0
105 299 0
230 302 0
104 298 0
2 240 0
2 206 0
304 225 0
120 291 0
170 1 0
307 216 0
303 207 0
35 3 0
116 314 0
252 314 0
2 228 0
102 297 0
112 304 0
135 314 0
41 312 0
139 314 0
171 1 0
112 294 0
3 149 0
16 215 0
140 313 0
7 209 0
312 140 0
1 197 0
130 313 0
43 307 0
1 63 0
36 2 0
113 311 0
243 311 0
83 308 0
12 212 0
307 214 0
104 304 0
36 304 0
314 222 0
138 314 0
314 63 0
306 204 0
1 196 0
160 313 0
9 217 0
109 315 0
313 214 0
6 65 0
315 140 0
312 221 0
7 250 0
96 306 0
126 308 0
272 311 0
123 309 0
26 314 0
101 311 0
99 304 0
28 307 0
233 309 0
264 301 0
310 237 0
133 303 0
128 309 0
206 311 0
105 311 0
306 208 0
119 306 0
265 309 0
94 308 0
314 88 0
5 200 0
305 216 0
217 306 0
314 247 0
147 315 0
303 215 0
115 294 0
241 312 0
2 197 0
314 211 0
128 1 0
302 205 0
5 224 0
314 200 0
268 312 0
3 260 0
117 310 0
6 209 0
228 313 0
37 308 0
227 315 0
255 309 0
3 198 0
227 314 0
41 305 0
102 290 0
309 215 0
264 308 0
300 220 0
108 308 0
36 302 0
261 303 0
221 308 0
93 301 0
1 134 0
222 305 0
298 219 0
1 239 0
7 221 0
8 221 0
34 305 0
1 211 0
42 308 0
313 246 0
5 247 0
308 220 0
4 252 0
6 220 0
163 312 0
125 302 0
164 312 0
161 311 0
3 251 0
268 307 0
309 211 0
93 300 0
4 209 0
218 311 0
304 209 0
119 311 0
6 250 0
306 226 0
0 90 0
8 222 0
5 249 0
301 209 0
102 300 0
313 168 0
304 220 0
8 224 0
7 243 0
258 314 0
3 65 0
249 311 0
203 314 0
124 309 0
306 219 0
92 306 0
111 297 0
299 219 0
13 216 0
219 306 0
227 313 0
10 201 0
154 314 0
3 215 0
311 204 0
118 311 0
298 206 0
312 202 0
312 201 0
12 213 0
313 285 0
35 5 0
7 220 0
309 205 0
1 287 0
139 307 0
303 220 0
108 295 0
258 306 0
312 167 0
314 169 0
85 310 0
230 314 0
309 167 0
310 203 0
6 243 0
148 311 0
5 204 0
3 216 0
118 310 0
214 311 0
308 205 0
310 226 0
314 163 0
313 164 0
311 244 0
306 211 0
214 305 0
2 211 0
31 314 0
299 208 0
261 311 0
314 231 0
151 313 0
123 306 0
102 310 0
266 303 0
242 313 0
229 313 0
87 304 0
4 199 0
312 206 0
313 205 0
314 82 0
144 1 0
7 208 0
160 312 0
1 243 0
213 306 0
311 247 0
212 313 0
308 207 0
98 301 0
34 311 0
107 309 0
307 207 0
306 207 0
314 210 0
311 208 0
43 314 0
313 81 0
300 208 0
166 314 0
110 308 0
105 304 0
313 63 0
269 309 0
309 204 0
214 315 0
313 242 0
2 250 0
296 210 0
115 313 0
228 312 0
309 243 0
1 255 0
7 204 0
238 308 0
180 314 0
311 205 0
165 313 0
219 310 0
314 233 0
300 213 0
1 18 0
308 208 0
3 227 0
300 209 0
126 313 0
226 314 0
313 203 0
1 200 0
311 209 0
266 306 0
97 306 0
313 83 0
225 314 0
311 207 0
94 298 0
4 213 0
1 218 0
3 206 0
102 298 0
215 312 0
2 204 0
11 220 0
301 208 0
315 166 0
309 217 0
111 302 0
312 214 0
129 304 0
94 314 0
312 198 0
6 197 0
8 213 0
42 313 0
7 253 0
305 210 0
2 221 0
4 215 0
6 203 0
2 225 0
123 308 0
312 64 0
3 212 0
8 253 0
309 210 0
312 241 0
1 224 0
302 207 0
102 299 0
4 65 0
31 313 0
312 217 0
35 303 0
117 286 0
314 202 0
307 215 0
309 209 0
5 203 0
307 209 0
2 168 0
270 314 0
308 241 0
306 209 0
313 211 0
137 312 0
49 312 0
308 215 0
43 309 0
159 313 0
98 304 0
311 224 0
28 313 0
314 243 0
309 197 0
218 305 0
163 3 0
3 208 0
246 2 0
2 254 0
8 208 0
246 313 0
111 309 0
310 208 0
11 216 0
1 202 0
2 169 0
125 303 0
314 237 0
309 207 0
311 202 0
264 304 0
34 0 0
313 238 0
122 307 0
99 303 0
116 308 0
104 312 0
4 202 0
214 1 0
178 315 0
0 194 0
229 300 0
234 303 0
228 311 0
9 199 0
4 201 0
180 313 0
244 312 0
3 64 0
115 305 0
314 253 0
99 309 0
303 221 0
4 165 0
308 221 0
119 304 0
127 0 0
312 170 0
2 242 0
2 203 0
309 208 0
104 297 0
194 315 0
7 254 0
1 164 0
3 203 0
117 296 0
269 313 0
304 210 0
8 198 0
1 210 0
215 302 0
91 298 0
84 310 0
302 221 0
5 207 0
312 255 0
311 234 0
128 313 0
235 306 0
3 201 0
236 306 0
217 309 0
118 296 0
1 201 0
142 1 0
258 313 0
1 199 0
29 307 0
9 211 0
313 197 0
88 301 0
2 243 0
85 309 0
314 150 0
220 309 0
102 308 0
231 314 0
306 201 0
0 214 0
143 0 0
313 252 0
90 302 0
300 206 0
10 215 0
314 249 0
6 221 0
8 199 0
234 306 0
241 314 0
309 239 0
47 310 0
122 305 0
309 236 0
26 310 0
113 303 0
159 309 0
234 305 0
314 216 0
313 215 0
302 220 0
45 311 0
273 307 0
247 311 0
115 289 0
218 309 0
238 312 0
5 214 0
224 302 0
234 309 0
81 309 0
6 211 0
311 213 0
223 303 0
224 303 0
103 291 0
2 207 0
314 162 0
143 2 0
220 306 0
138 309 0
295 210 0
127 301 0
112 297 0
257 314 0
254 308 0
142 309 0
240 314 0
123 301 0
213 311 0
302 215 0
306 240 0
271 314 0
1 225 0
2 217 0
114 312 0
312 212 0
215 1 0
3 204 0
183 314 0
8 200 0
314 199 0
303 219 0
212 312 0
31 305 0
5 254 0
1 249 0
149 310 0
98 307 0
313 150 0
163 311 0
109 307 0
127 305 0
119 298 0
162 310 0
106 310 0
158 314 0
157 311 0
268 311 0
260 311 0
1 238 0
17 213 0
303 214 0
314 203 0
220 307 0
106 298 0
30 314 0
7 219 0
314 196 0
263 308 0
238 314 0
262 309 0
304 211 0
37 303 0
303 210 0
313 163 0
230 313 0
225 303 0
108 303 0
304 226 0
269 307 0
8 209 0
313 224 0
225 301 0
3 166 0
103 299 0
178 313 0
270 311 0
4 169 0
2 194 0
310 207 0
143 3 0
265 308 0
231 308 0
2 193 0
309 164 0
119 312 0
1 222 0
311 167 0
222 306 0
101 292 0
308 239 0
133 302 0
5 239 0
299 205 0
111 290 0
100 304 0
307 208 0
314 236 0
217 313 0
24 312 0
122 301 0
232 301 0
91 302 0
230 300 0
4 203 0
313 222 0
307 223 0
5 250 0
105 301 0
312 207 0
228 304 0
6 222 0
94 309 0
0 287 0
237 308 0
221 312 0
27 311 0
27 310 0
112 310 0
305 209 0
230 301 0
305 225 0
308 224 0
300 218 0
304 216 0
162 309 0
221 309 0
129 302 0
298 217 0
306 216 0
308 201 0
217 305 0
126 309 0
310 209 0
224 307 0
3 221 0
3 217 0
219 314 0
37 302 0
1 288 0
314 209 0
220 308 0
313 237 0
301 204 0
235 309 0
312 208 0
303 216 0
307 206 0
124 306 0
315 311 0
3 240 0
155 313 0
102 304 0
302 211 0
11 221 0
5 201 0
79 314 0
105 298 0
137 314 0
315 192 0
113 300 0
227 312 0
106 309 0
2 63 0
218 312 0
221 313 0
2 200 0
44 314 0
226 313 0
1 68 0
6 201 0
229 299 0
231 307 0
304 224 0
139 313 0
1 135 0
219 305 0
9 216 0
41 311 0
313 226 0
302 206 0
163 4 0
270 313 0
311 217 0
1 133 0
132 311 0
303 203 0
101 314 0
16 212 0
39 303 0
298 214 0
211 308 0
314 227 0
7 197 0
116 313 0
46 310 0
2 172 0
309 237 0
32 315 0
315 66 0
304 223 0
207 311 0
314 170 0
206 313 0
33 306 0
209 311 0
263 305 0
161 310 0
312 236 0
158 0 0
32 304 0
124 299 0
211 313 0
136 305 0
311 197 0
115 297 0
218 315 0
312 245 0
2 67 0
16 213 0
229 312 0
295 217 0
238 313 0
240 311 0
116 300 0
311 206 0
300 219 0
311 201 0
14 210 0
313 200 0
5 215 0
134 309 0
218 304 0
219 304 0
96 300 0
223 304 0
99 298 0
33 311 0
240 312 0
307 200 0
181 315 0
3 168 0
215 311 0
310 235 0
233 302 0
8 218 0
310 217 0
235 307 0
307 220 0
116 294 0
129 309 0
237 311 0
111 284 0
214 310 0
310 204 0
103 294 0
210 314 0
158 310 0
224 305 0
268 0 0
36 308 0
312 200 0
91 309 0
93 311 0
169 1 0
226 301 0
148 310 0
134 308 0
304 221 0
110 299 0
224 304 0
90 310 0
2 87 0
35 309 0
220 302 0
311 63 0
145 312 0
29 306 0
314 173 0
310 164 0
311 241 0
239 308 0
214 309 0
2 165 0
170 2 0
314 66 0
160 311 0
305 224 0
168 3 0
236 307 0
2 88 0
4 220 0
115 308 0
312 225 0
1 247 0
0 80 0
109 306 0
221 307 0
301 214 0
266 309 0
141 308 0
311 212 0
312 203 0
225 304 0
217 308 0
38 308 0
92 300 0
95 301 0
314 244 0
222 311 0
97 305 0
234 312 0
309 214 0
241 313 0
230 312 0
259 312 0
157 314 0
4 205 0
48 312 0
254 315 0
219 311 0
95 300 0
221 303 0
237 310 0
312 197 0
11 211 0
240 310 0
2 218 0
226 303 0
213 310 0
216 305 0
312 149 0
1 83 0
141 1 0
234 307 0
79 313 0
3 253 0
227 311 0
229 305 0
312 204 0
101 300 0
212 311 0
301 221 0
233 303 0
22 313 0
2 134 0
311 236 0
312 164 0
310 205 0
88 312 0
106 297 0
219 309 0
313 169 0
159 312 0
170 3 0
310 202 0
239 312 0
127 303 0
305 221 0
303 217 0
88 314 0
168 1 0
3 254 0
310 236 0
209 314 0
3 237 0
114 311 0
157 310 0
296 212 0
314 201 0
297 213 0
232 302 0
130 312 0
108 307 0
6 242 0
130 305 0
301 215 0
296 208 0
310 219 0
34 304 0
140 305 0
217 304 0
7 252 0
6 251 0
3 242 0
170 0 0
163 310 0
105 310 0
309 203 0
34 4 0
233 310 0
2 249 0
305 207 0
218 303 0
243 310 0
313 210 0
2 196 0
301 203 0
205 312 0
226 312 0
296 215 0
3 194 0
2 239 0
239 311 0
30 307 0
2 202 0
34 302 0
312 238 0
86 308 0
118 306 0
298 209 0
302 203 0
91 313 0
312 168 0
4 251 0
279 314 0
90 304 0
116 293 0
144 2 0
1 209 0
120 310 0
100 310 0
213 1 0
48 310 0
307 202 0
5 208 0
182 313 0
211 312 0
95 312 0
115 286 0
215 310 0
5 213 0
150 311 0
10 212 0
103 312 0
314 147 0
118 304 0
108 296 0
312 89 0
313 216 0
300 211 0
216 312 0
116 290 0
1 227 0
232 314 0
115 312 0
4 167 0
310 206 0
310 197 0
2 210 0
305 201 0
225 302 0
17 211 0
0 150 0
220 312 0
2 223 0
231 313 0
3 197 0
301 220 0
1 203 0
269 312 0
0 201 0
117 305 0
315 186 0
225 313 0
107 308 0
224 306 0
223 311 0
229 304 0
135 304 0
161 1 0
171 2 0
314 223 0
3 211 0
314 257 0
311 203 0
311 225 0
170 314 0
39 301 0
43 313 0
226 308 0
314 228 0
1 195 0
4 198 0
109 302 0
105 305 0
313 201 0
310 169 0
210 313 0
1 256 0
205 311 0
93 310 0
118 293 0
109 286 0
311 219 0
314 198 0
26 309 0
315 287 0
263 303 0
311 227 0
223 305 0
1 19 0
110 293 0
304 204 0
229 311 0
264 307 0
312 252 0
263 300 0
84 311 0
169 2 0
104 290 0
315 149 0
223 308 0
237 312 0
14 217 0
32 2 0
216 310 0
228 310 0
80 312 0
4 253 0
10 202 0
3 250 0
207 312 0
312 226 0
205 314 0
228 303 0
91 304 0
313 65 0
162 1 0
4 216 0
295 216 0
313 243 0
253 308 0
112 309 0
41 307 0
13 210 0
311 214 0
110 307 0
39 309 0
209 313 0
300 221 0
220 305 0
314 133 0
181 312 0
47 309 0
224 314 0
298 216 0
108 302 0
263 315 0
132 309 0
225 308 0
261 310 0
306 222 0
76 315 0
32 312 0
135 311 0
257 308 0
1 206 0
170 313 0
89 311 0
252 313 0
167 314 0
29 312 0
11 207 0
220 311 0
242 314 0
221 310 0
131 308 0
219 312 0
278 315 0
134 315 0
238 311 0
244 311 0
305 205 0
172 1 0
233 305 0
216 314 0
164 311 0
298 210 0
312 242 0
5 223 0
118 305 0
88 304 0
223 306 0
50 313 0
237 309 0
313 80 0
113 296 0
6 254 0
1 226 0
310 218 0
217 312 0
113 287 0
297 206 0
87 308 0
232 310 0
314 81 0
4 208 0
305 219 0
299 206 0
6 218 0
307 242 0
210 312 0
229 307 0
4 212 0
1 90 0
160 1 0
231 302 0
101 304 0
97 313 0
136 313 0
229 301 0
214 2 0
134 303 0
7 198 0
256 306 0
215 314 0
2 260 0
137 313 0
310 140 0
314 134 0
165 312 0
228 300 0
312 66 0
298 205 0
310 166 0
2 236 0
313 249 0
6 208 0
17 212 0
228 309 0
215 313 0
214 0 0
310 243 0
314 62 0
10 217 0
241 310 0
130 314 0
93 313 0
166 313 0
111 308 0
90 309 0
238 307 0
220 304 0
4 196 0
251 314 0
171 3 0
158 313 0
81 311 0
313 247 0
101 0 0
94 306 0
172 2 0
13 217 0
113 289 0
104 301 0
306 220 0
299 218 0
314 254 0
35 307 0
225 307 0
310 213 0
113 310 0
1 62 0
111 294 0
313 229 0
99 306 0
3 66 0
42 312 0
5 64 0
309 219 0
0 136 0
97 310 0
147 2 0
4 195 0
267 310 0
7 207 0
81 313 0
231 309 0
206 315 0
312 211 0
0 118 0
306 217 0
117 314 0
98 306 0
1 170 0
2 148 0
217 314 0
315 98 0
222 310 0
302 210 0
164 310 0
306 223 0
226 307 0
230 305 0
0 286 0
91 300 0
314 138 0
274 314 0
228 305 0
10 218 0
161 0 0
8 205 0
221 305 0
138 312 0
261 302 0
95 308 0
157 313 0
6 202 0
3 223 0
37 307 0
170 4 0
31 1 0
214 3 0
85 307 0
312 215 0
3 67 0
118 308 0
227 310 0
226 311 0
1 286 0
102 313 0
137 310 0
314 226 0
104 311 0
137 311 0
223 307 0
123 310 0
142 2 0
261 309 0
223 314 0
7 217 0
8 211 0
213 309 0
9 253 0
171 4 0
221 306 0
2 287 0
314 68 0
112 299 0
123 313 0
4 241 0
302 204 0
110 296 0
313 253 0
225 312 0
158 312 0
2 224 0
315 297 0
126 1 0
6 214 0
221 311 0
2 62 0
12 209 0
1 149 0
161 309 0
236 311 0
308 225 0
161 2 0
236 309 0
256 314 0
314 151 0
34 310 0
5 240 0
209 309 0
313 202 0
94 312 0
126 304 0
229 310 0
113 309 0
118 314 0
233 314 0
104 288 0
231 300 0
2 205 0
169 315 0
227 304 0
308 226 0
101 308 0
240 313 0
306 206 0
301 217 0
273 308 0
239 313 0
40 310 0
82 314 0
34 309 0
108 306 0
1 140 0
147 314 0
239 310 0
26 313 0
230 311 0
310 210 0
5 196 0
43 310 0
7 201 0
231 312 0
212 310 0
313 82 0
126 311 0
309 198 0
232 313 0
311 198 0
261 305 0
1 153 0
297 214 0
160 310 0
121 309 0
3 226 0
227 303 0
215 305 0
300 204 0
93 312 0
117 291 0
314 195 0
215 309 0
307 221 0
310 224 0
168 2 0
222 303 0
218 310 0
309 238 0
242 309 0
1 219 0
309 225 0
146 313 0
308 204 0
309 224 0
96 296 0
218 302 0
6 200 0
231 304 0
214 308 0
271 313 0
119 303 0
165 311 0
232 304 0
149 312 0
29 314 0
5 209 0
304 202 0
308 197 0
122 314 0
99 313 0
98 313 0
135 310 0
236 310 0
8 204 0
5 252 0
105 286 0
117 307 0
113 298 0
116 286 0
169 313 0
216 307 0
315 240 0
218 313 0
177 314 0
303 209 0
12 210 0
211 307 0
6 245 0
120 306 0
312 228 0
300 214 0
129 307 0
90 311 0
167 1 0
226 304 0
297 207 0
275 313 0
233 304 0
300 212 0
297 215 0
302 202 0
119 290 0
300 217 0
125 314 0
116 305 0
272 312 0
314 197 0
231 303 0
296 218 0
33 305 0
299 209 0
310 240 0
227 299 0
8 219 0
33 3 0
311 251 0
304 218 0
148 314 0
236 308 0
161 3 0
44 310 0
236 312 0
210 308 0
313 227 0
305 215 0
301 205 0
100 300 0
2 247 0
76 2 0
264 306 0
297 210 0
313 207 0
219 303 0
217 307 0
314 220 0
2 255 0
302 218 0
302 219 0
0 18 0
130 311 0
308 216 0
169 4 0
115 293 0
217 303 0
134 314 0
108 297 0
306 212 0
159 1 0
168 312 0
208 314 0
298 207 0
224 313 0
296 217 0
240 309 0
314 217 0
306 199 0
252 315 0
309 213 0
310 244 0
1 244 0
5 199 0
2 209 0
296 216 0
1 151 0
312 233 0
29 311 0
44 313 0
230 310 0
7 222 0
84 306 0
306 200 0
299 210 0
98 314 0
117 308 0
311 239 0
41 306 0
307 226 0
1 91 0
237 307 0
312 250 0
307 205 0
179 314 0
3 85 0
92 311 0
227 305 0
311 235 0
2 201 0
163 309 0
223 313 0
127 313 0
271 310 0
49 314 0
300 210 0
313 204 0
18 212 0
314 245 0
314 61 0
109 301 0
4 243 0
259 305 0
116 303 0
257 312 0
297 216 0
2 244 0
208 311 0
126 312 0
297 205 0
314 235 0
7 200 0
308 223 0
145 311 0
8 251 0
225 300 0
309 206 0
4 64 0
2 219 0
211 311 0
208 313 0
162 2 0
131 309 0
140 308 0
314 286 0
312 234 0
313 236 0
117 300 0
304 208 0
269 311 0
301 219 0
231 305 0
4 242 0
303 218 0
139 309 0
310 239 0
132 307 0
104 303 0
102 288 0
263 307 0
313 199 0
312 205 0
134 310 0
230 308 0
1 220 0
131 311 0
47 311 0
6 240 0
142 308 0
314 142 0
220 310 0
3 255 0
4 197 0
311 86 0
224 312 0
16 211 0
117 313 0
153 314 0
147 313 0
15 214 0
313 148 0
227 309 0
13 215 0
227 301 0
302 216 0
125 305 0
1 245 0
312 237 0
309 199 0
6 244 0
222 308 0
44 303 0
31 310 0
145 1 0
97 314 0
205 313 0
1 69 0
131 314 0
298 211 0
1 142 0
310 198 0
10 219 0
301 222 0
301 211 0
299 217 0
311 222 0
231 306 0
37 301 0
9 204 0
12 217 0
106 300 0
311 215 0
308 200 0
303 205 0
305 204 0
226 310 0
95 295 0
2 150 0
223 310 0
169 3 0
215 306 0
5 253 0
133 311 0
298 215 0
299 213 0
4 240 0
94 295 0
312 243 0
311 250 0
1 237 0
125 301 0
2 256 0
307 243 0
207 314 0
297 211 0
222 307 0
212 1 0
308 206 0
37 306 0
116 307 0
311 165 0
304 205 0
2 258 0
158 309 0
306 224 0
312 148 0
42 311 0
216 313 0
6 239 0
217 311 0
99 312 0
144 3 0
31 304 0
232 303 0
308 222 0
36 307 0
299 214 0
301 216 0
40 304 0
109 292 0
0 246 0
102 305 0
313 230 0
310 220 0
314 194 0
95 294 0
104 300 0
245 313 0
1 235 0
303 206 0
166 312 0
135 308 0
100 314 0
137 308 0
216 304 0
90 298 0
87 310 0
231 311 0
162 308 0
0 134 0
308 237 0
83 313 0
133 304 0
229 309 0
98 293 0
210 311 0
162 315 0
216 311 0
82 310 0
33 310 0
232 312 0
314 224 0
311 246 0
299 207 0
303 204 0
143 309 0
99 310 0
228 315 0
213 308 0
306 202 0
248 310 0
96 301 0
37 1 0
5 222 0
212 309 0
307 240 0
156 314 0
7 224 0
159 311 0
224 309 0
6 224 0
314 89 0
31 312 0
173 1 0
221 302 0
304 203 0
2 238 0
311 211 0
312 65 0
121 313 0
303 201 0
80 313 0
46 309 0
303 202 0
314 171 0
118 309 0
127 2 0
307 239 0
4 66 0
8 207 0
219 308 0
121 305 0
3 243 0
1 248 0
133 312 0
118 298 0
106 308 0
298 208 0
119 294 0
97 300 0
128 303 0
0 65 0
92 308 0
122 298 0
307 210 0
94 303 0
313 223 0
311 196 0
305 206 0
15 212 0
16 210 0
228 308 0
125 310 0
305 226 0
87 314 0
311 163 0
222 314 0
122 313 0
305 208 0
308 209 0
225 311 0
3 87 0
312 210 0
315 76 0
2 170 0
314 161 0
228 302 0
0 291 0
133 306 0
310 241 0
145 2 0
151 314 0
148 309 0
310 214 0
117 304 0
310 201 0
40 307 0
15 209 0
43 312 0
15 210 0
313 162 0
234 314 0
15 211 0
305 213 0
121 300 0
272 307 0
314 208 0
35 308 0
114 291 0
127 3 0
5 251 0
307 224 0
14 211 0
43 308 0
220 301 0
168 314 0
307 227 0
304 219 0
148 0 0
305 222 0
222 309 0
109 296 0
173 2 0
301 210 0
143 4 0
216 306 0
314 230 0
313 133 0
40 309 0
3 239 0
215 308 0
16 209 0
216 309 0
146 312 0
103 311 0
226 302 0
260 310 0
120 308 0
233 313 0
2 261 0
222 313 0
299 212 0
309 240 0
3 63 0
110 303 0
9 203 0
160 2 0
4 168 0
103 297 0
109 295 0
311 238 0
100 311 0
38 307 0
8 206 0
117 302 0
38 302 0
121 307 0
148 2 0
82 308 0
258 312 0
270 312 0
136 312 0
312 218 0
4 247 0
312 216 0
248 311 0
132 314 0
308 203 0
116 297 0
81 314 0
297 209 0
40 305 0
48 313 0
141 2 0
116 306 0
121 297 0
7 203 0
209 312 0
232 309 0
87 313 0
132 308 0
8 220 0
39 308 0
88 313 0
314 221 0
90 314 0
96 311 0
311 242 0
111 298 0
221 314 0
167 313 0
303 208 0
313 254 0
103 302 0
219 302 0
212 314 0
115 307 0
140 1 0
213 314 0
146 309 0
235 314 0
125 313 0
112 308 0
311 254 0
111 307 0
313 228 0
301 207 0
245 314 0
262 308 0
307 203 0
98 312 0
142 3 0
104 310 0
163 1 0
310 165 0
308 214 0
267 309 0
41 310 0
97 308 0
127 311 0
2 248 0
4 217 0
5 241 0
265 307 0
124 305 0
115 306 0
311 149 0
109 285 0
130 308 0
131 307 0
232 311 0
250 313 0
128 307 0
122 306 0
246 0 0
84 307 0
313 244 0
151 312 0
45 314 0
1 17 0
268 1 0
115 302 0
3 150 0
119 307 0
224 311 0
41 303 0
307 204 0
116 304 0
301 206 0
115 303 0
1 229 0
10 206 0
114 310 0
89 312 0
238 310 0
298 212 0
311 169 0
89 314 0
118 307 0
103 309 0
156 313 0
129 305 0
109 303 0
298 213 0
266 308 0
111 286 0
3 218 0
252 312 0
86 314 0
313 220 0
252 311 0
308 240 0
221 304 0
146 1 0
3 249 0
3 210 0
214 313 0
45 310 0
218 314 0
62 315 0
109 284 0
104 307 0
158 3 0
6 204 0
103 301 0
313 139 0
309 200 0
213 312 0
33 304 0
146 2 0
121 312 0
305 202 0
227 306 0
30 313 0
314 246 0
105 309 0
241 315 0
93 307 0
227 308 0
9 218 0
89 313 0
92 309 0
88 311 0
117 298 0
162 3 0
213 313 0
3 258 0
90 313 0
1 194 0
101 313 0
268 310 0
44 309 0
6 199 0
147 308 0
1 236 0
141 307 0
33 307 0
6 168 0
127 309 0
155 314 0
4 254 0
150 313 0
256 315 0
93 309 0
10 211 0
144 4 0
225 306 0
302 217 0
30 308 0
229 306 0
27 312 0
102 306 0
115 292 0
27 313 0
243 314 0
217 310 0
103 300 0
311 226 0
300 207 0
311 252 0
308 217 0
4 67 0
1 223 0
102 302 0
1 246 0
122 308 0
214 314 0
312 220 0
10 208 0
95 309 0
96 309 0
119 305 0
131 302 0
92 310 0
272 314 0
311 66 0
225 305 0
91 308 0
257 313 0
94 307 0
2 84 0
1 208 0
122 297 0
90 312 0
37 2 0
226 305 0
36 300 0
312 227 0
121 306 0
124 302 0
312 219 0
4 250 0
120 307 0
112 300 0
96 307 0
100 308 0
152 311 0
101 302 0
105 294 0
88 305 0
178 314 0
300 205 0
105 303 0
226 309 0
121 299 0
125 308 0
98 297 0
116 312 0
34 306 0
314 186 0
92 314 0
122 303 0
89 300 0
2 195 0
31 307 0
29 309 0
107 284 0
5 198 0
216 303 0
311 220 0
141 315 0
115 304 0
93 314 0
108 294 0
313 61 0
309 242 0
310 242 0
2 141 0
44 306 0
43 306 0
9 202 0
313 217 0
32 311 0
177 313 0
229 308 0
232 305 0
237 314 0
110 306 0
96 305 0
265 302 0
122 311 0
117 303 0
111 293 0
95 306 0
106 296 0
94 310 0
110 294 0
122 300 0
314 218 0
4 211 0
156 312 0
103 308 0
35 305 0
204 313 0
117 306 0
110 295 0
308 238 0
45 307 0
115 309 0
235 311 0
30 311 0
212 307 0
310 251 0
314 248 0
310 238 0
127 306 0
102 312 0
6 215 0
107 296 0
306 225 0
311 216 0
9 215 0
28 309 0
32 302 0
131 305 0
7 214 0
1 171 0
4 245 0
234 308 0
127 307 0
144 310 0
179 313 0
8 201 0
310 212 0
169 314 0
312 139 0
120 312 0
97 307 0
309 196 0
106 299 0
6 205 0
310 196 0
308 242 0
96 302 0
245 312 0
125 309 0
109 305 0
98 305 0
148 313 0
126 307 0
307 201 0
8 217 0
125 307 0
311 237 0
4 223 0
100 312 0
5 218 0
312 246 0
297 217 0
94 313 0
10 214 0
5 216 0
313 196 0
304 201 0
166 311 0
312 83 0
312 163 0
130 310 0
82 311 0
215 2 0
4 166 0
151 1 0
313 209 0
14 214 0
297 212 0
10 216 0
35 306 0
120 304 0
35 4 0
310 195 0
259 311 0
310 216 0
32 306 0
107 295 0
129 306 0
163 2 0
124 308 0
309 248 0
158 311 0
312 169 0
244 314 0
141 306 0
115 311 0
232 308 0
132 315 0
118 295 0
1 205 0
299 215 0
314 234 0
312 249 0
126 306 0
123 303 0
146 311 0
118 303 0
140 307 0
12 216 0
313 62 0
312 196 0
4 219 0
114 286 0
1 291 0
7 218 0
76 0 0
114 302 0
121 303 0
109 297 0
309 216 0
268 309 0
6 219 0
234 313 0
315 213 0
125 304 0
120 302 0
124 307 0
128 308 0
1 61 0
5 219 0
100 290 0
3 196 0
309 241 0
95 305 0
312 247 0
97 298 0
4 246 0
313 68 0
3 257 0
6 213 0
234 310 0
137 306 0
5 212 0
308 211 0
300 216 0
3 246 0
107 307 0
97 303 0
105 300 0
7 202 0
228 299 0
304 206 0
251 308 0
30 1 0
234 311 0
114 307 0
42 306 0
132 301 0
239 314 0
109 294 0
235 308 0
134 312 0
181 311 0
310 211 0
3 202 0
304 207 0
214 307 0
313 235 0
101 312 0
230 309 0
102 294 0
120 311 0
312 222 0
313 221 0
123 304 0
112 288 0
8 215 0
5 256 0
4 207 0
121 308 0
126 305 0
98 309 0
161 308 0
122 304 0
121 301 0
127 314 0
111 291 0
303 211 0
227 302 0
235 310 0
234 304 0
310 200 0
117 292 0
152 313 0
124 314 0
211 310 0
312 253 0
218 301 0
119 314 0
223 312 0
110 291 0
230 303 0
95 311 0
315 125 0
5 220 0
6 252 0
7 216 0
160 309 0
297 208 0
211 309 0
311 243 0
4 248 0
315 33 0
236 314 0
5 67 0
120 301 0
119 301 0
94 299 0
1 163 0
136 309 0
313 194 0
104 302 0
104 286 0
129 313 0
121 302 0
114 299 0
4 257 0
232 307 0
229 302 0
113 291 0
120 300 0
120 299 0
2 132 0
86 313 0
121 304 0
99 305 0
313 88 0
119 300 0
310 248 0
139 1 0
314 67 0
206 314 0
307 211 0
161 4 0
120 305 0
204 314 0
304 222 0
47 312 0
117 301 0
109 291 0
2 133 0
38 305 0
3 244 0
309 212 0
4 244 0
2 164 0
271 311 0
7 199 0
1 257 0
126 302 0
115 310 0
100 298 0
110 284 0
307 238 0
6 206 0
215 304 0
109 290 0
31 308 0
310 199 0
111 296 0
233 312 0
6 207 0
104 285 0
107 297 0
11 215 0
9 210 0
90 297 0
209 310 0
111 292 0
115 296 0
300 215 0
11 213 0
114 308 0
126 314 0
2 220 0
96 299 0
10 213 0
107 305 0
237 313 0
311 199 0
127 312 0
125 306 0
311 140 0
3 259 0
128 312 0
125 311 0
103 295 0
274 309 0
307 212 0
91 306 0
11 214 0
99 291 0
307 213 0
125 312 0
7 206 0
228 307 0
214 306 0
3 169 0
7 213 0
107 301 0
33 4 0
9 220 0
4 239 0
213 307 0
5 197 0
147 312 0
124 311 0
299 211 0
124 312 0
306 210 0
42 305 0
308 210 0
129 312 0
133 313 0
229 303 0
116 311 0
139 308 0
314 255 0
310 247 0
313 218 0
206 312 0
41 309 0
305 223 0
93 306 0
45 312 0
39 305 0
309 251 0
2 149 0
1 187 0
184 314 0
217 302 0
110 290 0
2 257 0
46 314 0
91 314 0
120 303 0
2 90 0
110 302 0
218 308 0
231 301 0
31 309 0
29 310 0
3 245 0
32 309 0
312 195 0
127 310 0
312 87 0
128 302 0
126 310 0
313 195 0
123 305 0
310 223 0
94 304 0
220 303 0
111 295 0
123 307 0
11 210 0
115 298 0
10 210 0
105 292 0
93 305 0
134 307 0
91 310 0
100 309 0
258 305 0
107 300 0
149 0 0
305 203 0
306 215 0
36 306 0
223 309 0
301 218 0
225 310 0
1 258 0
231 310 0
32 308 0
112 298 0
113 285 0
144 309 0
2 245 0
28 312 0
313 186 0
111 306 0
124 303 0
227 300 0
313 66 0
103 303 0
84 314 0
11 208 0
76 3 0
131 310 0
5 65 0
8 202 0
311 139 0
110 285 0
142 4 0
124 304 0
45 313 0
85 314 0
3 219 0
270 306 0
299 216 0
310 167 0
307 199 0
94 305 0
225 309 0
92 307 0
159 2 0
124 313 0
35 304 0
112 307 0
97 309 0
4 206 0
119 302 0
104 299 0
4 210 0
119 310 0
124 310 0
277 314 0
9 209 0
116 296 0
158 1 0
84 313 0
83 314 0
85 313 0
116 288 0
116 298 0
104 309 0
1 148 0
3 220 0
30 309 0
7 210 0
116 301 0
95 304 0
263 301 0
8 216 0
163 308 0
92 305 0
307 222 0
28 314 0
220 313 0
313 248 0
34 308 0
220 314 0
1 34 0
125 300 0
151 311 0
166 310 0
117 309 0
314 229 0
116 302 0
142 307 0
31 311 0
273 314 0
3 165 0
105 308 0
119 309 0
11 201 0
302 222 0
309 166 0
118 286 0
6 198 0
312 209 0
6 216 0
39 300 0
168 313 0
259 304 0
114 298 0
115 301 0
131 315 0
103 298 0
10 209 0
113 299 0
5 168 0
263 306 0
311 253 0
308 218 0
5 205 0
314 206 0
311 249 0
121 310 0
9 201 0
215 303 0
133 310 0
126 300 0
160 3 0
312 248 0
210 310 0
113 308 0
208 310 0
115 299 0
116 299 0
16 214 0
122 302 0
118 301 0
89 310 0
114 300 0
305 211 0
100 305 0
92 312 0
40 308 0
123 302 0
116 287 0
114 303 0
218 300 0
101 306 0
85 312 0
219 301 0
236 313 0
86 311 0
314 219 0
15 213 0
119 313 0
8 210 0
235 313 0
4 224 0
311 164 0
115 300 0
103 310 0
1 152 0
33 308 0
2 237 0
11 219 0
48 314 0
313 198 0
264 315 0
311 64 0
150 3 0
151 2 0
308 212 0
250 309 0
307 198 0
34 5 0
213 305 0
92 313 0
183 313 0
113 295 0
219 313 0
9 219 0
99 314 0
6 217 0
94 311 0
102 303 0
3 224 0
7 215 0
114 296 0
113 297 0
4 86 0
1 204 0
143 308 0
2 68 0
164 1 0
116 315 0
49 313 0
9 200 0
88 306 0
145 310 0
233 308 0
134 311 0
4 249 0
5 243 0
235 312 0
314 204 0
4 218 0
116 292 0
103 304 0
45 309 0
105 297 0
101 305 0
149 314 0
39 307 0
51 313 0
103 305 0
3 225 0
1 136 0
272 313 0
311 168 0
29 308 0
5 217 0
208 312 0
189 0 0
314 207 0
101 303 0
5 167 0
212 306 0
10 207 0
315 301 0
212 308 0
100 303 0
164 309 0
112 295 0
157 312 0
112 296 0
260 307 0
105 288 0
96 310 0
295 209 0
96 313 0
311 195 0
37 304 0
145 308 0
308 199 0
299 220 0
255 314 0
1 207 0
36 303 0
93 308 0
145 309 0
276 313 0
100 313 0
102 301 0
296 209 0
150 314 0
2 227 0
210 309 0
312 244 0
32 310 0
91 312 0
261 308 0
258 311 0
116 295 0
135 312 0
214 304 0
295 208 0
42 310 0
47 313 0
3 141 0
271 307 0
115 291 0
91 303 0
308 202 0
11 217 0
99 307 0
305 220 0
215 307 0
33 309 0
309 202 0
39 304 0
95 310 0
104 308 0
95 314 0
117 312 0
309 165 0
95 313 0
128 310 0
309 201 0
228 306 0
34 307 0
38 1 0
101 295 0
39 1 0
110 283 0
108 290 0
2 135 0
267 308 0
262 301 0
107 293 0
296 207 0
118 312 0
108 293 0
44 308 0
144 5 0
233 311 0
143 5 0
149 4 0
306 205 0
140 306 0
135 313 0
7 212 0
4 238 0
37 315 0
310 252 0
251 312 0
6 212 0
14 212 0
106 304 0
241 308 0
310 85 0
315 85 0
147 1 0
7 223 0
114 297 0
121 314 0
118 313 0
0 250 0
97 296 0
307 166 0
301 212 0
226 306 0
96 314 0
119 289 0
98 310 0
96 312 0
40 306 0
2 222 0
233 306 0
233 307 0
214 312 0
312 63 0
106 307 0
216 308 0
164 2 0
10 220 0
146 308 0
142 5 0
149 313 0
138 307 0
122 309 0
99 311 0
268 308 0
43 305 0
116 309 0
3 68 0
114 309 0
312 254 0
1 221 0
118 302 0
38 2 0
97 312 0
167 312 0
308 165 0
222 304 0
108 292 0
8 212 0
216 302 0
29 313 0
266 307 0
97 311 0
313 206 0
91 311 0
86 307 0
4 68 0
108 305 0
228 301 0
5 206 0
4 255 0
110 305 0
6 253 0
2 285 0
227 307 0
314 193 0
114 290 0
2 140 0
306 221 0
230 304 0
1 139 0
313 245 0
230 306 0
117 311 0
310 215 0
98 311 0
0 252 0
230 307 0
254 309 0
122 312 0
313 151 0
148 308 0
3 238 0
88 309 0
180 312 0
112 285 0
259 310 0
312 199 0
138 308 0
116 310 0
44 312 0
109 304 0
24 313 0
2 208 0
224 308 0
311 210 0
232 306 0
245 311 0
5 242 0
224 310 0
120 313 0
120 309 0
113 292 0
98 303 0
253 310 0
269 310 0
118 291 0
4 204 0
240 308 0
207 313 0
39 306 0
313 171 0
260 309 0
8 252 0
38 306 0
313 170 0
40 302 0
108 301 0
1 89 0
162 4 0
311 200 0
3 256 0
108 304 0
107 306 0
30 310 0
38 304 0
110 301 0
159 308 0
238 309 0
30 312 0
1 132 0
3 209 0
120 314 0
98 308 0
99 308 0
137 315 0
311 84 0
262 305 0
119 308 0
134 313 0
13 218 0
133 314 0
12 218 0
107 302 0
5 210 0
37 305 0
36 301 0
5 211 0
239 309 0
144 308 0
304 200 0
101 310 0
314 90 0
46 313 0
308 166 0
256 313 0
95 307 0
102 311 0
296 214 0
314 60 0
314 205 0
308 213 0
23 312 0
307 225 0
100 307 0
312 229 0
103 306 0
251 313 0
101 307 0
4 222 0
102 309 0
311 83 0
132 310 0
271 312 0
46 312 0
247 312 0
314 172 0
8 203 0
162 307 0
126 303 0
101 294 0
7 211 0
115 290 0
12 219 0
111 305 0
302 208 0
3 195 0
99 302 0
36 305 0
43 311 0
1 162 0
34 303 0
107 304 0
3 248 0
132 313 0
131 301 0
23 313 0
1 172 0
139 306 0
106 306 0
6 241 0
100 306 0
113 307 0
105 307 0
143 307 0
132 312 0
102 296 0
96 308 0
131 313 0
122 310 0
159 310 0
313 255 0
302 209 0
109 287 0
314 256 0
5 66 0
8 214 0
136 314 0
303 222 0
6 210 0
265 306 0
6 223 0
117 295 0
112 302 0
222 312 0
310 168 0
101 309 0
4 221 0
1 228 0
2 61 0
110 304 0
252 307 0
251 307 0
83 0 0
259 0 0
247 0 0
260 0 0
278 0 0
241 0 0
82 0 0
254 0 0
232 0 0
240 0 0
258 0 0
250 0 0
191 0 0
273 0 0
274 0 0
276 0 0
292 0 0
267 0 0
265 0 0
85 315 0
122 0 0
129 0 0
123 0 0
280 315 0
82 315 0
83 315 0
229 0 0
285 0 0
192 0 0
315 270 0
0 271 0
0 281 0
37 0 0
81 0 0
211 315 0
208 315 0
124 0 0
315 302 0
114 0 0
315 303 0
92 0 0
273 315 0
91 0 0
0 304 0
48 0 0
281 315 0
209 315 0
0 245 0
115 0 0
0 303 0
315 279 0
0 247 0
315 235 0
178 0 0
0 162 0
47 0 0
0 37 0
315 245 0
179 0 0
315 249 0
0 248 0
126 0 0
315 280 0
38 0 0
315 234 0
255 0 0
282 315 0
27 0 0
0 163 0
39 0 0
315 312 0
0 279 0
271 315 0
0 278 0
243 0 0
315 252 0
0 164 0
291 0 0
0 38 0
0 66 0
184 0 0
30 0 0
284 315 0
49 0 0
97 0 0
0 302 0
279 0 0
315 38 0
315 39 0
65 0 0
43 0 0
0 243 0
0 301 0
285 315 0
290 0 0
0 54 0
0 295 0
0 254 0
311 315 0
315 40 0
21 0 0
0 274 0
128 0 0
132 0 0
0 2 0
0 297 0
315 13 0
315 274 0
309 315 0
0 15 0
315 266 0
296 315 0
20 0 0
104 0 0
0 266 0
247 315 0
0 288 0
41 0 0
0 165 0
315 163 0
110 0 0
0 1 0
269 315 0
315 288 0
315 164 0
111 0 0
29 0 0
315 255 0
6 0 0
268 315 0
267 315 0
0 282 0
0 283 0
245 0 0
234 0 0
64 0 0
288 315 0
266 315 0
315 286 0
0 284 0
172 0 0
289 315 0
0 256 0
315 246 0
315 284 0
0 251 0
40 0 0
0 16 0
304 0 0
290 315 0
291 315 0
300 315 0
303 0 0
119 315 0
252 0 0
315 258 0
194 0 0
292 315 0
120 315 0
0 47 0
0 313 0
0 52 0
44 0 0
61 0 0
315 259 0
0 259 0
261 0 0
117 315 0
315 41 0
289 0 0
201 0 0
0 260 0
0 17 0
0 166 0
253 0 0
293 315 0
315 260 0
0 41 0
315 262 0
60 0 0
130 0 0
315 261 0
0 253 0
80 0 0
310 0 0
294 315 0
107 315 0
0 262 0
295 315 0
235 0 0
315 169 0
112 315 0
0 241 0
315 267 0
261 315 0
274 315 0
288 0 0
315 12 0
265 315 0
0 43 0
131 0 0
315 238 0
0 213 0
271 0 0
303 315 0
0 264 0
0 267 0
169 0 0
315 172 0
0 169 0
315 285 0
302 315 0
258 315 0
0 71 0
250 315 0
304 315 0
46 0 0
257 315 0
315 298 0
0 299 0
315 265 0
202 0 0
50 0 0
0 170 0
0 312 0
315 170 0
0 171 0
315 69 0
0 268 0
315 250 0
315 173 0
315 310 0
248 315 0
283 315 0
4 315 0
246 315 0
255 315 0
315 44 0
0 172 0
315 16 0
1 0 0
315 269 0
0 269 0
235 315 0
5 315 0
315 17 0
0 310 0
234 315 0
0 19 0
0 185 0
0 270 0
306 315 0
172 315 0
253 315 0
315 1 0
0 290 0
315 70 0
0 293 0
315 289 0
183 0 0
0 292 0
315 272 0
308 315 0
171 315 0
0 258 0
0 173 0
0 294 0
277 0 0
167 315 0
238 0 0
0 309 0
77 0 0
315 19 0
0 272 0
182 0 0
156 315 0
315 273 0
257 0 0
0 273 0
315 45 0
99 315 0
75 0 0
239 0 0
315 165 0
154 315 0
217 315 0
167 0 0
272 315 0
314 0 0
315 232 0
239 315 0
286 0 0
3 0 0
315 62 0
0 20 0
238 315 0
0 244 0
260 315 0
102 315 0
315 247 0
315 56 0
165 0 0
315 5 0
107 0 0
197 315 0
0 114 0
315 278 0
90 0 0
0 296 0
215 315 0
315 120 0
315 214 0
314 315 0
0 25 0
59 0 0
244 315 0
25 0 0
315 294 0
0 175 0
315 174 0
17 315 0
0 127 0
18 315 0
0 73 0
315 230 0
236 0 0
0 46 0
30 315 0
243 315 0
315 206 0
309 0 0
315 48 0
89 0 0
297 315 0
59 315 0
315 96 0
0 237 0
0 176 0
63 0 0
201 315 0
272 0 0
91 315 0
0 32 0
0 314 0
315 197 0
287 0 0
305 0 0
116 0 0
0 239 0
315 175 0
315 47 0
251 0 0
315 79 0
315 147 0
315 50 0
163 0 0
281 0 0
315 216 0
139 315 0
315 233 0
0 5 0
315 111 0
24 315 0
0 106 0
0 21 0
148 315 0
168 315 0
203 0 0
17 0 0
315 188 0
100 0 0
312 315 0
0 180 0
140 315 0
0 75 0
315 77 0
293 0 0
315 27 0
0 228 0
0 89 0
0 116 0
286 315 0
306 0 0
315 4 0
315 299 0
0 48 0
315 194 0
315 179 0
87 315 0
56 0 0
0 190 0
180 0 0
315 74 0
315 116 0
0 198 0
266 0 0
0 196 0
0 110 0
111 315 0
315 181 0
73 315 0
0 112 0
315 191 0
0 232 0
145 315 0
0 183 0
315 196 0
315 231 0
55 0 0
0 230 0
0 199 0
315 60 0
315 73 0
315 208 0
2 315 0
23 0 0
315 20 0
315 199 0
198 0 0
315 114 0
0 120 0
18 0 0
54 0 0
0 88 0
26 0 0
191 315 0
315 8 0
0 305 0
0 83 0
315 131 0
117 0 0
0 193 0
0 40 0
0 217 0
315 104 0
97 315 0
315 2 0
315 223 0
315 3 0
315 121 0
190 315 0
113 315 0
315 105 0
195 0 0
0 137 0
0 141 0
315 135 0
203 315 0
315 75 0
0 202 0
13 0 0
0 107 0
105 0 0
54 315 0
3 315 0
207 315 0
157 0 0
156 0 0
242 0 0
315 103 0
315 132 0
44 315 0
315 221 0
315 185 0
294 0 0
315 72 0
284 0 0
0 200 0
315 136 0
270 0 0
263 0 0
279 315 0
308 0 0
315 137 0
0 30 0
315 282 0
36 315 0
0 22 0
287 315 0
0 9 0
84 315 0
315 202 0
315 183 0
315 229 0
315 148 0
315 107 0
204 0 0
212 315 0
315 159 0
0 186 0
315 138 0
315 21 0
315 97 0
0 192 0
118 315 0
0 123 0
0 153 0
53 0 0
0 72 0
0 216 0
10 0 0
315 81 0
206 0 0
0 33 0
249 315 0
315 28 0
315 152 0
315 122 0
159 315 0
315 177 0
228 0 0
0 109 0
22 0 0
315 115 0
0 122 0
0 79 0
210 0 0
315 187 0
0 140 0
315 176 0
125 0 0
245 315 0
0 111 0
166 315 0
6 315 0
58 0 0
133 0 0
99 0 0
28 0 0
159 0 0
176 0 0
315 128 0
0 227 0
315 127 0
216 0 0
315 51 0
305 315 0
315 22 0
315 161 0
315 227 0
307 315 0
0 132 0
74 0 0
0 142 0
0 3 0
0 300 0
0 121 0
98 0 0
315 195 0
14 315 0
315 296 0
315 78 0
237 315 0
13 315 0
177 0 0
208 0 0
153 0 0
0 102 0
0 307 0
0 26 0
137 0 0
227 0 0
0 11 0
0 23 0
88 0 0
0 126 0
315 93 0
315 43 0
65 315 0
315 293 0
0 187 0
138 315 0
0 208 0
0 249 0
218 0 0
0 236 0
128 315 0
7 315 0
315 200 0
0 82 0
0 188 0
315 80 0
307 0 0
175 0 0
0 189 0
0 51 0
110 315 0
100 315 0
315 275 0
315 124 0
199 0 0
310 315 0
0 149 0
301 315 0
0 177 0
315 236 0
8 315 0
181 0 0
108 315 0
232 315 0
231 0 0
315 119 0
315 151 0
185 0 0
0 151 0
0 234 0
315 308 0
315 134 0
0 131 0
0 233 0
0 152 0
315 271 0
315 162 0
71 0 0
60 315 0
233 0 0
295 0 0
0 207 0
0 128 0
0 124 0
216 315 0
69 315 0
9 315 0
0 129 0
237 0 0
0 178 0
0 277 0
55 315 0
0 81 0
315 158 0
56 315 0
315 53 0
70 315 0
19 0 0
0 206 0
51 315 0
164 0 0
315 102 0
0 160 0
0 157 0
96 0 0
225 0 0
48 315 0
87 0 0
125 315 0
0 167 0
10 315 0
146 315 0
0 211 0
315 133 0
164 315 0
152 315 0
315 23 0
52 0 0
315 130 0
77 315 0
315 129 0
0 255 0
0 117 0
0 205 0
0 147 0
315 95 0
0 154 0
315 54 0
134 0 0
315 61 0
0 215 0
14 0 0
0 70 0
212 0 0
182 315 0
143 315 0
213 0 0
66 315 0
0 263 0
0 85 0
226 0 0
186 0 0
0 94 0
0 93 0
315 264 0
283 0 0
0 144 0
184 315 0
242 315 0
12 0 0
315 6 0
124 315 0
315 251 0
130 315 0
233 315 0
34 315 0
275 0 0
315 86 0
196 315 0
315 143 0
135 0 0
0 59 0
0 229 0
0 97 0
248 0 0
315 82 0
315 203 0
217 0 0
315 220 0
0 6 0
0 91 0
315 292 0
168 0 0
0 125 0
0 86 0
0 24 0
0 76 0
315 84 0
78 0 0
33 315 0
0 156 0
0 87 0
315 189 0
88 315 0
0 29 0
244 0 0
105 315 0
0 95 0
183 315 0
136 0 0
42 0 0
315 25 0
0 92 0
249 0 0
315 156 0
315 168 0
0 182 0
315 126 0
224 315 0
0 27 0
315 26 0
315 108 0
74 315 0
205 0 0
315 91 0
95 0 0
315 90 0
0 242 0
315 141 0
0 99 0
68 0 0
315 243 0
315 7 0
0 77 0
315 139 0
0 197 0
2 0 0
154 0 0
315 150 0
118 0 0
0 39 0
58 315 0
315 242 0
315 244 0
193 0 0
0 28 0
166 0 0
270 315 0
315 24 0
299 315 0
315 117 0
315 142 0
315 180 0
311 0 0
138 0 0
92 315 0
0 108 0
196 0 0
315 300 0
36 0 0
0 100 0
297 0 0
35 0 0
0 133 0
0 195 0
1 315 0
0 103 0
11 315 0
296 0 0
0 148 0
73 0 0
315 193 0
298 0 0
262 315 0
106 0 0
0 104 0
315 146 0
0 7 0
0 67 0
315 71 0
0 101 0
215 0 0
0 105 0
20 315 0
0 138 0
315 99 0
29 315 0
315 59 0
298 315 0
240 315 0
175 315 0
119 0 0
123 315 0
313 315 0
277 315 0
231 315 0
0 31 0
165 315 0
224 0 0
122 315 0
21 315 0
315 88 0
174 0 0
315 226 0
264 0 0
46 315 0
0 8 0
188 315 0
67 0 0
229 315 0
230 315 0
315 153 0
163 315 0
315 154 0
315 52 0
315 100 0
106 315 0
0 174 0
315 178 0
315 123 0
126 315 0
0 261 0
0 226 0
223 0 0
120 0 0
315 253 0
22 315 0
94 0 0
315 110 0
315 118 0
0 44 0
121 0 0
315 87 0
0 308 0
0 222 0
15 315 0
205 315 0
280 0 0
139 0 0
24 0 0
155 0 0
315 101 0
0 61 0
0 115 0
0 119 0
315 89 0
315 225 0
25 315 0
129 315 0
103 0 0
52 315 0
26 315 0
315 42 0
149 315 0
108 0 0
27 315 0
0 289 0
0 98 0
61 315 0
315 268 0
315 57 0
315 46 0
315 254 0
312 0 0
115 315 0
57 0 0
315 29 0
0 45 0
0 145 0
49 315 0
53 315 0
47 315 0
315 224 0
0 57 0
315 30 0
45 0 0
121 315 0
315 14 0
200 315 0
0 225 0
315 92 0
0 49 0
315 37 0
299 0 0
223 315 0
141 0 0
315 222 0
41 315 0
0 191 0
187 0 0
204 315 0
38 315 0
50 315 0
315 106 0
72 315 0
0 223 0
222 315 0
112 0 0
0 168 0
0 74 0
28 315 0
300 0 0
315 155 0
315 10 0
127 315 0
0 219 0
315 257 0
315 219 0
220 315 0
198 315 0
213 315 0
33 0 0
315 248 0
315 31 0
0 306 0
0 4 0
315 217 0
42 315 0
315 113 0
0 58 0
0 155 0
31 315 0
0 135 0
43 315 0
136 315 0
315 237 0
315 277 0
5 0 0
199 315 0
193 315 0
0 139 0
0 158 0
315 144 0
78 315 0
0 221 0
160 0 0
211 0 0
315 32 0
4 0 0
313 0 0
202 315 0
158 315 0
0 146 0
39 315 0
12 315 0
186 315 0
72 0 0
40 315 0
315 228 0
173 0 0
0 69 0
315 211 0
0 34 0
236 315 0
0 298 0
0 257 0
315 18 0
315 64 0
0 113 0
0 159 0
45 315 0
0 224 0
209 0 0
177 315 0
192 315 0
0 220 0
189 315 0
315 290 0
315 212 0
315 201 0
89 315 0
86 0 0
0 235 0
146 0 0
155 315 0
315 198 0
195 315 0
315 11 0
315 218 0
0 62 0
0 60 0
222 0 0
64 315 0
185 315 0
135 315 0
315 65 0
180 315 0
259 315 0
221 0 0
187 315 0
315 283 0
35 315 0
275 315 0
315 157 0
0 12 0
145 0 0
0 35 0
0 55 0
69 0 0
221 315 0
301 0 0
179 315 0
0 53 0
68 315 0
315 205 0
161 315 0
0 181 0
176 315 0
174 315 0
66 0 0
0 56 0
315 306 0
315 305 0
315 63 0
315 15 0
251 315 0
171 0 0
144 315 0
142 0 0
0 63 0
16 0 0
0 78 0
9 0 0
315 209 0
315 295 0
0 184 0
315 241 0
315 184 0
142 315 0
150 0 0
157 315 0
315 167 0
160 315 0
16 315 0
219 315 0
114 315 0
315 313 0
315 314 0
315 204 0
0 238 0
173 315 0
0 161 0
0 231 0
0 204 0
32 0 0
0 50 0
15 0 0
0 10 0
315 190 0
0 218 0
19 315 0
57 315 0
51 0 0
0 240 0
315 49 0
315 207 0
207 0 0
63 315 0
315 256 0
315 55 0
23 315 0
315 239 0
315 34 0
67 315 0
315 304 0
220 0 0
315 276 0
315 307 0
315 182 0
94 315 0
315 67 0
71 315 0
315 160 0
85 0 0
200 0 0
315 58 0
113 0 0
315 109 0
140 0 0
226 315 0
230 0 0
104 315 0
0 96 0
150 315 0
0 265 0
315 171 0
75 315 0
315 263 0
81 315 0
147 0 0
269 0 0
31 0 0
84 0 0
302 0 0
315 291 0
0 212 0
219 0 0
79 315 0
0 311 0
315 9 0
276 315 0
0 275 0
315 145 0
315 35 0
315 215 0
80 315 0
151 315 0
109 0 0
315 309 0
86 315 0
315 210 0
0 143 0
188 0 0
0 36 0
190 0 0
0 64 0
8 0 0
315 68 0
151 0 0
0 68 0
133 315 0
152 0 0
0 130 0
93 0 0
0 209 0
93 315 0
70 0 0
262 0 0
90 315 0
144 0 0
256 0 0
315 94 0
0 203 0
0 84 0
98 315 0
96 315 0
225 315 0
11 0 0
162 0 0
0 276 0
0 179 0
315 112 0
7 0 0
0 42 0
103 315 0
0 13 0
315 36 0
95 315 0
153 315 0
0 280 0
0 14 0
315 83 0
0 210 0
315 281 0
101 315 0
62 0 0
197 0 0
low, high, current -1 -1 8
Confirming Router Algorithm: TIMING_DRIVEN.
T_crit: 1.14107e-07.
T_crit: 1.14077e-07.
T_crit: 1.1427e-07.
T_crit: 1.14173e-07.
T_crit: 1.14173e-07.
T_crit: 1.14173e-07.
T_crit: 1.14174e-07.
T_crit: 1.14278e-07.
T_crit: 1.14478e-07.
T_crit: 1.14174e-07.
T_crit: 1.1448e-07.
T_crit: 1.14689e-07.
T_crit: 1.15423e-07.
T_crit: 1.14586e-07.
T_crit: 1.14586e-07.
T_crit: 1.14795e-07.
T_crit: 1.15005e-07.
T_crit: 1.15214e-07.
T_crit: 1.14795e-07.
T_crit: 1.15631e-07.
T_crit: 1.15933e-07.
T_crit: 1.16243e-07.
T_crit: 1.16042e-07.
T_crit: 1.16878e-07.
T_crit: 1.18335e-07.
T_crit: 1.17703e-07.
T_crit: 1.18541e-07.
T_crit: 1.18658e-07.
T_crit: 1.20013e-07.
T_crit: 1.20432e-07.
T_crit: 1.19594e-07.
T_crit: 1.19491e-07.
T_crit: 1.19072e-07.
T_crit: 1.18941e-07.
T_crit: 1.2198e-07.
T_crit: 1.21564e-07.
T_crit: 1.2073e-07.
T_crit: 1.21969e-07.
T_crit: 1.25604e-07.
T_crit: 1.24453e-07.
T_crit: 1.24558e-07.
T_crit: 1.24348e-07.
T_crit: 1.23415e-07.
T_crit: 1.24362e-07.
T_crit: 1.24772e-07.
T_crit: 1.27262e-07.
T_crit: 1.27679e-07.
T_crit: 1.26646e-07.
T_crit: 1.27064e-07.
T_crit: 1.26961e-07.
Routing failed.
low, high, current 8 -1 16
Confirming Router Algorithm: TIMING_DRIVEN.
T_crit: 1.14107e-07.
T_crit: 1.1409e-07.
T_crit: 1.14259e-07.
T_crit: 1.14259e-07.
T_crit: 1.14171e-07.
T_crit: 1.14266e-07.
T_crit: 1.14266e-07.
T_crit: 1.14266e-07.
T_crit: 1.14266e-07.
T_crit: 1.14266e-07.
T_crit: 1.14266e-07.
T_crit: 1.14266e-07.
T_crit: 1.14266e-07.
T_crit: 1.14266e-07.
T_crit: 1.14266e-07.
T_crit: 1.14266e-07.
T_crit: 1.14266e-07.
T_crit: 1.14267e-07.
T_crit: 1.14267e-07.
T_crit: 1.14645e-07.
T_crit: 1.14267e-07.
T_crit: 1.14267e-07.
T_crit: 1.14267e-07.
T_crit: 1.14328e-07.
T_crit: 1.1443e-07.
T_crit: 1.14641e-07.
T_crit: 1.1485e-07.
T_crit: 1.15426e-07.
T_crit: 1.15625e-07.
T_crit: 1.16985e-07.
T_crit: 1.17602e-07.
T_crit: 1.19069e-07.
T_crit: 1.19281e-07.
T_crit: 1.19911e-07.
T_crit: 1.20192e-07.
T_crit: 1.18329e-07.
T_crit: 1.18746e-07.
T_crit: 1.21239e-07.
T_crit: 1.20197e-07.
T_crit: 1.20091e-07.
T_crit: 1.20847e-07.
T_crit: 1.21362e-07.
T_crit: 1.23224e-07.
T_crit: 1.22389e-07.
T_crit: 1.23559e-07.
T_crit: 1.22823e-07.
T_crit: 1.23137e-07.
T_crit: 1.22091e-07.
T_crit: 1.2397e-07.
T_crit: 1.26171e-07.
Routing failed.
low, high, current 16 -1 32
Confirming Router Algorithm: TIMING_DRIVEN.
T_crit: 1.14107e-07.
T_crit: 1.14145e-07.
T_crit: 1.14233e-07.
T_crit: 1.14137e-07.
T_crit: 1.14137e-07.
T_crit: 1.14137e-07.
T_crit: 1.14137e-07.
T_crit: 1.14137e-07.
T_crit: 1.14137e-07.
T_crit: 1.14137e-07.
T_crit: 1.14137e-07.
T_crit: 1.14137e-07.
T_crit: 1.14137e-07.
T_crit: 1.14137e-07.
T_crit: 1.14137e-07.
T_crit: 1.14137e-07.
T_crit: 1.14137e-07.
T_crit: 1.14137e-07.
T_crit: 1.14137e-07.
Successfully routed after 20 routing iterations.
Completed net delay value cross check successfully.
low, high, current 16 32 24
Confirming Router Algorithm: TIMING_DRIVEN.
T_crit: 1.14107e-07.
T_crit: 1.14145e-07.
T_crit: 1.14201e-07.
T_crit: 1.14142e-07.
T_crit: 1.14137e-07.
T_crit: 1.1436e-07.
T_crit: 1.14257e-07.
T_crit: 1.14254e-07.
T_crit: 1.14359e-07.
T_crit: 1.14365e-07.
T_crit: 1.14171e-07.
T_crit: 1.14266e-07.
T_crit: 1.14266e-07.
T_crit: 1.14266e-07.
T_crit: 1.14266e-07.
T_crit: 1.14266e-07.
T_crit: 1.14266e-07.
T_crit: 1.14266e-07.
T_crit: 1.14266e-07.
T_crit: 1.14266e-07.
T_crit: 1.14266e-07.
T_crit: 1.14266e-07.
T_crit: 1.14266e-07.
T_crit: 1.14266e-07.
T_crit: 1.14266e-07.
T_crit: 1.14266e-07.
T_crit: 1.14266e-07.
T_crit: 1.14266e-07.
T_crit: 1.14266e-07.
T_crit: 1.14266e-07.
T_crit: 1.14266e-07.
T_crit: 1.14266e-07.
T_crit: 1.14266e-07.
Successfully routed after 34 routing iterations.
Completed net delay value cross check successfully.
low, high, current 16 24 20
Confirming Router Algorithm: TIMING_DRIVEN.
T_crit: 1.14204e-07.
T_crit: 1.14049e-07.
T_crit: 1.14338e-07.
T_crit: 1.13899e-07.
T_crit: 1.13807e-07.
T_crit: 1.1444e-07.
T_crit: 1.1444e-07.
T_crit: 1.1444e-07.
T_crit: 1.1444e-07.
T_crit: 1.14542e-07.
T_crit: 1.14335e-07.
T_crit: 1.14448e-07.
T_crit: 1.14542e-07.
T_crit: 1.14542e-07.
T_crit: 1.14542e-07.
T_crit: 1.14599e-07.
T_crit: 1.14503e-07.
T_crit: 1.14505e-07.
T_crit: 1.14505e-07.
T_crit: 1.1451e-07.
T_crit: 1.14706e-07.
T_crit: 1.14506e-07.
T_crit: 1.14506e-07.
T_crit: 1.14814e-07.
T_crit: 1.14706e-07.
T_crit: 1.14913e-07.
T_crit: 1.14921e-07.
T_crit: 1.14921e-07.
T_crit: 1.15273e-07.
T_crit: 1.15273e-07.
T_crit: 1.15273e-07.
T_crit: 1.15255e-07.
T_crit: 1.15587e-07.
T_crit: 1.15464e-07.
T_crit: 1.15989e-07.
T_crit: 1.15366e-07.
T_crit: 1.15362e-07.
T_crit: 1.1536e-07.
T_crit: 1.15466e-07.
T_crit: 1.1536e-07.
T_crit: 1.1536e-07.
T_crit: 1.15142e-07.
T_crit: 1.16204e-07.
T_crit: 1.16204e-07.
T_crit: 1.15128e-07.
T_crit: 1.15128e-07.
T_crit: 1.1513e-07.
T_crit: 1.15147e-07.
T_crit: 1.16171e-07.
T_crit: 1.16171e-07.
Routing failed.
low, high, current 20 24 22
Confirming Router Algorithm: TIMING_DRIVEN.
T_crit: 1.14134e-07.
T_crit: 1.13931e-07.
T_crit: 1.13823e-07.
T_crit: 1.14122e-07.
T_crit: 1.14003e-07.
T_crit: 1.13847e-07.
T_crit: 1.13787e-07.
T_crit: 1.13841e-07.
T_crit: 1.14285e-07.
T_crit: 1.13731e-07.
T_crit: 1.14131e-07.
T_crit: 1.13942e-07.
T_crit: 1.14119e-07.
T_crit: 1.13935e-07.
T_crit: 1.13935e-07.
T_crit: 1.13935e-07.
T_crit: 1.13935e-07.
T_crit: 1.13935e-07.
T_crit: 1.13935e-07.
T_crit: 1.13935e-07.
T_crit: 1.13935e-07.
T_crit: 1.13935e-07.
T_crit: 1.13935e-07.
T_crit: 1.13935e-07.
T_crit: 1.13935e-07.
T_crit: 1.13935e-07.
T_crit: 1.13935e-07.
T_crit: 1.13935e-07.
T_crit: 1.13935e-07.
T_crit: 1.13935e-07.
T_crit: 1.13935e-07.
T_crit: 1.13935e-07.
T_crit: 1.13935e-07.
T_crit: 1.13971e-07.
T_crit: 1.13974e-07.
T_crit: 1.13974e-07.
T_crit: 1.13974e-07.
T_crit: 1.13974e-07.
T_crit: 1.13969e-07.
T_crit: 1.13969e-07.
T_crit: 1.13969e-07.
T_crit: 1.13969e-07.
T_crit: 1.13969e-07.
T_crit: 1.13969e-07.
T_crit: 1.13969e-07.
T_crit: 1.13969e-07.
T_crit: 1.13969e-07.
T_crit: 1.13969e-07.
T_crit: 1.13969e-07.
T_crit: 1.13969e-07.
Routing failed.

Checking to ensure routing is legal ...
Completed routing consistency check successfully.

Serial number (magic cookie) for the routing is: 263233349
Best routing used a channel width factor of 24.


Average number of bends per net: 10.3539  Maximum # of bends: 397


The number of routed nets (nonglobal): 3979
Wirelength results (all in units of 1 clb segments):
	Total wirelength: 676711   Average net length: 170.071
	Maximum net length: 2943

Wirelength results in terms of physical segments:
	Total wiring segments used: 339246   Av. wire segments per net: 85.2591
	Maximum segments used by a net: 1484


X - Directed channels:

j	max occ	av_occ		capacity
0	19	11.0159  	24
1	19	10.8949  	24
2	20	8.36624  	24
3	20	9.91720  	24
4	14	3.73567  	24
5	13	5.37898  	24
6	5	0.506369 	24
7	9	1.26115  	24
8	2	0.105096 	24
9	2	1.04777  	24
10	2	0.0414013	24
11	1	0.0286624	24
12	1	0.945860 	24
13	1	0.0414013	24
14	1	0.0286624	24
15	1	0.0414013	24
16	4	0.359873 	24
17	5	1.20064  	24
18	4	2.37580  	24
19	2	1.06688  	24
20	2	0.0222930	24
21	2	0.0477707	24
22	2	0.0541401	24
23	2	0.961783 	24
24	2	0.0477707	24
25	1	0.0222930	24
26	1	0.0477707	24
27	2	0.0414013	24
28	1	0.0222930	24
29	2	0.0382166	24
30	2	0.0350318	24
31	3	0.964968 	24
32	4	0.582803 	24
33	3	0.812102 	24
34	2	0.455414 	24
35	2	0.0350318	24
36	3	0.945860 	24
37	2	0.984076 	24
38	3	1.01274  	24
39	1	0.990446 	24
40	1	0.961783 	24
41	2	1.01911  	24
42	2	0.974522 	24
43	1	0.993631 	24
44	2	0.971338 	24
45	2	1.00955  	24
46	2	0.917197 	24
47	3	1.02229  	24
48	1	0.952229 	24
49	1	0.907643 	24
50	2	1.05732  	24
51	2	0.773885 	24
52	1	0.987261 	24
53	2	0.958599 	24
54	2	0.907643 	24
55	2	1.02229  	24
56	2	0.945860 	24
57	2	1.00318  	24
58	2	0.984076 	24
59	5	1.03503  	24
60	9	2.98726  	24
61	9	3.98408  	24
62	13	4.71338  	24
63	14	3.63057  	24
64	12	2.57962  	24
65	14	2.21656  	24
66	17	1.53185  	24
67	19	5.88535  	24
68	8	2.39809  	24
69	6	1.10510  	24
70	5	0.197452 	24
71	3	1.01592  	24
72	2	0.0350318	24
73	2	0.00955414	24
74	4	1.00955  	24
75	3	0.0541401	24
76	4	0.149682 	24
77	5	1.02229  	24
78	2	0.0605096	24
79	5	1.26433  	24
80	6	1.35032  	24
81	10	2.95860  	24
82	9	1.98089  	24
83	12	1.91401  	24
84	13	3.87580  	24
85	14	4.26115  	24
86	12	5.85032  	24
87	10	3.67197  	24
88	9	3.57325  	24
89	7	1.46815  	24
90	6	1.54459  	24
91	3	0.0955414	24
92	3	0.984076 	24
93	1	0.0159236	24
94	2	0.219745 	24
95	3	1.03503  	24
96	1	0.0159236	24
97	1	0.977707 	24
98	3	1.00955  	24
99	1	0.958599 	24
100	2	1.02866  	24
101	2	0.955414 	24
102	2	0.961783 	24
103	3	0.0987261	24
104	3	0.0828025	24
105	3	0.0796178	24
106	1	0.0222930	24
107	2	1.00637  	24
108	1	0.0668790	24
109	2	0.964968 	24
110	2	0.0350318	24
111	2	0.0668790	24
112	3	0.0923567	24
113	5	0.366242 	24
114	2	0.729299 	24
115	3	1.02866  	24
116	2	0.837580 	24
117	2	1.04459  	24
118	2	1.03503  	24
119	1	0.901274 	24
120	3	0.990446 	24
121	3	1.14331  	24
122	2	0.984076 	24
123	4	1.90446  	24
124	4	1.57643  	24
125	1	0.748408 	24
126	1	0.961783 	24
127	2	1.00955  	24
128	2	0.904459 	24
129	1	0.742038 	24
130	2	0.993631 	24
131	6	2.16879  	24
132	7	2.64968  	24
133	7	1.86943  	24
134	8	1.55096  	24
135	8	3.10191  	24
136	7	2.42675  	24
137	8	1.79299  	24
138	8	2.13057  	24
139	10	3.22611  	24
140	10	3.96815  	24
141	9	2.92038  	24
142	5	1.05732  	24
143	4	0.796178 	24
144	4	0.964968 	24
145	5	0.340764 	24
146	6	1.66561  	24
147	10	2.53822  	24
148	16	3.95223  	24
149	11	2.20701  	24
150	8	2.10510  	24
151	8	2.57643  	24
152	4	1.93631  	24
153	3	0.984076 	24
154	2	1.04140  	24
155	2	1.00955  	24
156	2	0.964968 	24
157	2	1.05414  	24
158	5	1.02229  	24
159	2	1.06051  	24
160	8	1.38854  	24
161	11	1.66879  	24
162	16	1.63057  	24
163	15	1.96815  	24
164	16	5.14968  	24
165	18	6.12739  	24
166	17	5.59873  	24
167	14	6.12102  	24
168	15	3.59554  	24
169	10	3.58280  	24
170	10	1.88854  	24
171	12	2.48089  	24
172	5	1.28662  	24
173	5	0.178344 	24
174	2	0.0286624	24
175	3	0.369427 	24
176	1	0.939490 	24
177	1	0.0477707	24
178	2	0.984076 	24
179	3	0.0605096	24
180	4	0.0541401	24
181	2	0.0477707	24
182	3	1.01592  	24
183	3	0.0573248	24
184	3	0.181529 	24
185	7	1.89490  	24
186	4	2.00000  	24
187	5	0.140127 	24
188	5	0.105096 	24
189	4	1.07006  	24
190	3	0.101911 	24
191	7	2.03503  	24
192	9	2.94268  	24
193	12	3.46178  	24
194	13	3.37261  	24
195	19	6.07006  	24
196	19	4.91720  	24
197	19	9.30255  	24
198	18	7.42357  	24
199	18	4.57643  	24
200	20	4.06051  	24
201	19	5.97771  	24
202	20	6.82484  	24
203	18	6.28344  	24
204	22	9.16879  	24
205	18	9.44904  	24
206	21	8.27389  	24
207	21	5.91401  	24
208	21	12.0382  	24
209	20	8.42675  	24
210	20	9.20064  	24
211	19	11.4236  	24
212	21	12.4777  	24
213	20	11.5510  	24
214	20	8.64650  	24
215	19	6.96178  	24
216	21	8.17516  	24
217	21	8.94904  	24
218	19	10.6943  	24
219	19	11.0414  	24
220	22	13.4108  	24
221	18	9.08917  	24
222	20	11.3344  	24
223	19	10.3981  	24
224	15	7.54777  	24
225	15	3.21975  	24
226	15	3.48726  	24
227	15	1.83121  	24
228	12	5.00318  	24
229	6	1.48408  	24
230	6	1.73248  	24
231	6	0.117834 	24
232	10	1.91083  	24
233	12	2.37898  	24
234	13	3.25159  	24
235	15	3.45223  	24
236	15	2.07643  	24
237	17	4.11783  	24
238	19	6.72930  	24
239	17	5.63376  	24
240	17	6.26752  	24
241	15	4.42038  	24
242	17	2.25796  	24
243	17	6.28025  	24
244	11	3.78344  	24
245	12	5.71019  	24
246	10	3.38854  	24
247	15	3.55096  	24
248	13	4.53185  	24
249	14	3.74204  	24
250	16	3.56688  	24
251	17	7.29936  	24
252	15	2.95860  	24
253	15	3.76752  	24
254	15	4.40764  	24
255	12	4.68153  	24
256	9	1.29299  	24
257	10	3.09873  	24
258	11	1.94904  	24
259	7	2.79936  	24
260	6	2.76752  	24
261	3	1.30892  	24
262	2	1.00955  	24
263	1	0.372611 	24
264	2	0.984076 	24
265	1	0.315287 	24
266	1	0.691083 	24
267	2	1.00318  	24
268	2	0.716560 	24
269	2	0.958599 	24
270	1	0.939490 	24
271	2	0.388535 	24
272	2	0.398089 	24
273	1	0.964968 	24
274	2	1.12739  	24
275	2	0.980892 	24
276	2	0.974522 	24
277	2	1.00318  	24
278	2	0.372611 	24
279	3	0.700637 	24
280	6	1.40446  	24
281	13	2.33758  	24
282	18	2.49363  	24
283	21	3.95860  	24
284	21	4.90764  	24
285	23	6.89172  	24
286	21	7.65287  	24
287	22	5.64331  	24
288	22	8.38854  	24
289	23	11.2611  	24
290	23	10.9650  	24
291	23	13.7006  	24
292	23	13.9299  	24
293	24	14.0955  	24
294	23	13.8439  	24
295	24	15.4268  	24
296	24	15.1847  	24
297	24	15.7102  	24
298	24	14.9650  	24
299	24	15.8121  	24
300	24	14.8758  	24
301	24	15.1433  	24
302	24	14.5287  	24
303	24	15.1178  	24
304	24	15.8312  	24
305	24	14.7962  	24
306	24	14.7675  	24
307	24	15.0127  	24
308	24	14.4745  	24
309	24	14.6975  	24
310	24	15.0000  	24
311	24	15.6306  	24
312	24	14.7357  	24
313	24	15.7771  	24
314	24	16.7675  	24

Y - Directed channels:

i	max occ	av_occ		capacity
0	23	10.6911  	24
1	21	9.43949  	24
2	21	8.98089  	24
3	20	11.0637  	24
4	23	12.0669  	24
5	22	9.82166  	24
6	21	10.9268  	24
7	21	9.32803  	24
8	22	9.41083  	24
9	22	9.79299  	24
10	24	7.45541  	24
11	20	8.15287  	24
12	21	6.27070  	24
13	22	6.21975  	24
14	17	6.26433  	24
15	17	5.01592  	24
16	16	3.11783  	24
17	14	3.89490  	24
18	12	2.86943  	24
19	7	2.62739  	24
20	8	2.40127  	24
21	5	2.44586  	24
22	5	0.678344 	24
23	11	4.51274  	24
24	10	2.61465  	24
25	6	2.98408  	24
26	10	1.14650  	24
27	10	3.50000  	24
28	15	3.06051  	24
29	15	2.80892  	24
30	15	4.38854  	24
31	17	7.42038  	24
32	20	6.56051  	24
33	20	5.97771  	24
34	17	5.41720  	24
35	19	6.64650  	24
36	18	6.44586  	24
37	18	6.73248  	24
38	19	7.27707  	24
39	17	4.93631  	24
40	20	5.43631  	24
41	18	5.79618  	24
42	17	2.64013  	24
43	21	5.85669  	24
44	19	3.20701  	24
45	16	4.64331  	24
46	17	3.90127  	24
47	15	4.85669  	24
48	13	2.21975  	24
49	13	0.722930 	24
50	10	2.53185  	24
51	7	0.385350 	24
52	4	1.32484  	24
53	4	0.0796178	24
54	2	0.0350318	24
55	1	0.0127389	24
56	3	0.0955414	24
57	3	0.0891720	24
58	3	0.0509554	24
59	4	0.0732484	24
60	3	0.0668790	24
61	3	0.216561 	24
62	2	0.0477707	24
63	3	0.261146 	24
64	3	0.242038 	24
65	1	0.474522 	24
66	2	0.0222930	24
67	3	0.557325 	24
68	3	0.0541401	24
69	3	0.643312 	24
70	4	0.378981 	24
71	3	0.0127389	24
72	2	0.0541401	24
73	2	0.251592 	24
74	4	0.0923567	24
75	5	0.742038 	24
76	6	0.127389 	24
77	7	1.83121  	24
78	6	0.528662 	24
79	8	0.668790 	24
80	5	0.178344 	24
81	9	1.50637  	24
82	9	0.726115 	24
83	8	0.388535 	24
84	13	0.512739 	24
85	10	1.00637  	24
86	14	0.837580 	24
87	15	1.16242  	24
88	15	0.815287 	24
89	18	2.23567  	24
90	19	1.55414  	24
91	16	1.10510  	24
92	14	1.35987  	24
93	16	2.23248  	24
94	16	1.59873  	24
95	17	1.44904  	24
96	18	2.15605  	24
97	18	2.71656  	24
98	20	1.89172  	24
99	18	2.84395  	24
100	17	1.92357  	24
101	19	2.19108  	24
102	22	2.41083  	24
103	18	3.03185  	24
104	20	3.03503  	24
105	20	2.39809  	24
106	24	2.14968  	24
107	22	3.70382  	24
108	21	3.20382  	24
109	21	2.56369  	24
110	20	2.31847  	24
111	22	2.02548  	24
112	20	2.49682  	24
113	22	2.33121  	24
114	21	2.18471  	24
115	17	3.41401  	24
116	19	2.92994  	24
117	20	1.83121  	24
118	18	2.38535  	24
119	18	1.98726  	24
120	18	2.09236  	24
121	17	2.62102  	24
122	16	0.869427 	24
123	16	0.910828 	24
124	13	1.07325  	24
125	15	1.38854  	24
126	14	1.19745  	24
127	13	2.71975  	24
128	17	2.71975  	24
129	17	1.16561  	24
130	16	1.28662  	24
131	15	1.35987  	24
132	17	3.00318  	24
133	17	1.18153  	24
134	16	3.62420  	24
135	16	2.81847  	24
136	17	2.46815  	24
137	17	2.63376  	24
138	22	3.40127  	24
139	19	4.71656  	24
140	20	3.74841  	24
141	18	7.93312  	24
142	19	8.88854  	24
143	20	6.40764  	24
144	21	6.91401  	24
145	20	4.85669  	24
146	20	7.54459  	24
147	17	3.50318  	24
148	20	5.29299  	24
149	18	3.71975  	24
150	18	2.62102  	24
151	13	1.90127  	24
152	13	1.22293  	24
153	12	1.50318  	24
154	10	2.60828  	24
155	13	2.67516  	24
156	12	2.40764  	24
157	16	3.62102  	24
158	16	4.70064  	24
159	18	3.26752  	24
160	18	4.35987  	24
161	19	6.24204  	24
162	16	8.19108  	24
163	19	5.44268  	24
164	17	3.97134  	24
165	16	4.14331  	24
166	14	1.36306  	24
167	17	3.64650  	24
168	12	2.90446  	24
169	12	1.49045  	24
170	13	2.85032  	24
171	11	5.07962  	24
172	10	4.65287  	24
173	7	1.20382  	24
174	4	0.121019 	24
175	5	0.149682 	24
176	8	2.40127  	24
177	7	0.856688 	24
178	6	0.808917 	24
179	10	3.59873  	24
180	13	2.38854  	24
181	11	0.633758 	24
182	7	1.65287  	24
183	8	3.20382  	24
184	7	1.02866  	24
185	6	0.646497 	24
186	3	0.0636943	24
187	5	0.646497 	24
188	2	0.0254777	24
189	3	0.0955414	24
190	2	0.0414013	24
191	2	0.0509554	24
192	4	0.0668790	24
193	4	0.101911 	24
194	1	0.0159236	24
195	3	0.0700637	24
196	1	0.926752 	24
197	3	0.121019 	24
198	2	0.0605096	24
199	3	0.0668790	24
200	3	0.0764331	24
201	3	0.162420 	24
202	4	0.105096 	24
203	12	2.19108  	24
204	9	1.82803  	24
205	11	0.885350 	24
206	10	0.573248 	24
207	12	4.23248  	24
208	15	1.94586  	24
209	17	2.80255  	24
210	17	5.36306  	24
211	17	3.70064  	24
212	17	2.62102  	24
213	19	7.91401  	24
214	19	6.43949  	24
215	23	6.46178  	24
216	19	6.98408  	24
217	20	5.13694  	24
218	20	3.44586  	24
219	22	3.41401  	24
220	19	5.23248  	24
221	21	4.64013  	24
222	21	4.45541  	24
223	20	6.70701  	24
224	20	4.80892  	24
225	20	2.88854  	24
226	21	4.10828  	24
227	24	3.34713  	24
228	18	3.54777  	24
229	19	5.57006  	24
230	21	3.09554  	24
231	18	4.15287  	24
232	17	3.01592  	24
233	21	4.13376  	24
234	18	3.46497  	24
235	19	4.94904  	24
236	17	1.35987  	24
237	16	4.02548  	24
238	15	2.49682  	24
239	16	4.84713  	24
240	14	4.53503  	24
241	16	2.50637  	24
242	14	3.22611  	24
243	16	3.92994  	24
244	18	3.26752  	24
245	14	1.92994  	24
246	12	3.59554  	24
247	13	4.19427  	24
248	9	1.07325  	24
249	13	2.55096  	24
250	15	3.62420  	24
251	13	2.10510  	24
252	13	3.27389  	24
253	15	2.77070  	24
254	17	5.17834  	24
255	16	1.98726  	24
256	18	4.53503  	24
257	20	7.65287  	24
258	20	2.74841  	24
259	20	3.03822  	24
260	20	5.64013  	24
261	17	5.02866  	24
262	16	3.12420  	24
263	20	6.11783  	24
264	18	1.78025  	24
265	19	1.91401  	24
266	18	3.90127  	24
267	18	3.77070  	24
268	18	4.58917  	24
269	16	3.41083  	24
270	15	2.55096  	24
271	12	3.84395  	24
272	16	4.19427  	24
273	13	1.71975  	24
274	12	1.20064  	24
275	10	2.16242  	24
276	6	2.05096  	24
277	5	1.05414  	24
278	2	0.0127389	24
279	1	0.996815 	24
280	2	0.0605096	24
281	3	1.02866  	24
282	2	0.0477707	24
283	3	0.0796178	24
284	1	0.996815 	24
285	2	1.00318  	24
286	2	0.601911 	24
287	3	0.824841 	24
288	4	0.894904 	24
289	7	1.29618  	24
290	9	1.74522  	24
291	11	3.90127  	24
292	13	2.48089  	24
293	16	4.15924  	24
294	21	4.37898  	24
295	18	4.73567  	24
296	20	3.14331  	24
297	20	5.04777  	24
298	20	3.93949  	24
299	20	6.04459  	24
300	17	5.97134  	24
301	22	5.73567  	24
302	22	5.88217  	24
303	22	8.50000  	24
304	21	9.07962  	24
305	21	7.93312  	24
306	22	8.25796  	24
307	23	10.0701  	24
308	22	10.0637  	24
309	22	9.55732  	24
310	23	10.3408  	24
311	21	9.30255  	24
312	21	9.92038  	24
313	21	8.34076  	24
314	23	9.46178  	24

Total Tracks in X-direction: 7560  in Y-direction: 7560

Logic Area (in minimum width transistor areas):
Total Logic Area: 2.95788e+09  Per 1x1 logic tile: 30000

Routing area (in minimum width transistor areas):
Total Routing Area: 3.02492e+08  Per logic tile: 3068.00

Segment usage by type (index):
Segment type       Fractional utilization
------------       ----------------------
       0                  0.142

Segment usage by length:
Segment length       Fractional utilization
--------------       ----------------------
        2                   0.142

Critical Path: 1.14266e-07 (s)

Time elapsed (PLACE&ROUTE): 686906304.646000 ms


Time elapsed (Fernando): 686906304.664000 ms

