
VPR FPGA Placement and Routing.
Version: Version 5.0.2
Compiled: Dec 11 2020.
Original VPR by V. Betz.
Timing-driven placement enhancements by A. Marquardt.
Single-drivers enhancements by Andy Ye with additions by.
Mark Fang, Jason Luu, Ted Campbell
Heterogeneous stucture support by Jason Luu and Ted Campbell.
This code is licensed only for non-commercial use.

Auto-sizing FPGA, try x = 72 y = 72
Auto-sizing FPGA, try x = 144 y = 144
Auto-sizing FPGA, try x = 288 y = 288
Auto-sizing FPGA, try x = 576 y = 576
Auto-sizing FPGA, try x = 288 y = 288
Auto-sizing FPGA, try x = 432 y = 432
Auto-sizing FPGA, try x = 360 y = 360
Auto-sizing FPGA, try x = 324 y = 324
Auto-sizing FPGA, try x = 306 y = 306
Auto-sizing FPGA, try x = 315 y = 315
Auto-sizing FPGA, try x = 310 y = 310
Auto-sizing FPGA, try x = 312 y = 312
Auto-sizing FPGA, try x = 313 y = 313
Auto-sizing FPGA, try x = 314 y = 314
Auto-sizing FPGA, try x = 313 y = 313
FPGA auto-sized to, x = 314 y = 314

Resource Usage:
Netlist      0	blocks of type <EMPTY>
Architecture 4	blocks of type <EMPTY>
Netlist      1255	blocks of type .io
Architecture 1256	blocks of type .io
Netlist      3915	blocks of type .clb
Architecture 98596	blocks of type .clb

Timing analysis: ON

Operation:  ROUTE_ONLY

PlacerOpts.place_freq:  PLACE_NEVER

RouterOpts.route_type:  DETAILED
RouterOpts.router_algorithm:  TIMING_DRIVEN
RouterOpts.base_cost_type:  DELAY_NORMALIZED
RouterOpts.fixed_channel_width:  NO_FIXED_CHANNEL_WIDTH
RouterOpts.acc_fac:  1.000000
RouterOpts.bb_factor:  3
RouterOpts.bend_cost:  0.000000
RouterOpts.first_iter_pres_fac:  0.500000
RouterOpts.initial_pres_fac:  0.500000
RouterOpts.pres_fac_mult:  1.300000
RouterOpts.max_router_iterations:  50
RouterOpts.astar_fac:  1.200000
RouterOpts.criticality_exp:  1.000000
RouterOpts.max_criticality:  0.990000

RoutingArch.directionality:  UNI_DIRECTIONAL
RoutingArch.switch_block_type:  WILTON
RoutingArch.Fs:  3

The circuit will be mapped into a 314 x 314 array of clbs.

Netlist num_nets:  3979
Netlist num_blocks:  5170
Netlist inputs pins:  64
Netlist output pins:  1191

2 135 0
157 313 0
163 306 0
170 308 0
163 307 0
164 307 0
163 302 0
162 307 0
148 313 0
170 309 0
149 312 0
314 133 0
163 309 0
153 313 0
170 313 0
166 308 0
153 308 0
153 307 0
150 308 0
169 312 0
312 136 0
167 309 0
166 309 0
171 310 0
166 310 0
150 312 0
167 310 0
165 305 0
162 308 0
151 312 0
166 306 0
310 137 0
190 303 0
158 308 0
152 314 0
165 304 0
185 308 0
144 314 0
152 312 0
145 311 0
157 302 0
45 315 0
152 310 0
152 309 0
183 309 0
145 313 0
155 304 0
154 304 0
198 297 0
167 312 0
186 309 0
155 302 0
196 296 0
153 304 0
157 303 0
156 303 0
205 287 0
208 286 0
146 311 0
156 305 0
151 11 0
195 298 0
3 139 0
2 179 0
206 286 0
172 312 0
173 311 0
161 302 0
183 308 0
309 134 0
196 299 0
153 311 0
162 303 0
160 17 0
160 303 0
6 139 0
145 30 0
313 136 0
161 307 0
159 309 0
156 302 0
171 311 0
163 303 0
145 31 0
150 307 0
160 8 0
194 300 0
145 5 0
6 138 0
169 309 0
314 130 0
136 18 0
158 301 0
143 15 0
159 18 0
170 310 0
164 311 0
164 306 0
163 310 0
134 16 0
162 16 0
161 7 0
151 9 0
235 0 0
161 8 0
153 312 0
154 1 0
98 1 0
199 296 0
197 296 0
144 9 0
91 2 0
215 312 0
218 306 0
162 5 0
161 5 0
172 311 0
151 12 0
151 14 0
150 15 0
150 11 0
184 311 0
97 5 0
150 4 0
1 293 0
182 311 0
161 4 0
189 304 0
1 185 0
150 12 0
217 307 0
162 4 0
150 14 0
132 2 0
150 9 0
152 9 0
149 14 0
199 295 0
188 304 0
156 311 0
150 5 0
4 135 0
1 173 0
218 301 0
149 6 0
229 311 0
314 181 0
188 307 0
155 7 0
219 300 0
228 311 0
190 304 0
190 302 0
203 314 0
12 1 0
149 13 0
3 130 0
3 135 0
135 4 0
203 313 0
228 310 0
152 11 0
313 134 0
159 7 0
313 130 0
3 181 0
227 309 0
135 2 0
313 305 0
3 270 0
224 313 0
148 7 0
152 8 0
153 9 0
134 5 0
133 2 0
133 3 0
134 3 0
152 3 0
168 309 0
226 296 0
136 1 0
99 3 0
225 312 0
1 188 0
314 271 0
6 132 0
1 306 0
179 314 0
227 310 0
151 6 0
100 4 0
150 17 0
155 312 0
6 179 0
225 297 0
216 311 0
135 16 0
225 309 0
214 309 0
212 308 0
214 308 0
207 310 0
153 17 0
159 9 0
7 137 0
151 20 0
155 6 0
312 175 0
222 309 0
5 179 0
5 181 0
140 3 0
166 2 0
225 298 0
151 16 0
134 15 0
167 308 0
179 311 0
150 18 0
150 23 0
151 22 0
153 16 0
3 141 0
152 15 0
90 314 0
151 2 0
137 3 0
96 5 0
97 7 0
125 4 0
181 311 0
154 15 0
160 10 0
133 14 0
148 6 0
4 176 0
101 2 0
89 314 0
99 4 0
149 17 0
159 11 0
163 7 0
154 303 0
126 3 0
231 306 0
133 12 0
125 3 0
155 14 0
133 13 0
159 10 0
132 13 0
138 2 0
1 135 0
150 19 0
134 11 0
157 301 0
155 305 0
132 11 0
157 11 0
97 6 0
1 131 0
147 8 0
157 310 0
1 130 0
313 138 0
165 306 0
158 12 0
90 1 0
149 21 0
5 130 0
149 22 0
88 314 0
159 12 0
157 14 0
217 309 0
147 7 0
166 312 0
94 4 0
155 311 0
155 306 0
133 9 0
131 14 0
166 313 0
292 301 0
151 18 0
157 12 0
98 5 0
313 180 0
312 181 0
236 305 0
193 298 0
225 302 0
148 20 0
136 20 0
152 10 0
137 18 0
158 13 0
231 307 0
297 309 0
239 310 0
162 6 0
235 304 0
141 19 0
313 179 0
239 309 0
224 302 0
223 310 0
153 14 0
222 300 0
170 5 0
170 6 0
150 22 0
140 4 0
133 11 0
295 303 0
135 19 0
140 18 0
141 17 0
139 18 0
137 17 0
136 17 0
4 181 0
130 16 0
153 22 0
153 23 0
292 307 0
296 311 0
142 6 0
226 310 0
120 9 0
142 16 0
1 271 0
200 294 0
116 2 0
3 137 0
142 30 0
153 25 0
138 18 0
138 19 0
142 9 0
224 311 0
213 314 0
214 302 0
226 309 0
148 16 0
115 1 0
311 268 0
311 267 0
121 11 0
205 286 0
200 312 0
4 180 0
143 29 0
220 301 0
116 3 0
169 307 0
198 311 0
157 13 0
200 308 0
216 306 0
217 304 0
143 30 0
216 305 0
149 15 0
160 307 0
114 1 0
143 31 0
142 27 0
142 28 0
199 311 0
216 307 0
140 24 0
218 304 0
217 306 0
158 309 0
143 23 0
207 309 0
115 3 0
202 311 0
314 201 0
237 311 0
102 1 0
143 24 0
199 309 0
145 18 0
148 15 0
218 303 0
142 26 0
157 5 0
157 6 0
140 7 0
230 304 0
219 309 0
161 308 0
5 134 0
1 262 0
201 312 0
213 299 0
314 140 0
220 307 0
2 127 0
180 314 0
142 22 0
233 302 0
139 20 0
142 24 0
142 25 0
312 132 0
204 306 0
156 3 0
147 15 0
143 25 0
156 5 0
160 6 0
207 0 0
156 6 0
156 7 0
146 18 0
234 304 0
211 300 0
4 268 0
159 304 0
212 314 0
167 314 0
183 310 0
160 308 0
232 307 0
312 267 0
311 133 0
222 305 0
231 303 0
139 19 0
309 133 0
128 6 0
161 300 0
314 290 0
128 7 0
155 4 0
153 4 0
172 7 0
151 306 0
146 17 0
165 1 0
154 6 0
160 299 0
1 141 0
168 310 0
163 14 0
3 269 0
212 301 0
205 289 0
155 2 0
226 313 0
5 131 0
159 308 0
163 6 0
141 5 0
223 305 0
128 8 0
128 5 0
163 15 0
154 3 0
221 305 0
135 18 0
165 3 0
154 4 0
154 5 0
155 5 0
2 181 0
165 312 0
1 134 0
188 306 0
234 306 0
224 306 0
4 137 0
230 302 0
171 7 0
220 308 0
223 304 0
135 17 0
225 307 0
311 177 0
134 17 0
164 1 0
134 18 0
215 307 0
134 2 0
132 9 0
132 8 0
312 178 0
185 310 0
222 310 0
184 308 0
153 15 0
222 304 0
131 7 0
230 303 0
156 301 0
3 129 0
143 10 0
313 131 0
163 3 0
158 306 0
221 309 0
314 174 0
192 301 0
233 308 0
1 92 0
225 308 0
226 306 0
226 308 0
130 2 0
152 7 0
164 3 0
226 307 0
129 7 0
5 136 0
126 1 0
314 127 0
223 311 0
162 306 0
231 313 0
229 302 0
129 2 0
244 310 0
159 303 0
291 304 0
295 304 0
131 2 0
290 304 0
2 306 0
295 310 0
1 46 0
157 300 0
7 179 0
151 3 0
163 304 0
184 309 0
163 4 0
148 18 0
101 4 0
145 17 0
130 7 0
128 4 0
130 8 0
126 7 0
130 1 0
128 1 0
127 1 0
3 180 0
162 309 0
314 304 0
233 307 0
149 5 0
130 12 0
153 6 0
236 307 0
158 11 0
186 308 0
147 19 0
146 8 0
112 3 0
4 179 0
286 310 0
295 305 0
296 305 0
129 6 0
245 310 0
226 314 0
167 307 0
154 310 0
232 314 0
130 11 0
130 13 0
135 1 0
313 141 0
152 313 0
120 10 0
313 44 0
313 43 0
1 182 0
287 309 0
288 311 0
202 290 0
131 4 0
164 303 0
126 5 0
311 140 0
235 309 0
311 139 0
121 3 0
168 308 0
290 306 0
150 13 0
220 294 0
211 301 0
309 138 0
129 9 0
131 11 0
128 11 0
237 308 0
131 12 0
127 5 0
131 13 0
127 6 0
127 9 0
149 314 0
153 314 0
311 175 0
291 309 0
311 46 0
139 3 0
310 134 0
291 305 0
169 311 0
299 308 0
150 21 0
295 307 0
125 5 0
173 5 0
165 14 0
5 139 0
1 305 0
86 314 0
206 301 0
312 139 0
154 305 0
207 306 0
235 308 0
314 261 0
133 10 0
211 299 0
314 292 0
210 300 0
121 10 0
210 303 0
167 306 0
154 313 0
122 1 0
118 1 0
119 1 0
128 9 0
5 137 0
119 3 0
314 291 0
127 11 0
310 131 0
100 3 0
297 305 0
188 303 0
125 2 0
165 13 0
161 306 0
214 299 0
138 1 0
314 142 0
212 299 0
123 1 0
119 2 0
154 311 0
313 304 0
160 306 0
210 296 0
213 308 0
123 2 0
213 309 0
118 2 0
124 4 0
122 3 0
137 11 0
5 133 0
102 2 0
157 306 0
169 9 0
147 31 0
153 19 0
158 307 0
313 135 0
308 138 0
289 308 0
291 308 0
186 305 0
189 302 0
147 21 0
213 311 0
2 128 0
168 8 0
189 305 0
189 301 0
213 310 0
219 302 0
161 14 0
172 313 0
137 1 0
197 297 0
314 40 0
143 7 0
313 181 0
134 4 0
124 1 0
151 314 0
124 2 0
133 5 0
152 20 0
154 19 0
123 3 0
139 6 0
148 312 0
123 4 0
136 10 0
313 142 0
5 138 0
136 4 0
135 5 0
93 2 0
159 307 0
214 306 0
152 5 0
297 312 0
282 313 0
171 314 0
134 14 0
156 307 0
265 7 0
286 314 0
144 7 0
157 305 0
219 303 0
293 309 0
153 18 0
141 15 0
218 305 0
168 10 0
153 20 0
135 6 0
153 21 0
137 9 0
135 9 0
125 8 0
94 3 0
141 10 0
141 4 0
301 311 0
133 6 0
136 16 0
142 14 0
2 134 0
157 15 0
167 313 0
158 14 0
149 4 0
300 312 0
298 314 0
229 310 0
145 312 0
207 287 0
153 305 0
2 48 0
4 136 0
215 305 0
121 2 0
215 304 0
164 304 0
148 5 0
215 313 0
238 313 0
194 299 0
136 5 0
283 312 0
150 8 0
261 3 0
227 312 0
157 304 0
6 137 0
273 1 0
314 137 0
153 11 0
139 2 0
287 308 0
133 4 0
142 5 0
127 8 0
132 4 0
126 8 0
236 313 0
162 7 0
136 6 0
125 9 0
133 7 0
142 15 0
206 311 0
136 8 0
136 9 0
205 288 0
233 314 0
236 314 0
144 17 0
201 308 0
140 13 0
236 312 0
151 5 0
168 314 0
311 176 0
216 304 0
308 134 0
141 9 0
309 135 0
1 49 0
314 129 0
216 312 0
263 3 0
2 93 0
314 182 0
201 293 0
287 313 0
193 301 0
262 5 0
224 312 0
1 136 0
1 266 0
189 303 0
288 312 0
288 307 0
228 309 0
150 20 0
137 4 0
140 9 0
139 9 0
134 8 0
134 9 0
168 313 0
146 9 0
175 314 0
134 20 0
139 15 0
154 307 0
201 311 0
156 309 0
1 137 0
2 272 0
138 3 0
234 314 0
203 308 0
234 313 0
155 308 0
297 313 0
268 6 0
191 303 0
191 301 0
2 182 0
206 288 0
34 1 0
185 309 0
308 135 0
1 89 0
139 14 0
204 288 0
135 3 0
307 135 0
179 313 0
142 12 0
204 287 0
141 13 0
234 312 0
139 11 0
139 12 0
139 8 0
140 17 0
230 305 0
136 14 0
138 8 0
202 292 0
310 178 0
130 6 0
173 314 0
197 2 0
6 136 0
168 307 0
1 198 0
164 310 0
268 7 0
188 302 0
156 310 0
129 4 0
174 313 0
154 308 0
311 93 0
140 14 0
3 92 0
153 8 0
205 308 0
277 311 0
203 307 0
134 19 0
140 15 0
136 15 0
170 312 0
154 309 0
140 16 0
3 293 0
174 314 0
239 312 0
143 8 0
138 12 0
121 1 0
240 311 0
131 6 0
151 313 0
137 12 0
140 12 0
141 12 0
136 12 0
157 9 0
85 0 0
135 10 0
159 8 0
212 300 0
130 5 0
137 13 0
92 1 0
197 309 0
150 310 0
163 2 0
158 18 0
168 311 0
137 7 0
312 131 0
222 303 0
159 300 0
1 143 0
130 3 0
142 7 0
204 290 0
95 4 0
157 309 0
6 131 0
155 307 0
159 299 0
312 92 0
181 313 0
154 312 0
237 312 0
159 5 0
310 92 0
312 140 0
240 312 0
278 310 0
141 6 0
294 310 0
2 90 0
197 314 0
159 6 0
167 311 0
241 311 0
157 7 0
153 3 0
136 11 0
131 5 0
137 15 0
186 306 0
135 11 0
157 8 0
134 12 0
179 310 0
311 135 0
168 312 0
165 311 0
158 5 0
172 6 0
120 2 0
181 312 0
152 306 0
158 6 0
6 181 0
182 312 0
135 22 0
158 7 0
129 20 0
160 310 0
312 93 0
312 134 0
153 1 0
2 138 0
314 126 0
161 1 0
4 130 0
164 6 0
191 302 0
159 311 0
311 130 0
156 20 0
160 301 0
197 310 0
154 21 0
161 2 0
314 265 0
150 313 0
2 142 0
116 1 0
140 5 0
136 21 0
138 13 0
150 309 0
184 312 0
137 23 0
313 48 0
138 14 0
154 22 0
151 13 0
153 7 0
162 3 0
301 313 0
138 15 0
158 8 0
151 24 0
158 9 0
155 24 0
151 4 0
91 1 0
132 3 0
155 20 0
145 10 0
113 3 0
155 21 0
216 290 0
174 4 0
314 128 0
222 306 0
175 6 0
4 140 0
315 40 0
1 183 0
295 306 0
1 308 0
311 284 0
145 20 0
314 172 0
132 12 0
153 5 0
213 302 0
312 89 0
311 179 0
127 2 0
144 31 0
157 19 0
159 21 0
237 1 0
197 308 0
192 304 0
222 301 0
155 13 0
229 313 0
134 13 0
96 6 0
248 313 0
141 14 0
226 305 0
214 288 0
142 11 0
314 277 0
2 281 0
225 296 0
145 9 0
164 305 0
140 23 0
217 303 0
169 8 0
219 291 0
142 23 0
286 308 0
170 8 0
161 305 0
151 23 0
209 294 0
139 22 0
174 8 0
2 94 0
243 311 0
199 313 0
218 310 0
190 312 0
310 177 0
289 305 0
79 314 0
223 295 0
200 296 0
170 7 0
297 308 0
123 5 0
314 173 0
231 314 0
156 16 0
222 292 0
221 306 0
153 310 0
129 19 0
149 8 0
235 307 0
121 5 0
154 2 0
121 6 0
72 314 0
115 6 0
204 304 0
125 6 0
141 25 0
311 271 0
5 176 0
300 313 0
148 12 0
140 19 0
6 178 0
226 295 0
96 4 0
11 1 0
230 301 0
6 135 0
230 314 0
167 4 0
117 5 0
141 21 0
155 11 0
314 308 0
257 3 0
217 311 0
223 297 0
310 93 0
97 0 0
222 296 0
296 309 0
0 48 0
223 296 0
162 302 0
160 3 0
161 15 0
149 308 0
132 19 0
121 9 0
190 301 0
140 26 0
139 17 0
75 311 0
149 313 0
288 309 0
3 132 0
159 19 0
197 1 0
101 3 0
175 3 0
144 22 0
160 305 0
169 5 0
2 137 0
289 311 0
147 29 0
176 6 0
210 307 0
0 185 0
290 310 0
129 16 0
191 307 0
2 287 0
211 293 0
229 314 0
202 298 0
145 12 0
133 23 0
163 313 0
237 313 0
282 310 0
312 271 0
225 313 0
140 6 0
0 293 0
151 310 0
296 312 0
1 292 0
154 9 0
2 172 0
215 293 0
162 312 0
188 309 0
96 1 0
146 30 0
293 305 0
195 304 0
282 312 0
312 179 0
227 314 0
209 313 0
179 3 0
208 307 0
175 2 0
156 21 0
2 129 0
131 15 0
209 308 0
158 304 0
215 298 0
233 4 0
198 313 0
299 312 0
124 15 0
215 292 0
311 90 0
86 1 0
156 304 0
313 95 0
138 9 0
311 89 0
198 304 0
262 2 0
130 19 0
313 286 0
209 312 0
198 315 0
211 309 0
314 287 0
271 6 0
220 298 0
277 313 0
156 23 0
196 302 0
211 313 0
162 310 0
200 313 0
185 311 0
212 294 0
132 20 0
295 311 0
214 304 0
160 300 0
218 293 0
202 309 0
2 173 0
226 299 0
287 310 0
2 288 0
204 309 0
259 3 0
237 309 0
228 302 0
258 2 0
146 27 0
142 29 0
314 132 0
194 310 0
209 307 0
210 314 0
217 295 0
193 300 0
132 21 0
178 313 0
161 299 0
314 96 0
291 306 0
114 2 0
229 301 0
214 313 0
152 2 0
312 286 0
314 136 0
219 292 0
266 6 0
144 34 0
232 301 0
293 307 0
221 300 0
278 312 0
232 309 0
196 303 0
149 26 0
232 299 0
235 310 0
139 4 0
227 301 0
156 314 0
220 300 0
217 296 0
119 6 0
194 298 0
229 306 0
217 294 0
312 269 0
154 25 0
3 174 0
266 11 0
232 304 0
3 138 0
293 310 0
312 272 0
313 94 0
313 46 0
298 310 0
229 308 0
232 300 0
233 304 0
131 1 0
138 4 0
97 2 0
210 311 0
210 310 0
311 283 0
145 34 0
145 1 0
180 310 0
226 302 0
2 91 0
98 3 0
201 309 0
76 311 0
148 310 0
272 2 0
232 315 0
87 2 0
1 102 0
271 5 0
98 2 0
175 7 0
199 303 0
312 177 0
284 310 0
203 295 0
286 312 0
233 305 0
314 94 0
197 306 0
219 294 0
271 3 0
314 131 0
207 301 0
124 3 0
226 301 0
124 9 0
164 309 0
220 290 0
224 293 0
225 300 0
152 305 0
159 3 0
1 138 0
2 180 0
202 307 0
137 10 0
239 314 0
262 1 0
141 23 0
203 312 0
196 308 0
1 289 0
264 8 0
275 3 0
315 205 0
160 14 0
212 309 0
312 284 0
157 307 0
127 13 0
210 299 0
284 308 0
136 22 0
144 8 0
179 4 0
220 292 0
283 310 0
206 307 0
217 293 0
140 21 0
130 18 0
118 8 0
214 298 0
178 5 0
225 299 0
3 283 0
153 26 0
271 7 0
3 134 0
183 311 0
143 9 0
282 314 0
176 1 0
152 22 0
221 291 0
219 305 0
208 302 0
218 292 0
209 301 0
221 308 0
218 309 0
199 298 0
209 300 0
302 311 0
156 12 0
141 20 0
216 292 0
136 19 0
314 88 0
140 27 0
272 1 0
160 11 0
178 3 0
272 4 0
292 308 0
309 176 0
214 294 0
197 299 0
313 280 0
229 312 0
1 294 0
213 290 0
199 310 0
148 25 0
210 298 0
314 264 0
125 14 0
226 312 0
206 302 0
268 5 0
153 306 0
222 315 0
180 1 0
131 19 0
139 26 0
146 20 0
234 309 0
222 293 0
214 291 0
315 180 0
315 295 0
204 296 0
215 295 0
214 312 0
147 310 0
223 294 0
188 314 0
88 1 0
314 280 0
126 6 0
230 1 0
152 26 0
198 299 0
5 180 0
220 295 0
291 307 0
0 102 0
232 313 0
276 313 0
237 306 0
207 302 0
171 6 0
0 10 0
238 302 0
300 314 0
237 305 0
198 294 0
169 314 0
219 293 0
292 302 0
216 297 0
285 311 0
134 1 0
143 32 0
276 2 0
311 88 0
199 314 0
198 310 0
123 10 0
199 307 0
222 295 0
199 306 0
197 307 0
169 310 0
224 294 0
213 313 0
164 314 0
225 294 0
148 19 0
213 298 0
267 9 0
151 19 0
314 80 0
142 31 0
314 200 0
300 310 0
150 29 0
208 305 0
197 313 0
0 224 0
315 80 0
308 282 0
179 312 0
227 302 0
148 24 0
233 5 0
208 308 0
292 304 0
199 308 0
202 304 0
221 299 0
136 3 0
118 5 0
197 311 0
128 3 0
127 3 0
309 90 0
198 308 0
236 311 0
147 4 0
132 22 0
129 18 0
150 311 0
181 309 0
144 15 0
300 309 0
289 302 0
2 270 0
202 302 0
149 310 0
129 5 0
224 299 0
211 302 0
203 301 0
203 302 0
4 182 0
213 295 0
228 314 0
314 81 0
313 266 0
156 4 0
144 25 0
134 7 0
144 28 0
161 311 0
171 313 0
207 288 0
203 304 0
145 15 0
242 309 0
272 3 0
297 306 0
163 314 0
153 27 0
149 2 0
287 312 0
213 300 0
190 314 0
285 308 0
275 314 0
236 301 0
134 24 0
131 21 0
294 309 0
142 17 0
127 17 0
276 312 0
295 309 0
167 11 0
229 305 0
1 281 0
99 5 0
155 22 0
152 14 0
4 284 0
314 179 0
310 91 0
310 283 0
160 311 0
163 308 0
293 302 0
186 311 0
134 6 0
285 310 0
301 309 0
138 7 0
144 5 0
147 12 0
293 301 0
159 312 0
197 300 0
161 314 0
235 314 0
148 30 0
270 3 0
311 269 0
206 308 0
298 306 0
235 306 0
207 313 0
162 301 0
310 269 0
120 1 0
201 303 0
192 312 0
219 297 0
313 183 0
148 309 0
223 307 0
151 308 0
206 303 0
88 2 0
155 310 0
188 312 0
289 304 0
212 313 0
138 25 0
282 311 0
214 314 0
278 313 0
221 304 0
2 261 0
2 176 0
187 311 0
228 304 0
156 18 0
139 25 0
209 314 0
208 295 0
194 304 0
183 313 0
122 9 0
191 305 0
154 24 0
204 295 0
221 293 0
233 299 0
275 1 0
230 307 0
160 18 0
144 33 0
202 295 0
207 308 0
168 3 0
315 166 0
203 297 0
243 310 0
131 3 0
129 3 0
147 3 0
221 292 0
193 306 0
296 308 0
277 1 0
213 288 0
147 30 0
312 90 0
194 307 0
102 3 0
263 6 0
230 313 0
274 2 0
296 310 0
217 308 0
208 301 0
185 314 0
7 180 0
201 313 0
208 285 0
132 10 0
313 282 0
203 309 0
277 314 0
288 310 0
201 297 0
3 281 0
145 33 0
263 2 0
264 3 0
119 7 0
315 289 0
297 311 0
287 305 0
166 5 0
265 4 0
266 9 0
219 290 0
225 305 0
289 306 0
154 11 0
0 178 0
126 2 0
312 95 0
261 1 0
313 270 0
191 309 0
303 311 0
225 295 0
144 10 0
75 314 0
1 272 0
157 314 0
203 296 0
238 309 0
219 304 0
141 24 0
1 265 0
228 297 0
163 12 0
142 4 0
267 6 0
203 299 0
310 175 0
158 313 0
281 313 0
222 1 0
200 293 0
308 314 0
247 314 0
199 297 0
165 12 0
259 4 0
191 311 0
271 4 0
291 303 0
96 2 0
152 27 0
4 133 0
241 308 0
315 94 0
315 268 0
272 6 0
230 300 0
314 178 0
208 294 0
163 16 0
237 303 0
169 308 0
313 133 0
304 314 0
220 315 0
150 7 0
135 7 0
242 314 0
186 310 0
205 297 0
157 3 0
174 0 0
197 304 0
122 12 0
258 1 0
3 285 0
206 290 0
305 314 0
207 293 0
165 10 0
266 12 0
195 303 0
146 28 0
305 311 0
148 26 0
144 4 0
146 16 0
314 272 0
314 175 0
132 6 0
219 308 0
139 21 0
141 1 0
4 287 0
129 14 0
278 315 0
310 268 0
245 312 0
202 300 0
214 296 0
147 10 0
281 312 0
200 307 0
263 4 0
129 17 0
160 19 0
288 303 0
227 311 0
289 309 0
208 312 0
166 1 0
236 303 0
235 4 0
198 302 0
234 0 0
146 4 0
146 29 0
168 6 0
139 23 0
74 312 0
134 23 0
6 133 0
147 16 0
209 292 0
138 16 0
259 2 0
203 305 0
313 137 0
149 1 0
199 301 0
290 305 0
312 141 0
207 286 0
311 131 0
212 312 0
1 287 0
209 290 0
200 304 0
224 314 0
78 314 0
314 281 0
314 95 0
211 288 0
211 286 0
200 298 0
2 139 0
309 268 0
222 298 0
221 311 0
7 136 0
259 315 0
97 3 0
301 310 0
265 5 0
162 313 0
1 267 0
313 265 0
226 300 0
246 312 0
201 296 0
139 5 0
136 7 0
158 305 0
313 80 0
267 11 0
160 4 0
200 300 0
208 300 0
203 303 0
267 1 0
160 312 0
312 283 0
216 294 0
167 12 0
315 237 0
198 305 0
132 7 0
199 300 0
256 2 0
211 298 0
240 314 0
207 294 0
3 91 0
280 311 0
208 290 0
210 294 0
313 177 0
311 136 0
285 314 0
146 312 0
129 1 0
1 278 0
200 306 0
186 313 0
265 11 0
240 310 0
204 298 0
189 308 0
207 303 0
196 297 0
2 286 0
296 314 0
223 314 0
211 314 0
170 1 0
93 4 0
198 303 0
190 307 0
217 297 0
238 1 0
273 2 0
3 287 0
174 2 0
210 292 0
264 4 0
156 15 0
309 177 0
313 278 0
303 314 0
240 307 0
203 311 0
314 177 0
235 5 0
204 293 0
211 287 0
152 19 0
207 304 0
164 301 0
2 141 0
277 310 0
140 8 0
269 5 0
129 12 0
226 304 0
169 7 0
308 137 0
230 298 0
182 309 0
184 307 0
312 279 0
75 315 0
313 91 0
148 2 0
222 308 0
313 173 0
201 302 0
310 136 0
267 7 0
293 311 0
295 314 0
211 303 0
1 288 0
217 302 0
198 2 0
229 297 0
214 285 0
148 311 0
292 311 0
4 286 0
135 15 0
209 298 0
128 10 0
294 303 0
133 8 0
144 21 0
268 10 0
308 313 0
204 314 0
204 310 0
314 285 0
217 289 0
139 7 0
169 10 0
291 312 0
313 306 0
143 27 0
232 311 0
196 307 0
152 6 0
284 312 0
155 10 0
232 308 0
196 306 0
144 27 0
149 23 0
4 285 0
200 314 0
87 1 0
125 11 0
2 136 0
314 202 0
143 18 0
113 2 0
2 185 0
233 300 0
269 9 0
189 313 0
144 16 0
260 2 0
266 1 0
149 7 0
314 268 0
205 303 0
205 296 0
199 294 0
300 307 0
202 303 0
308 311 0
0 256 0
208 289 0
167 13 0
204 300 0
200 310 0
269 7 0
232 302 0
159 313 0
315 282 0
143 20 0
103 0 0
270 4 0
93 3 0
206 294 0
196 305 0
190 309 0
5 132 0
1 60 0
76 314 0
236 309 0
205 311 0
185 307 0
208 314 0
142 2 0
1 88 0
166 12 0
143 3 0
206 295 0
220 311 0
182 314 0
309 282 0
234 307 0
158 10 0
210 288 0
201 306 0
234 301 0
237 2 0
198 1 0
168 7 0
148 17 0
162 305 0
311 180 0
205 298 0
128 2 0
99 0 0
151 311 0
218 299 0
199 302 0
293 312 0
130 4 0
258 4 0
227 297 0
161 313 0
1 95 0
236 3 0
141 27 0
214 292 0
138 11 0
315 201 0
196 304 0
77 312 0
149 20 0
3 178 0
246 314 0
227 298 0
165 4 0
310 281 0
230 2 0
314 284 0
209 293 0
219 312 0
228 308 0
190 311 0
139 16 0
285 313 0
228 301 0
312 91 0
207 290 0
205 294 0
171 312 0
144 3 0
121 4 0
191 300 0
314 203 0
234 303 0
145 4 0
2 285 0
204 292 0
231 2 0
313 283 0
239 313 0
149 16 0
189 314 0
198 300 0
117 1 0
228 315 0
158 20 0
206 296 0
160 314 0
200 302 0
315 308 0
142 1 0
212 304 0
166 305 0
140 22 0
3 90 0
169 2 0
154 306 0
215 300 0
150 24 0
216 302 0
197 305 0
208 303 0
195 305 0
157 21 0
194 306 0
215 315 0
0 284 0
214 290 0
294 308 0
260 4 0
232 3 0
72 313 0
192 308 0
212 292 0
264 7 0
289 314 0
174 3 0
143 21 0
137 6 0
184 313 0
153 13 0
215 290 0
180 309 0
147 25 0
314 309 0
141 22 0
199 312 0
193 309 0
143 16 0
211 310 0
235 312 0
189 312 0
314 139 0
146 31 0
259 1 0
228 303 0
206 299 0
201 310 0
184 314 0
312 130 0
314 90 0
195 297 0
76 312 0
193 305 0
165 5 0
128 15 0
154 12 0
193 307 0
210 293 0
293 314 0
292 303 0
152 308 0
208 296 0
237 314 0
155 12 0
7 178 0
209 295 0
314 91 0
193 308 0
203 290 0
209 311 0
211 292 0
211 296 0
130 20 0
311 270 0
307 311 0
195 314 0
195 308 0
213 315 0
202 294 0
125 15 0
149 24 0
208 291 0
144 30 0
210 306 0
311 92 0
98 6 0
202 291 0
210 289 0
233 3 0
299 307 0
152 311 0
234 4 0
209 306 0
133 17 0
314 266 0
0 156 0
169 6 0
191 313 0
153 24 0
133 15 0
161 17 0
268 2 0
270 6 0
290 313 0
132 16 0
207 296 0
218 297 0
240 308 0
204 311 0
116 6 0
294 304 0
143 12 0
119 9 0
148 8 0
224 303 0
227 305 0
315 244 0
146 23 0
1 282 0
212 307 0
158 314 0
230 312 0
164 5 0
188 313 0
198 0 0
266 2 0
0 260 0
226 297 0
314 176 0
160 2 0
2 271 0
198 309 0
192 309 0
33 315 0
195 306 0
267 3 0
227 313 0
208 288 0
207 295 0
185 313 0
0 189 0
215 308 0
84 1 0
144 313 0
186 314 0
167 9 0
0 60 0
138 17 0
2 131 0
156 11 0
153 309 0
242 313 0
3 284 0
231 1 0
168 12 0
148 1 0
75 313 0
204 299 0
194 314 0
137 19 0
313 269 0
3 142 0
146 22 0
314 282 0
234 1 0
216 299 0
4 175 0
155 3 0
122 4 0
95 5 0
310 139 0
205 295 0
133 19 0
193 311 0
162 314 0
266 3 0
208 309 0
118 7 0
205 299 0
309 89 0
235 3 0
302 310 0
236 2 0
193 303 0
162 2 0
138 22 0
1 261 0
201 298 0
136 13 0
314 93 0
245 313 0
1 91 0
147 28 0
55 0 0
2 283 0
313 90 0
214 289 0
231 305 0
193 299 0
313 307 0
313 88 0
261 6 0
274 5 0
226 298 0
3 280 0
159 314 0
238 312 0
146 3 0
212 290 0
5 283 0
225 301 0
128 16 0
159 302 0
266 7 0
117 2 0
99 1 0
228 296 0
215 306 0
193 304 0
148 31 0
87 0 0
203 294 0
221 294 0
233 312 0
3 288 0
213 291 0
264 6 0
165 303 0
305 313 0
147 2 0
224 307 0
152 4 0
244 311 0
2 177 0
290 308 0
208 293 0
154 18 0
269 1 0
312 94 0
294 301 0
167 8 0
294 313 0
177 4 0
210 287 0
221 312 0
159 14 0
215 288 0
265 1 0
203 292 0
172 310 0
200 309 0
260 5 0
1 286 0
139 29 0
161 16 0
280 312 0
195 301 0
211 311 0
143 13 0
212 311 0
294 302 0
205 301 0
265 2 0
262 3 0
73 313 0
188 310 0
200 301 0
313 308 0
284 314 0
213 293 0
305 312 0
215 311 0
269 2 0
212 289 0
154 20 0
230 299 0
1 270 0
190 308 0
243 314 0
165 309 0
221 303 0
2 92 0
191 304 0
187 305 0
143 2 0
310 90 0
307 313 0
214 287 0
273 4 0
204 303 0
145 27 0
120 5 0
257 2 0
224 300 0
234 5 0
154 14 0
143 22 0
3 172 0
152 21 0
5 285 0
243 309 0
0 262 0
191 310 0
312 182 0
268 3 0
3 128 0
1 279 0
204 289 0
144 23 0
217 300 0
220 306 0
130 15 0
138 24 0
77 313 0
189 309 0
306 313 0
149 311 0
215 296 0
270 5 0
216 288 0
309 313 0
124 5 0
213 289 0
209 309 0
144 18 0
145 314 0
268 8 0
190 305 0
206 292 0
141 11 0
268 9 0
207 292 0
2 293 0
176 2 0
194 302 0
174 7 0
201 305 0
5 135 0
266 8 0
123 12 0
154 16 0
212 305 0
236 302 0
143 1 0
148 29 0
202 297 0
224 301 0
247 312 0
248 314 0
150 314 0
265 8 0
224 297 0
232 2 0
200 297 0
142 10 0
231 300 0
264 9 0
203 291 0
24 315 0
280 314 0
216 308 0
212 286 0
128 17 0
176 5 0
150 28 0
135 12 0
216 291 0
313 201 0
6 285 0
209 296 0
306 314 0
300 311 0
206 291 0
208 292 0
223 292 0
215 287 0
88 315 0
217 298 0
207 291 0
219 306 0
232 1 0
177 2 0
262 4 0
188 308 0
156 308 0
149 27 0
147 1 0
229 298 0
207 312 0
164 2 0
273 3 0
268 11 0
127 14 0
146 21 0
241 309 0
154 10 0
220 293 0
2 133 0
202 296 0
236 1 0
201 314 0
226 303 0
292 312 0
138 23 0
217 299 0
222 299 0
224 295 0
2 284 0
194 313 0
124 10 0
299 311 0
144 12 0
273 5 0
232 303 0
187 310 0
178 1 0
126 16 0
217 301 0
207 289 0
162 300 0
143 17 0
166 307 0
206 289 0
4 91 0
247 313 0
158 17 0
209 310 0
291 313 0
242 312 0
276 1 0
312 270 0
160 304 0
1 295 0
210 313 0
224 298 0
211 304 0
192 311 0
244 313 0
86 2 0
157 20 0
1 47 0
1 285 0
246 313 0
1 263 0
218 307 0
270 1 0
160 313 0
205 291 0
205 290 0
277 312 0
264 10 0
314 45 0
179 2 0
182 308 0
166 8 0
181 310 0
216 295 0
146 10 0
232 305 0
210 305 0
161 301 0
219 296 0
165 302 0
114 4 0
201 291 0
1 180 0
87 3 0
194 305 0
89 1 0
293 313 0
2 178 0
199 305 0
306 312 0
161 312 0
2 289 0
314 48 0
124 6 0
214 301 0
290 314 0
216 300 0
203 300 0
264 1 0
294 305 0
4 92 0
200 303 0
274 4 0
211 312 0
278 314 0
151 17 0
122 5 0
85 1 0
165 7 0
245 311 0
218 294 0
164 302 0
270 8 0
1 184 0
203 293 0
168 9 0
189 307 0
261 2 0
199 299 0
171 5 0
186 304 0
131 10 0
229 1 0
204 307 0
161 18 0
241 310 0
283 313 0
200 299 0
258 3 0
244 314 0
182 310 0
209 303 0
173 313 0
212 293 0
242 308 0
3 286 0
232 312 0
259 5 0
267 4 0
240 309 0
214 310 0
85 2 0
217 314 0
294 314 0
301 312 0
313 285 0
217 305 0
239 306 0
204 294 0
197 303 0
194 311 0
233 306 0
145 3 0
147 20 0
1 309 0
202 299 0
293 306 0
312 88 0
211 289 0
2 171 0
155 1 0
194 308 0
211 291 0
3 183 0
208 298 0
285 312 0
141 18 0
207 305 0
268 1 0
144 2 0
265 3 0
264 5 0
173 4 0
288 305 0
292 315 0
158 299 0
189 311 0
228 305 0
311 280 0
215 309 0
8 178 0
3 182 0
214 293 0
201 300 0
3 93 0
228 312 0
95 1 0
150 16 0
177 3 0
133 1 0
237 307 0
154 314 0
202 301 0
222 0 0
302 309 0
164 4 0
127 10 0
190 306 0
141 26 0
237 304 0
315 91 0
161 10 0
163 5 0
146 2 0
262 7 0
260 3 0
230 309 0
210 312 0
201 299 0
213 312 0
233 310 0
315 257 0
298 311 0
128 13 0
176 313 0
150 10 0
227 296 0
208 311 0
1 283 0
297 307 0
234 3 0
197 302 0
226 311 0
172 314 0
260 1 0
1 179 0
146 1 0
233 2 0
198 301 0
201 301 0
201 304 0
278 311 0
311 137 0
138 29 0
310 314 0
130 9 0
139 10 0
309 314 0
225 310 0
145 35 0
314 101 0
298 307 0
231 299 0
236 306 0
300 308 0
283 314 0
210 295 0
7 138 0
290 302 0
152 13 0
95 2 0
307 314 0
148 14 0
115 2 0
301 314 0
135 0 0
170 4 0
302 313 0
150 25 0
178 314 0
239 311 0
204 297 0
264 2 0
257 1 0
309 312 0
179 1 0
159 15 0
296 307 0
172 1 0
311 94 0
310 135 0
104 1 0
220 291 0
209 302 0
314 257 0
312 180 0
265 6 0
315 238 0
218 313 0
214 311 0
191 312 0
268 0 0
138 5 0
207 298 0
1 284 0
185 306 0
3 282 0
209 304 0
143 19 0
216 309 0
171 2 0
307 312 0
144 1 0
306 310 0
312 268 0
297 310 0
198 298 0
217 290 0
162 18 0
166 304 0
203 310 0
145 2 0
234 300 0
220 314 0
2 309 0
209 287 0
306 311 0
130 14 0
189 310 0
292 313 0
220 304 0
205 292 0
0 198 0
210 291 0
195 307 0
113 1 0
192 314 0
274 1 0
4 283 0
201 295 0
303 312 0
279 311 0
150 3 0
193 312 0
208 297 0
308 312 0
242 311 0
186 307 0
290 303 0
298 308 0
161 309 0
151 26 0
75 312 0
238 314 0
267 2 0
267 8 0
2 262 0
314 283 0
210 297 0
223 300 0
1 202 0
220 312 0
151 8 0
115 4 0
2 269 0
207 299 0
147 9 0
225 303 0
166 11 0
145 19 0
172 3 0
187 309 0
231 301 0
163 311 0
166 314 0
156 13 0
215 301 0
188 305 0
2 267 0
183 314 0
163 301 0
219 313 0
158 2 0
225 306 0
214 286 0
155 9 0
163 8 0
294 307 0
142 21 0
159 4 0
223 301 0
243 312 0
190 313 0
156 8 0
154 13 0
176 3 0
143 6 0
171 1 0
167 1 0
94 6 0
143 26 0
1 264 0
137 16 0
235 2 0
314 92 0
152 1 0
1 93 0
167 7 0
286 311 0
222 297 0
146 19 0
89 2 0
221 298 0
6 176 0
197 301 0
210 308 0
1 177 0
293 304 0
92 2 0
145 8 0
298 309 0
261 5 0
155 313 0
213 303 0
117 8 0
296 313 0
99 2 0
1 50 0
221 313 0
209 299 0
169 313 0
147 6 0
99 6 0
141 30 0
314 87 0
175 5 0
313 267 0
218 314 0
147 13 0
172 5 0
204 308 0
149 18 0
158 19 0
153 12 0
181 1 0
161 303 0
172 4 0
119 5 0
208 315 0
231 302 0
1 178 0
314 184 0
146 7 0
314 183 0
235 1 0
239 308 0
202 310 0
145 21 0
6 177 0
175 4 0
224 309 0
142 19 0
227 303 0
142 18 0
128 18 0
215 303 0
194 303 0
155 16 0
206 293 0
155 15 0
196 300 0
95 7 0
1 171 0
205 304 0
291 314 0
155 23 0
209 297 0
149 3 0
156 312 0
289 307 0
215 297 0
151 309 0
310 176 0
168 1 0
189 306 0
295 312 0
228 313 0
312 129 0
313 92 0
314 89 0
221 297 0
161 9 0
192 310 0
273 0 0
148 21 0
136 24 0
222 314 0
284 311 0
299 309 0
2 174 0
133 21 0
223 298 0
140 11 0
313 128 0
127 15 0
198 312 0
288 304 0
151 1 0
311 174 0
97 1 0
82 315 0
156 1 0
1 176 0
148 9 0
135 25 0
168 5 0
169 3 0
152 12 0
1 189 0
221 296 0
187 306 0
136 25 0
220 305 0
137 25 0
157 308 0
166 3 0
310 282 0
232 306 0
219 314 0
222 307 0
132 17 0
224 308 0
159 20 0
292 305 0
274 314 0
187 304 0
34 0 0
168 4 0
197 312 0
1 181 0
219 298 0
269 6 0
125 10 0
307 134 0
155 17 0
265 9 0
235 301 0
154 17 0
262 6 0
162 9 0
287 304 0
219 299 0
299 310 0
243 313 0
122 7 0
178 312 0
223 293 0
98 7 0
313 172 0
131 18 0
2 184 0
168 2 0
4 129 0
241 314 0
95 6 0
145 22 0
152 304 0
167 5 0
164 312 0
4 269 0
218 298 0
201 292 0
158 310 0
140 32 0
2 140 0
289 312 0
142 13 0
135 26 0
314 141 0
220 299 0
129 10 0
218 300 0
173 2 0
126 13 0
144 19 0
220 313 0
151 28 0
310 132 0
241 312 0
216 301 0
312 308 0
136 26 0
157 4 0
223 306 0
276 314 0
203 298 0
166 9 0
229 299 0
160 7 0
224 304 0
286 309 0
141 29 0
146 33 0
314 307 0
94 5 0
123 6 0
152 18 0
157 311 0
162 1 0
135 21 0
148 22 0
2 183 0
229 304 0
313 182 0
315 46 0
125 1 0
128 14 0
177 313 0
288 306 0
1 310 0
310 174 0
313 281 0
156 10 0
138 10 0
238 303 0
3 179 0
144 6 0
288 313 0
193 313 0
213 287 0
156 17 0
245 314 0
161 3 0
165 307 0
152 307 0
142 20 0
116 7 0
139 31 0
112 2 0
171 3 0
116 5 0
161 6 0
159 306 0
218 295 0
289 303 0
114 5 0
157 22 0
211 295 0
144 20 0
116 4 0
1 48 0
140 10 0
223 299 0
211 306 0
148 27 0
190 310 0
313 279 0
147 314 0
314 278 0
148 13 0
236 304 0
221 295 0
112 1 0
212 288 0
281 314 0
147 22 0
134 21 0
151 7 0
156 306 0
227 299 0
310 133 0
275 312 0
2 280 0
296 306 0
292 306 0
294 311 0
235 303 0
312 174 0
1 90 0
2 282 0
139 28 0
141 31 0
159 1 0
130 17 0
283 311 0
158 1 0
202 305 0
153 10 0
238 2 0
140 30 0
238 305 0
149 9 0
181 314 0
149 10 0
127 12 0
148 10 0
160 16 0
192 313 0
293 303 0
208 299 0
279 313 0
206 300 0
263 7 0
131 16 0
147 23 0
228 298 0
146 11 0
159 2 0
208 306 0
312 137 0
221 314 0
280 313 0
227 308 0
204 301 0
222 313 0
180 313 0
220 296 0
122 2 0
205 293 0
148 23 0
156 2 0
288 308 0
309 136 0
160 1 0
165 313 0
160 15 0
158 21 0
111 1 0
133 20 0
88 3 0
224 305 0
228 307 0
218 296 0
312 266 0
261 4 0
313 309 0
221 310 0
186 312 0
12 0 0
147 14 0
235 305 0
160 13 0
291 310 0
4 282 0
148 11 0
146 15 0
5 177 0
149 11 0
313 45 0
146 14 0
199 304 0
146 12 0
213 296 0
131 9 0
277 2 0
205 300 0
243 315 0
310 179 0
221 301 0
135 13 0
123 7 0
158 312 0
234 310 0
228 299 0
267 0 0
283 309 0
221 302 0
225 304 0
160 20 0
314 306 0
291 301 0
180 311 0
234 311 0
212 291 0
202 306 0
207 300 0
148 4 0
287 311 0
1 268 0
2 266 0
273 314 0
124 7 0
313 132 0
304 313 0
215 294 0
149 25 0
310 284 0
225 314 0
154 8 0
117 4 0
314 270 0
168 11 0
125 7 0
187 308 0
192 303 0
231 312 0
312 281 0
167 3 0
313 129 0
196 301 0
115 5 0
4 281 0
290 301 0
275 313 0
74 313 0
222 294 0
145 7 0
223 312 0
2 47 0
5 284 0
161 310 0
163 1 0
143 28 0
140 20 0
169 1 0
145 14 0
132 14 0
165 9 0
294 306 0
155 8 0
281 310 0
149 12 0
151 25 0
313 93 0
122 8 0
163 18 0
123 9 0
155 18 0
235 313 0
279 312 0
124 8 0
198 307 0
133 18 0
159 305 0
290 311 0
312 285 0
217 312 0
193 310 0
314 267 0
313 284 0
206 287 0
194 312 0
192 305 0
129 15 0
0 132 0
235 311 0
313 176 0
206 312 0
3 133 0
272 5 0
221 307 0
130 21 0
219 301 0
315 136 0
230 311 0
178 311 0
163 17 0
220 303 0
137 8 0
76 313 0
202 312 0
293 308 0
165 8 0
152 16 0
123 11 0
121 8 0
163 11 0
3 267 0
147 313 0
209 289 0
157 18 0
162 17 0
162 19 0
2 95 0
156 9 0
228 306 0
140 25 0
198 295 0
164 16 0
213 294 0
216 313 0
4 131 0
222 311 0
217 292 0
199 1 0
288 314 0
212 295 0
210 290 0
162 10 0
165 11 0
287 306 0
314 286 0
159 16 0
133 22 0
234 308 0
71 314 0
73 314 0
149 309 0
292 309 0
299 314 0
175 1 0
100 1 0
159 13 0
138 20 0
155 309 0
196 312 0
286 313 0
195 313 0
122 6 0
135 20 0
146 26 0
1 45 0
311 266 0
152 17 0
134 10 0
145 13 0
196 311 0
132 1 0
213 306 0
156 19 0
158 3 0
147 5 0
157 17 0
311 282 0
123 8 0
229 303 0
132 5 0
126 12 0
157 10 0
157 16 0
126 11 0
124 11 0
124 12 0
4 178 0
233 303 0
122 10 0
158 15 0
173 6 0
196 310 0
223 302 0
214 303 0
158 16 0
214 307 0
77 314 0
120 8 0
195 311 0
312 135 0
211 294 0
1 269 0
219 310 0
218 302 0
222 291 0
177 1 0
187 312 0
200 305 0
287 314 0
218 308 0
196 314 0
269 8 0
275 2 0
120 7 0
141 8 0
210 301 0
144 14 0
218 290 0
192 306 0
270 2 0
218 311 0
122 13 0
229 307 0
1 101 0
229 309 0
150 6 0
209 291 0
214 305 0
156 14 0
144 24 0
122 11 0
205 309 0
314 310 0
311 138 0
3 268 0
196 313 0
312 173 0
145 6 0
205 314 0
227 307 0
1 133 0
158 303 0
198 306 0
192 307 0
119 4 0
121 7 0
73 312 0
120 3 0
290 309 0
161 13 0
314 135 0
302 314 0
161 12 0
147 11 0
120 6 0
141 16 0
162 12 0
198 314 0
144 29 0
118 6 0
157 2 0
118 4 0
214 297 0
164 14 0
213 305 0
137 5 0
137 24 0
233 311 0
227 300 0
151 10 0
315 305 0
212 303 0
148 28 0
153 2 0
171 4 0
263 9 0
194 309 0
309 283 0
193 314 0
118 3 0
1 172 0
131 8 0
1 291 0
217 310 0
147 32 0
298 313 0
1 175 0
284 309 0
191 308 0
118 9 0
166 7 0
125 13 0
231 310 0
4 134 0
279 314 0
312 46 0
312 280 0
6 180 0
141 3 0
191 314 0
285 309 0
146 6 0
309 178 0
216 298 0
155 303 0
267 10 0
313 271 0
215 289 0
162 11 0
206 297 0
213 304 0
311 134 0
119 8 0
156 22 0
94 1 0
92 3 0
310 89 0
162 14 0
286 304 0
74 314 0
131 20 0
162 13 0
148 314 0
240 313 0
158 4 0
312 133 0
124 14 0
212 296 0
124 13 0
166 13 0
117 3 0
97 4 0
313 174 0
212 297 0
164 15 0
117 7 0
238 306 0
161 11 0
164 308 0
163 9 0
1 94 0
163 10 0
271 1 0
137 2 0
209 286 0
146 314 0
143 5 0
208 287 0
2 132 0
139 13 0
198 296 0
234 305 0
285 307 0
268 4 0
166 10 0
313 292 0
142 8 0
165 314 0
183 312 0
96 3 0
286 306 0
296 304 0
263 5 0
216 314 0
152 23 0
313 139 0
210 302 0
209 305 0
154 7 0
311 91 0
313 178 0
4 173 0
238 307 0
315 74 0
202 313 0
157 1 0
3 173 0
313 264 0
163 312 0
311 281 0
227 304 0
213 297 0
238 308 0
314 279 0
140 28 0
2 292 0
220 309 0
145 16 0
302 312 0
231 298 0
135 24 0
234 302 0
311 178 0
237 302 0
164 12 0
164 13 0
126 4 0
220 302 0
163 13 0
170 2 0
164 11 0
125 12 0
144 13 0
206 313 0
140 2 0
123 14 0
151 21 0
127 7 0
229 300 0
205 312 0
123 13 0
174 6 0
205 313 0
211 297 0
313 140 0
263 1 0
138 27 0
212 298 0
195 300 0
291 302 0
215 314 0
239 307 0
95 3 0
4 139 0
138 21 0
176 4 0
266 4 0
144 11 0
267 5 0
160 315 0
196 309 0
1 296 0
314 305 0
206 305 0
292 314 0
216 289 0
1 128 0
3 177 0
206 314 0
290 312 0
145 28 0
304 312 0
207 314 0
94 2 0
208 310 0
170 3 0
166 6 0
145 29 0
164 8 0
147 24 0
164 9 0
314 138 0
149 30 0
314 180 0
299 313 0
88 313 0
156 315 0
143 11 0
296 303 0
163 305 0
292 310 0
190 300 0
288 302 0
231 308 0
209 288 0
212 306 0
231 304 0
208 304 0
206 309 0
143 314 0
166 4 0
224 296 0
204 313 0
201 294 0
150 2 0
126 9 0
266 10 0
213 307 0
1 174 0
218 312 0
314 205 0
134 22 0
206 310 0
233 301 0
219 315 0
205 307 0
165 6 0
220 310 0
177 5 0
231 309 0
170 0 0
195 310 0
164 7 0
313 89 0
147 27 0
234 2 0
147 26 0
202 314 0
145 11 0
210 304 0
145 23 0
204 302 0
290 307 0
145 32 0
7 177 0
129 13 0
208 313 0
157 312 0
233 309 0
117 6 0
169 4 0
4 177 0
170 314 0
100 2 0
303 313 0
145 24 0
312 176 0
162 15 0
210 309 0
3 89 0
139 1 0
143 14 0
156 313 0
165 310 0
284 307 0
211 305 0
178 4 0
128 12 0
143 4 0
162 8 0
313 175 0
230 306 0
205 310 0
138 6 0
284 313 0
204 312 0
137 26 0
291 311 0
242 310 0
141 7 0
269 3 0
129 11 0
146 24 0
113 4 0
132 15 0
5 178 0
313 87 0
205 302 0
159 17 0
274 3 0
184 310 0
133 16 0
213 292 0
147 17 0
213 286 0
207 311 0
195 312 0
1 280 0
162 311 0
196 298 0
145 26 0
145 25 0
236 310 0
177 314 0
167 2 0
4 174 0
206 298 0
2 175 0
195 299 0
225 311 0
314 44 0
211 307 0
215 310 0
188 311 0
145 0 0
216 310 0
162 304 0
207 307 0
204 305 0
152 25 0
1 127 0
1 140 0
0 138 0
3 131 0
195 302 0
164 10 0
103 2 0
101 1 0
262 0 0
160 12 0
222 302 0
211 308 0
292 300 0
167 6 0
126 10 0
144 26 0
140 29 0
137 20 0
223 308 0
147 311 0
147 312 0
220 297 0
1 142 0
3 175 0
295 313 0
87 314 0
266 5 0
294 312 0
5 175 0
313 47 0
238 310 0
283 308 0
132 18 0
158 300 0
151 15 0
187 314 0
2 143 0
98 4 0
314 171 0
289 313 0
167 10 0
212 287 0
116 8 0
233 1 0
223 303 0
1 129 0
146 25 0
201 307 0
180 2 0
140 1 0
159 310 0
141 28 0
144 32 0
139 24 0
135 8 0
177 312 0
158 311 0
185 312 0
214 295 0
309 137 0
197 298 0
238 304 0
314 188 0
313 310 0
224 310 0
185 305 0
1 132 0
271 2 0
191 306 0
308 136 0
289 310 0
237 310 0
281 311 0
223 309 0
131 17 0
315 175 0
160 302 0
187 307 0
137 21 0
238 311 0
298 312 0
194 301 0
203 306 0
4 132 0
170 311 0
219 311 0
212 302 0
314 47 0
187 313 0
142 3 0
103 1 0
127 4 0
214 300 0
172 2 0
1 103 0
146 313 0
311 132 0
192 302 0
164 313 0
138 28 0
231 311 0
137 14 0
139 27 0
165 308 0
200 311 0
212 310 0
286 307 0
12 2 0
244 312 0
155 19 0
230 310 0
160 309 0
309 91 0
136 2 0
223 313 0
174 5 0
202 308 0
1 139 0
3 140 0
141 2 0
312 282 0
171 309 0
202 293 0
149 28 0
126 14 0
158 302 0
2 89 0
211 290 0
148 3 0
309 131 0
146 32 0
137 27 0
137 28 0
151 29 0
0 35 0
314 134 0
173 312 0
232 310 0
151 27 0
150 27 0
216 293 0
152 24 0
176 314 0
219 295 0
150 1 0
130 10 0
215 299 0
82 314 0
2 268 0
216 303 0
206 304 0
4 138 0
137 22 0
222 312 0
166 311 0
140 31 0
3 176 0
258 5 0
206 306 0
287 307 0
2 130 0
193 302 0
265 10 0
152 28 0
227 306 0
149 29 0
161 304 0
215 302 0
128 19 0
205 305 0
183 307 0
233 313 0
155 314 0
114 3 0
200 295 0
178 2 0
230 308 0
3 136 0
215 291 0
147 18 0
174 1 0
184 306 0
150 26 0
236 308 0
270 7 0
219 307 0
138 26 0
173 1 0
146 5 0
297 314 0
129 8 0
135 14 0
235 302 0
218 291 0
216 296 0
160 5 0
313 268 0
192 300 0
154 23 0
204 291 0
127 16 0
93 1 0
135 23 0
314 46 0
136 23 0
165 2 0
241 313 0
217 291 0
151 307 0
310 138 0
207 297 0
269 4 0
160 9 0
312 138 0
126 15 0
195 309 0
120 4 0
263 8 0
173 3 0
217 313 0
146 13 0
159 301 0
149 19 0
228 300 0
314 269 0
205 306 0
310 267 0
312 128 0
295 308 0
213 301 0
182 313 0
180 312 0
0 134 0
92 315 0
0 267 0
93 315 0
67 315 0
315 270 0
315 133 0
79 315 0
68 315 0
0 272 0
81 315 0
51 315 0
0 219 0
0 274 0
70 315 0
46 315 0
84 315 0
42 315 0
44 315 0
171 0 0
315 209 0
315 206 0
0 145 0
76 315 0
36 315 0
59 315 0
55 315 0
0 273 0
315 213 0
315 16 0
205 0 0
60 315 0
179 0 0
0 212 0
232 0 0
173 0 0
0 213 0
172 0 0
315 216 0
0 133 0
0 172 0
242 315 0
0 182 0
193 0 0
192 0 0
104 0 0
233 0 0
244 315 0
0 170 0
180 0 0
105 0 0
107 0 0
0 297 0
315 164 0
0 207 0
247 0 0
23 0 0
190 315 0
0 144 0
249 0 0
181 0 0
315 171 0
0 179 0
256 0 0
0 299 0
80 315 0
248 0 0
0 141 0
315 124 0
121 0 0
51 0 0
245 0 0
63 0 0
243 0 0
0 271 0
288 315 0
257 0 0
62 315 0
118 0 0
239 0 0
0 128 0
209 315 0
0 97 0
61 0 0
0 181 0
275 315 0
9 315 0
255 0 0
58 0 0
274 315 0
62 0 0
59 0 0
57 0 0
0 186 0
0 305 0
0 56 0
2 0 0
0 43 0
56 0 0
142 0 0
166 315 0
210 0 0
0 168 0
0 205 0
263 315 0
0 2 0
245 315 0
212 0 0
0 28 0
123 315 0
0 25 0
0 23 0
167 315 0
298 315 0
0 24 0
209 0 0
159 0 0
140 0 0
297 315 0
150 315 0
236 315 0
315 302 0
157 0 0
160 0 0
124 315 0
211 315 0
315 218 0
246 315 0
315 304 0
50 0 0
48 0 0
153 0 0
156 0 0
315 267 0
235 315 0
315 126 0
248 315 0
49 0 0
251 0 0
155 0 0
306 315 0
247 315 0
255 315 0
191 315 0
67 0 0
246 0 0
143 0 0
102 315 0
315 221 0
249 315 0
70 0 0
69 0 0
0 137 0
71 0 0
250 315 0
0 282 0
0 149 0
315 184 0
47 0 0
75 0 0
304 315 0
43 0 0
45 0 0
0 115 0
6 315 0
315 280 0
101 315 0
42 0 0
136 0 0
100 315 0
0 109 0
5 315 0
315 266 0
16 0 0
50 315 0
315 294 0
125 315 0
41 0 0
40 0 0
315 174 0
315 110 0
0 280 0
260 0 0
0 139 0
127 315 0
126 315 0
18 0 0
38 0 0
0 281 0
99 315 0
30 0 0
204 315 0
29 0 0
182 0 0
309 0 0
315 53 0
96 315 0
315 145 0
0 300 0
254 0 0
0 125 0
308 0 0
176 315 0
94 315 0
94 0 0
0 20 0
93 0 0
315 144 0
102 0 0
184 315 0
152 0 0
15 315 0
24 0 0
315 67 0
186 0 0
101 0 0
110 0 0
91 0 0
242 0 0
241 0 0
11 315 0
0 136 0
22 0 0
185 315 0
271 315 0
315 217 0
226 315 0
0 76 0
0 290 0
106 0 0
92 0 0
270 315 0
90 0 0
172 315 0
96 0 0
208 0 0
187 0 0
167 0 0
182 315 0
315 129 0
315 182 0
315 211 0
0 291 0
117 0 0
116 0 0
90 315 0
315 271 0
191 0 0
89 315 0
0 165 0
0 214 0
190 0 0
185 0 0
89 0 0
315 178 0
77 0 0
0 75 0
76 0 0
154 0 0
0 147 0
79 0 0
189 0 0
81 0 0
184 0 0
253 0 0
161 315 0
80 0 0
71 315 0
238 0 0
64 315 0
113 0 0
0 143 0
315 212 0
200 0 0
315 146 0
116 315 0
201 0 0
83 315 0
202 0 0
164 0 0
86 0 0
315 202 0
65 315 0
20 0 0
48 315 0
315 4 0
315 103 0
264 0 0
315 220 0
315 6 0
315 5 0
74 315 0
0 142 0
4 0 0
0 110 0
0 4 0
194 0 0
13 315 0
315 37 0
108 0 0
0 65 0
0 140 0
0 289 0
0 152 0
315 195 0
315 172 0
54 0 0
315 179 0
315 47 0
315 2 0
110 315 0
268 315 0
0 95 0
0 188 0
315 196 0
32 0 0
315 247 0
33 0 0
315 101 0
155 315 0
315 288 0
315 160 0
154 315 0
10 315 0
238 315 0
85 315 0
166 0 0
0 58 0
31 0 0
0 164 0
308 315 0
37 0 0
315 147 0
315 300 0
269 0 0
315 84 0
315 108 0
153 315 0
8 315 0
299 0 0
0 275 0
315 207 0
315 309 0
0 93 0
315 43 0
87 315 0
0 201 0
229 315 0
138 0 0
0 67 0
127 0 0
73 315 0
315 226 0
0 257 0
0 1 0
310 315 0
47 315 0
0 106 0
315 20 0
197 315 0
0 195 0
0 81 0
168 315 0
315 65 0
201 315 0
315 13 0
315 272 0
0 173 0
1 315 0
315 79 0
152 315 0
1 0 0
315 76 0
0 61 0
0 308 0
170 315 0
281 315 0
0 233 0
0 30 0
282 315 0
141 315 0
0 41 0
0 174 0
258 315 0
109 0 0
126 0 0
199 315 0
315 199 0
131 315 0
0 162 0
0 303 0
315 314 0
315 75 0
91 315 0
284 315 0
43 315 0
120 315 0
315 82 0
205 315 0
315 198 0
13 0 0
315 299 0
315 293 0
35 0 0
315 18 0
157 315 0
283 315 0
0 59 0
315 214 0
241 315 0
133 315 0
295 0 0
315 78 0
240 315 0
315 246 0
315 168 0
234 315 0
135 315 0
0 249 0
139 315 0
207 315 0
0 270 0
0 200 0
315 225 0
0 180 0
315 311 0
0 190 0
0 204 0
0 90 0
109 315 0
210 315 0
0 295 0
46 0 0
315 298 0
315 83 0
315 38 0
315 151 0
0 26 0
0 91 0
114 315 0
0 5 0
74 0 0
0 68 0
315 200 0
112 315 0
54 315 0
111 315 0
133 0 0
0 72 0
315 285 0
315 189 0
315 66 0
315 312 0
315 55 0
0 96 0
196 0 0
0 101 0
315 194 0
95 315 0
0 231 0
0 288 0
115 0 0
148 0 0
269 315 0
315 169 0
194 315 0
315 269 0
315 161 0
113 315 0
35 315 0
97 315 0
0 261 0
315 279 0
28 315 0
0 122 0
315 17 0
0 33 0
0 251 0
315 39 0
286 315 0
313 0 0
315 58 0
315 292 0
315 30 0
315 255 0
0 83 0
0 313 0
202 315 0
0 216 0
147 315 0
27 315 0
313 315 0
315 252 0
315 290 0
72 0 0
0 107 0
315 251 0
0 187 0
252 315 0
293 0 0
315 283 0
0 89 0
0 245 0
23 315 0
100 0 0
315 232 0
26 315 0
315 243 0
290 0 0
315 28 0
315 186 0
0 14 0
315 185 0
140 315 0
108 315 0
315 69 0
315 313 0
195 315 0
315 245 0
0 31 0
0 124 0
206 0 0
315 264 0
197 0 0
118 315 0
0 283 0
315 143 0
315 219 0
315 128 0
315 100 0
0 227 0
0 246 0
315 162 0
0 191 0
315 229 0
132 0 0
63 315 0
315 116 0
315 240 0
121 315 0
82 0 0
315 89 0
315 135 0
52 315 0
0 151 0
305 315 0
137 315 0
0 222 0
200 315 0
276 0 0
315 95 0
315 68 0
305 0 0
294 0 0
315 177 0
315 191 0
315 93 0
0 19 0
315 140 0
0 146 0
315 131 0
315 157 0
315 203 0
315 149 0
315 173 0
315 156 0
315 233 0
25 0 0
186 315 0
315 1 0
315 152 0
315 26 0
223 0 0
263 0 0
0 199 0
315 9 0
216 0 0
165 0 0
136 315 0
0 259 0
0 223 0
0 277 0
142 315 0
315 119 0
196 315 0
315 50 0
303 315 0
203 0 0
211 0 0
0 158 0
315 92 0
0 27 0
0 161 0
252 0 0
0 210 0
315 123 0
315 303 0
295 315 0
19 0 0
312 0 0
61 315 0
138 315 0
315 254 0
0 312 0
315 250 0
315 42 0
112 0 0
315 222 0
0 242 0
130 315 0
0 252 0
204 0 0
315 259 0
0 211 0
270 0 0
69 315 0
0 266 0
315 163 0
0 263 0
315 263 0
0 42 0
174 315 0
0 98 0
315 261 0
86 315 0
315 7 0
52 0 0
315 54 0
0 77 0
315 248 0
130 0 0
163 0 0
0 22 0
181 315 0
239 315 0
229 0 0
233 315 0
315 228 0
0 250 0
315 223 0
315 115 0
0 130 0
302 315 0
0 248 0
221 0 0
17 0 0
315 96 0
315 21 0
0 62 0
16 315 0
237 0 0
315 31 0
315 122 0
296 315 0
0 88 0
315 15 0
0 157 0
189 315 0
315 235 0
0 55 0
0 232 0
315 71 0
25 315 0
161 0 0
0 309 0
0 18 0
315 105 0
315 276 0
306 0 0
315 231 0
298 0 0
315 34 0
315 224 0
128 0 0
206 315 0
0 69 0
0 228 0
312 315 0
30 315 0
0 244 0
0 21 0
103 315 0
0 236 0
0 84 0
7 0 0
277 315 0
0 92 0
214 0 0
261 0 0
218 0 0
0 9 0
0 37 0
72 315 0
0 70 0
177 315 0
0 237 0
0 127 0
281 0 0
0 32 0
0 253 0
104 315 0
315 77 0
315 297 0
315 230 0
125 0 0
315 193 0
0 241 0
315 48 0
0 193 0
0 265 0
315 234 0
218 315 0
0 78 0
315 87 0
315 132 0
315 10 0
169 315 0
0 86 0
291 315 0
254 315 0
0 230 0
0 269 0
219 0 0
0 239 0
297 0 0
315 167 0
294 315 0
315 192 0
0 240 0
143 315 0
39 315 0
27 0 0
163 315 0
0 258 0
0 285 0
0 105 0
315 258 0
0 82 0
272 0 0
315 187 0
315 85 0
0 184 0
0 71 0
307 0 0
0 203 0
0 255 0
151 315 0
192 315 0
315 197 0
315 239 0
0 247 0
289 315 0
0 292 0
315 106 0
315 256 0
311 315 0
60 0 0
0 268 0
273 315 0
193 315 0
315 183 0
0 294 0
0 103 0
64 0 0
0 278 0
250 0 0
283 0 0
315 86 0
0 79 0
257 315 0
212 315 0
265 315 0
14 0 0
0 202 0
169 0 0
315 137 0
31 315 0
225 315 0
315 155 0
315 286 0
315 25 0
0 208 0
32 315 0
280 0 0
315 109 0
315 121 0
315 181 0
315 72 0
214 315 0
95 0 0
0 197 0
315 275 0
315 310 0
0 153 0
315 11 0
251 315 0
0 73 0
0 226 0
34 315 0
315 277 0
315 287 0
315 73 0
0 57 0
147 0 0
315 301 0
227 0 0
176 0 0
315 307 0
213 0 0
199 0 0
315 260 0
226 0 0
0 123 0
78 0 0
309 315 0
220 0 0
0 99 0
0 310 0
0 120 0
122 315 0
105 315 0
315 98 0
315 102 0
139 0 0
158 315 0
311 0 0
225 0 0
0 114 0
307 315 0
0 177 0
315 49 0
224 315 0
215 0 0
0 66 0
180 315 0
315 242 0
315 170 0
0 302 0
159 315 0
227 315 0
0 126 0
259 0 0
18 315 0
0 171 0
315 8 0
280 315 0
183 0 0
315 125 0
107 315 0
151 0 0
149 0 0
278 0 0
195 0 0
98 315 0
221 315 0
237 315 0
0 306 0
0 74 0
0 17 0
0 80 0
282 0 0
0 311 0
9 0 0
315 99 0
217 0 0
0 121 0
0 52 0
315 51 0
44 0 0
301 0 0
0 154 0
0 53 0
158 0 0
0 254 0
275 0 0
14 315 0
0 64 0
236 0 0
258 0 0
0 183 0
73 0 0
315 281 0
0 155 0
88 0 0
0 243 0
230 0 0
0 51 0
279 0 0
77 315 0
315 63 0
0 113 0
111 0 0
279 315 0
57 315 0
141 0 0
162 315 0
315 241 0
3 0 0
168 0 0
315 130 0
0 286 0
0 307 0
0 175 0
0 46 0
4 315 0
315 90 0
0 50 0
315 190 0
146 0 0
15 0 0
0 13 0
315 22 0
21 315 0
0 221 0
28 0 0
228 0 0
315 57 0
0 169 0
0 225 0
0 150 0
150 0 0
315 296 0
68 0 0
0 301 0
19 315 0
256 315 0
315 3 0
315 154 0
0 209 0
315 253 0
119 315 0
0 163 0
0 148 0
0 45 0
315 64 0
265 0 0
0 229 0
315 56 0
0 194 0
0 196 0
0 29 0
36 0 0
53 0 0
0 296 0
144 0 0
10 0 0
29 315 0
0 220 0
315 236 0
0 15 0
287 315 0
0 129 0
223 315 0
0 117 0
262 315 0
0 304 0
8 0 0
291 0 0
0 264 0
315 61 0
224 0 0
261 315 0
315 210 0
315 60 0
315 291 0
315 118 0
302 0 0
300 315 0
0 160 0
304 0 0
240 0 0
315 19 0
66 315 0
5 0 0
0 8 0
0 111 0
83 0 0
137 0 0
178 315 0
178 0 0
11 0 0
299 315 0
0 12 0
0 44 0
267 315 0
106 315 0
253 315 0
315 148 0
314 0 0
217 315 0
117 315 0
134 315 0
134 0 0
0 116 0
315 117 0
162 0 0
284 0 0
0 167 0
187 315 0
260 315 0
40 315 0
0 7 0
287 0 0
12 315 0
145 315 0
0 6 0
315 44 0
315 35 0
300 0 0
315 249 0
315 150 0
0 159 0
203 315 0
0 63 0
3 315 0
20 315 0
315 165 0
0 49 0
0 54 0
0 100 0
315 104 0
289 0 0
301 315 0
177 0 0
6 0 0
315 176 0
315 62 0
286 0 0
285 0 0
119 0 0
58 315 0
188 0 0
315 306 0
315 284 0
315 159 0
122 0 0
0 279 0
315 70 0
315 141 0
146 315 0
165 315 0
175 0 0
272 315 0
132 315 0
315 33 0
315 158 0
292 0 0
66 0 0
288 0 0
277 0 0
0 47 0
65 0 0
315 45 0
0 298 0
129 315 0
315 278 0
315 27 0
22 315 0
315 29 0
315 52 0
0 314 0
131 0 0
315 274 0
285 315 0
290 315 0
148 315 0
293 315 0
173 315 0
21 0 0
188 315 0
0 3 0
149 315 0
315 114 0
271 0 0
124 0 0
315 59 0
17 315 0
310 0 0
0 108 0
129 0 0
0 276 0
315 113 0
171 315 0
114 0 0
164 315 0
0 34 0
123 0 0
315 23 0
0 218 0
0 234 0
0 217 0
266 0 0
315 215 0
231 315 0
315 111 0
175 315 0
56 315 0
0 39 0
315 227 0
315 97 0
296 0 0
183 315 0
274 0 0
39 0 0
0 176 0
0 112 0
315 273 0
315 142 0
0 235 0
266 315 0
315 24 0
115 315 0
315 112 0
0 36 0
98 0 0
315 188 0
315 153 0
0 206 0
0 238 0
2 315 0
230 315 0
315 14 0
315 12 0
314 315 0
128 315 0
0 94 0
0 118 0
53 315 0
0 131 0
0 215 0
0 119 0
0 11 0
315 107 0
120 0 0
315 139 0
315 36 0
41 315 0
0 104 0
315 262 0
315 127 0
315 41 0
315 32 0
315 134 0
38 315 0
315 265 0
0 166 0
78 315 0
0 85 0
0 287 0
315 88 0
0 40 0
179 315 0
264 315 0
276 315 0
0 135 0
315 204 0
0 38 0
315 81 0
216 315 0
26 0 0
84 0 0
0 192 0
231 0 0
0 16 0
49 315 0
244 0 0
315 138 0
0 87 0
303 0 0
37 315 0
144 315 0
7 315 0
315 208 0
low, high, current -1 -1 8
Confirming Router Algorithm: TIMING_DRIVEN.
T_crit: 1.20894e-07.
T_crit: 1.20809e-07.
T_crit: 1.20816e-07.
T_crit: 1.20711e-07.
T_crit: 1.20712e-07.
T_crit: 1.20711e-07.
T_crit: 1.20712e-07.
T_crit: 1.20708e-07.
T_crit: 1.20712e-07.
T_crit: 1.20819e-07.
T_crit: 1.20819e-07.
T_crit: 1.20715e-07.
T_crit: 1.2082e-07.
T_crit: 1.21763e-07.
T_crit: 1.21868e-07.
T_crit: 1.22174e-07.
T_crit: 1.222e-07.
T_crit: 1.23154e-07.
T_crit: 1.22738e-07.
T_crit: 1.23199e-07.
T_crit: 1.233e-07.
T_crit: 1.22762e-07.
T_crit: 1.22555e-07.
T_crit: 1.22762e-07.
T_crit: 1.23785e-07.
T_crit: 1.25372e-07.
T_crit: 1.25272e-07.
T_crit: 1.25481e-07.
T_crit: 1.2586e-07.
T_crit: 1.25564e-07.
T_crit: 1.26074e-07.
T_crit: 1.26992e-07.
T_crit: 1.26175e-07.
T_crit: 1.27632e-07.
T_crit: 1.27212e-07.
T_crit: 1.28471e-07.
T_crit: 1.29524e-07.
T_crit: 1.27651e-07.
T_crit: 1.28593e-07.
T_crit: 1.29018e-07.
T_crit: 1.29028e-07.
T_crit: 1.29335e-07.
T_crit: 1.27365e-07.
T_crit: 1.29531e-07.
T_crit: 1.27358e-07.
T_crit: 1.2873e-07.
T_crit: 1.28526e-07.
T_crit: 1.28513e-07.
T_crit: 1.28844e-07.
T_crit: 1.29253e-07.
Routing failed.
low, high, current 8 -1 16
