
VPR FPGA Placement and Routing.
Version: Version 5.0.2
Compiled: Dec 11 2020.
Original VPR by V. Betz.
Timing-driven placement enhancements by A. Marquardt.
Single-drivers enhancements by Andy Ye with additions by.
Mark Fang, Jason Luu, Ted Campbell
Heterogeneous stucture support by Jason Luu and Ted Campbell.
This code is licensed only for non-commercial use.

Auto-sizing FPGA, try x = 50 y = 50
Auto-sizing FPGA, try x = 100 y = 100
Auto-sizing FPGA, try x = 200 y = 200
Auto-sizing FPGA, try x = 400 y = 400
Auto-sizing FPGA, try x = 200 y = 200
Auto-sizing FPGA, try x = 300 y = 300
Auto-sizing FPGA, try x = 250 y = 250
Auto-sizing FPGA, try x = 225 y = 225
Auto-sizing FPGA, try x = 237 y = 237
Auto-sizing FPGA, try x = 243 y = 243
Auto-sizing FPGA, try x = 240 y = 240
Auto-sizing FPGA, try x = 238 y = 238
Auto-sizing FPGA, try x = 239 y = 239
Auto-sizing FPGA, try x = 239 y = 239
FPGA auto-sized to, x = 240 y = 240

Resource Usage:
Netlist      0	blocks of type <EMPTY>
Architecture 4	blocks of type <EMPTY>
Netlist      957	blocks of type .io
Architecture 960	blocks of type .io
Netlist      1539	blocks of type .clb
Architecture 57600	blocks of type .clb

Timing analysis: ON

Operation:  ROUTE_ONLY

PlacerOpts.place_freq:  PLACE_NEVER

RouterOpts.route_type:  DETAILED
RouterOpts.router_algorithm:  TIMING_DRIVEN
RouterOpts.base_cost_type:  DELAY_NORMALIZED
RouterOpts.fixed_channel_width:  NO_FIXED_CHANNEL_WIDTH
RouterOpts.acc_fac:  1.000000
RouterOpts.bb_factor:  3
RouterOpts.bend_cost:  0.000000
RouterOpts.first_iter_pres_fac:  0.500000
RouterOpts.initial_pres_fac:  0.500000
RouterOpts.pres_fac_mult:  1.300000
RouterOpts.max_router_iterations:  50
RouterOpts.astar_fac:  1.200000
RouterOpts.criticality_exp:  1.000000
RouterOpts.max_criticality:  0.990000

RoutingArch.directionality:  UNI_DIRECTIONAL
RoutingArch.switch_block_type:  WILTON
RoutingArch.Fs:  3

The circuit will be mapped into a 240 x 240 array of clbs.

Netlist num_nets:  2373
Netlist num_blocks:  2496
Netlist inputs pins:  834
Netlist output pins:  123

159 231 0
160 233 0
2 219 0
160 240 0
163 234 0
158 233 0
157 231 0
154 236 0
152 237 0
137 0 0
152 239 0
151 238 0
152 238 0
155 235 0
79 4 0
28 1 0
238 96 0
77 4 0
24 5 0
171 3 0
1 103 0
240 1 0
169 241 0
32 3 0
152 231 0
80 2 0
1 25 0
2 54 0
52 241 0
114 240 0
236 241 0
241 118 0
238 151 0
241 188 0
87 0 0
78 0 0
0 78 0
151 239 0
114 237 0
0 28 0
240 65 0
1 21 0
240 151 0
75 2 0
0 178 0
240 62 0
125 238 0
220 2 0
1 58 0
240 34 0
231 240 0
162 236 0
2 228 0
2 5 0
56 2 0
0 114 0
0 187 0
240 149 0
217 0 0
166 0 0
148 236 0
240 137 0
240 177 0
0 162 0
2 91 0
3 107 0
20 0 0
0 173 0
145 240 0
241 34 0
240 63 0
239 66 0
240 61 0
169 2 0
142 240 0
145 235 0
144 237 0
0 131 0
173 1 0
148 241 0
1 20 0
240 205 0
144 240 0
240 164 0
241 56 0
116 3 0
180 0 0
86 4 0
241 155 0
241 153 0
241 125 0
0 51 0
3 0 0
64 0 0
240 227 0
80 237 0
143 239 0
2 229 0
0 203 0
240 153 0
239 140 0
87 240 0
238 195 0
1 147 0
179 2 0
0 137 0
88 241 0
96 240 0
165 241 0
88 240 0
149 235 0
240 154 0
119 241 0
166 1 0
58 241 0
170 4 0
186 0 0
87 239 0
239 117 0
162 238 0
239 96 0
240 58 0
233 239 0
143 238 0
240 240 0
241 7 0
240 218 0
159 235 0
147 235 0
70 2 0
241 124 0
73 5 0
230 241 0
1 78 0
158 240 0
224 241 0
49 240 0
126 236 0
241 49 0
240 117 0
80 238 0
232 240 0
155 237 0
0 82 0
1 22 0
241 234 0
160 237 0
0 202 0
22 2 0
21 1 0
157 236 0
156 238 0
79 240 0
163 239 0
239 54 0
240 126 0
240 203 0
239 226 0
241 61 0
240 7 0
208 0 0
156 240 0
85 5 0
163 240 0
238 31 0
2 62 0
228 4 0
161 241 0
159 237 0
241 228 0
164 240 0
228 2 0
192 240 0
0 48 0
146 0 0
237 60 0
241 110 0
154 1 0
4 223 0
240 60 0
241 73 0
151 2 0
229 2 0
241 167 0
227 2 0
241 134 0
179 0 0
159 236 0
241 231 0
115 237 0
241 213 0
194 241 0
240 105 0
0 24 0
240 215 0
187 0 0
147 233 0
187 3 0
129 240 0
52 0 0
0 31 0
239 120 0
179 1 0
241 109 0
30 2 0
88 2 0
159 240 0
25 0 0
145 237 0
239 88 0
66 241 0
78 2 0
88 0 0
114 241 0
216 241 0
14 0 0
171 2 0
78 240 0
238 93 0
239 0 0
241 54 0
29 241 0
185 0 0
239 116 0
158 238 0
178 1 0
113 3 0
115 4 0
0 104 0
170 237 0
30 241 0
110 0 0
82 0 0
241 11 0
96 0 0
151 233 0
55 0 0
40 1 0
39 0 0
85 2 0
241 45 0
41 2 0
41 1 0
58 1 0
1 211 0
241 31 0
78 5 0
83 0 0
241 111 0
135 0 0
0 124 0
82 6 0
240 217 0
113 238 0
113 239 0
2 226 0
221 0 0
1 228 0
24 6 0
4 221 0
240 119 0
140 241 0
241 35 0
0 60 0
9 240 0
2 24 0
169 3 0
171 1 0
129 241 0
239 186 0
153 232 0
22 0 0
1 55 0
0 188 0
235 239 0
11 239 0
0 152 0
200 239 0
11 240 0
226 2 0
2 21 0
161 238 0
19 240 0
1 229 0
61 0 0
168 1 0
233 241 0
240 135 0
240 224 0
2 241 0
5 0 0
146 241 0
2 22 0
241 176 0
241 92 0
188 240 0
207 239 0
240 225 0
241 204 0
0 42 0
157 237 0
2 164 0
108 0 0
241 23 0
0 93 0
25 5 0
241 1 0
240 191 0
77 6 0
0 83 0
46 241 0
1 93 0
241 99 0
143 237 0
2 94 0
196 237 0
205 0 0
0 163 0
155 234 0
61 240 0
240 223 0
241 222 0
161 237 0
7 240 0
239 60 0
2 92 0
1 203 0
226 3 0
122 1 0
3 62 0
153 236 0
238 225 0
189 240 0
0 5 0
239 80 0
89 240 0
151 236 0
241 89 0
124 237 0
68 241 0
239 103 0
125 237 0
124 239 0
241 165 0
1 230 0
81 239 0
93 1 0
155 238 0
125 240 0
236 106 0
2 73 0
89 241 0
159 239 0
239 214 0
154 238 0
114 239 0
241 209 0
241 157 0
240 107 0
238 106 0
104 241 0
238 34 0
0 53 0
239 62 0
208 2 0
241 202 0
241 137 0
0 129 0
100 241 0
0 194 0
241 166 0
73 4 0
239 34 0
197 1 0
0 62 0
2 80 0
0 50 0
1 34 0
241 106 0
3 241 0
219 1 0
239 222 0
239 107 0
125 0 0
241 102 0
1 27 0
238 105 0
0 232 0
2 23 0
1 181 0
237 106 0
91 2 0
183 240 0
91 0 0
241 139 0
241 226 0
2 224 0
191 0 0
117 4 0
180 241 0
238 92 0
240 55 0
0 19 0
91 1 0
240 187 0
31 241 0
1 175 0
1 35 0
241 177 0
125 239 0
196 239 0
48 1 0
128 239 0
170 2 0
0 169 0
1 24 0
162 2 0
156 239 0
56 0 0
241 3 0
34 241 0
157 3 0
222 241 0
228 3 0
130 0 0
124 235 0
100 239 0
101 240 0
121 241 0
0 128 0
99 240 0
126 240 0
74 241 0
21 241 0
1 121 0
79 1 0
1 174 0
210 1 0
115 241 0
241 149 0
126 238 0
238 91 0
240 97 0
27 0 0
152 230 0
91 241 0
239 105 0
239 33 0
43 241 0
238 107 0
238 58 0
238 76 0
241 112 0
239 76 0
238 224 0
126 1 0
0 155 0
150 237 0
143 236 0
153 230 0
1 185 0
0 88 0
240 89 0
155 232 0
239 78 0
138 1 0
1 110 0
2 194 0
0 125 0
92 4 0
12 240 0
20 240 0
239 119 0
159 3 0
124 240 0
147 240 0
241 60 0
1 92 0
19 241 0
94 1 0
1 145 0
28 241 0
198 236 0
0 3 0
89 0 0
240 120 0
1 154 0
239 190 0
96 239 0
72 0 0
114 1 0
1 153 0
150 231 0
59 0 0
1 176 0
0 15 0
1 73 0
197 239 0
241 158 0
241 214 0
158 3 0
117 3 0
212 241 0
2 70 0
195 238 0
111 241 0
241 33 0
173 3 0
191 3 0
128 0 0
148 237 0
60 241 0
170 240 0
87 5 0
165 0 0
226 1 0
182 240 0
1 4 0
148 235 0
239 162 0
241 227 0
0 223 0
241 195 0
47 241 0
83 1 0
239 187 0
241 32 0
108 241 0
117 0 0
237 145 0
116 240 0
0 224 0
240 9 0
229 1 0
241 203 0
113 0 0
149 240 0
241 77 0
180 240 0
0 69 0
3 161 0
238 189 0
1 221 0
241 197 0
239 228 0
160 0 0
239 79 0
118 1 0
155 240 0
209 0 0
240 136 0
240 235 0
111 2 0
72 3 0
239 149 0
240 188 0
238 101 0
240 189 0
141 2 0
196 236 0
149 238 0
0 65 0
126 237 0
2 74 0
1 159 0
147 238 0
118 240 0
114 238 0
155 236 0
0 91 0
1 156 0
240 231 0
238 57 0
73 3 0
0 200 0
241 205 0
0 115 0
145 239 0
106 0 0
241 217 0
118 2 0
0 141 0
71 3 0
167 241 0
150 241 0
241 218 0
125 235 0
238 77 0
0 30 0
24 0 0
170 241 0
1 157 0
75 0 0
78 241 0
228 1 0
10 240 0
173 0 0
146 237 0
1 148 0
229 0 0
0 151 0
74 2 0
240 80 0
232 0 0
150 239 0
198 240 0
116 4 0
1 91 0
116 241 0
239 233 0
3 6 0
55 241 0
148 232 0
241 66 0
160 236 0
112 240 0
151 230 0
67 241 0
80 241 0
1 233 0
1 14 0
163 238 0
195 2 0
77 240 0
157 239 0
0 11 0
2 202 0
241 72 0
240 143 0
174 241 0
79 8 0
42 241 0
240 5 0
114 236 0
91 3 0
239 129 0
240 103 0
157 0 0
188 1 0
14 241 0
12 239 0
0 132 0
225 0 0
240 178 0
130 241 0
241 136 0
239 215 0
240 214 0
240 123 0
2 34 0
144 235 0
168 4 0
240 81 0
16 241 0
240 152 0
196 240 0
219 241 0
188 241 0
1 36 0
146 238 0
148 231 0
9 241 0
240 182 0
241 184 0
239 108 0
241 175 0
171 240 0
214 241 0
60 2 0
238 127 0
72 4 0
211 241 0
0 89 0
131 240 0
117 241 0
239 53 0
77 239 0
119 239 0
79 3 0
155 233 0
0 76 0
236 0 0
79 238 0
241 17 0
146 233 0
240 51 0
2 59 0
149 241 0
1 200 0
240 53 0
43 0 0
79 7 0
198 238 0
175 2 0
100 240 0
240 138 0
8 239 0
240 179 0
155 239 0
70 240 0
168 240 0
178 2 0
240 216 0
1 26 0
0 176 0
239 217 0
1 96 0
147 234 0
139 1 0
240 162 0
106 241 0
19 239 0
197 241 0
198 237 0
241 115 0
197 0 0
168 237 0
227 3 0
3 227 0
0 233 0
162 237 0
48 241 0
1 15 0
0 18 0
1 80 0
197 238 0
1 220 0
2 179 0
53 0 0
171 238 0
154 233 0
115 239 0
94 241 0
152 1 0
33 240 0
241 87 0
238 55 0
197 240 0
169 237 0
235 237 0
224 0 0
0 68 0
176 0 0
239 59 0
156 233 0
1 232 0
107 0 0
157 235 0
170 3 0
219 0 0
220 1 0
5 220 0
0 46 0
88 3 0
150 0 0
0 7 0
130 240 0
240 222 0
147 237 0
115 5 0
241 79 0
239 3 0
90 0 0
1 155 0
138 2 0
156 235 0
241 232 0
0 79 0
198 241 0
197 237 0
159 234 0
113 2 0
240 118 0
239 135 0
239 146 0
1 117 0
162 241 0
1 201 0
0 156 0
86 2 0
149 237 0
2 207 0
113 1 0
146 236 0
190 1 0
95 239 0
228 237 0
154 235 0
241 74 0
141 0 0
239 136 0
92 1 0
80 6 0
241 10 0
240 144 0
41 0 0
238 61 0
241 4 0
124 238 0
161 236 0
74 3 0
36 241 0
2 58 0
241 144 0
148 239 0
102 0 0
2 95 0
45 0 0
112 241 0
189 1 0
239 223 0
138 0 0
155 2 0
90 2 0
221 241 0
10 241 0
103 241 0
204 0 0
119 3 0
71 4 0
76 0 0
120 1 0
147 236 0
240 50 0
241 47 0
69 239 0
0 172 0
160 234 0
211 1 0
1 79 0
241 93 0
2 7 0
239 115 0
240 166 0
241 170 0
215 0 0
118 5 0
1 76 0
2 195 0
2 232 0
29 3 0
1 161 0
3 160 0
181 0 0
160 241 0
93 0 0
161 240 0
4 219 0
160 235 0
241 221 0
66 0 0
154 241 0
229 3 0
132 241 0
1 89 0
125 241 0
240 239 0
109 0 0
121 0 0
162 1 0
240 228 0
162 239 0
117 2 0
240 29 0
114 5 0
1 77 0
240 59 0
150 235 0
238 78 0
198 239 0
144 239 0
0 149 0
82 2 0
201 241 0
225 241 0
1 94 0
191 1 0
240 98 0
158 239 0
136 241 0
2 25 0
192 0 0
180 1 0
0 216 0
69 2 0
163 241 0
239 163 0
28 4 0
0 55 0
0 122 0
0 231 0
89 239 0
1 23 0
147 0 0
241 15 0
241 122 0
170 239 0
200 241 0
0 199 0
78 4 0
241 69 0
119 2 0
2 55 0
240 148 0
240 92 0
17 2 0
240 83 0
148 0 0
107 241 0
170 0 0
196 0 0
192 3 0
0 47 0
240 233 0
0 168 0
0 92 0
239 138 0
1 81 0
2 57 0
0 164 0
0 207 0
0 40 0
239 150 0
0 118 0
2 165 0
97 239 0
0 52 0
0 193 0
238 217 0
0 136 0
113 240 0
211 2 0
0 201 0
85 241 0
151 229 0
150 240 0
1 164 0
149 231 0
239 98 0
114 235 0
157 238 0
240 66 0
154 2 0
151 240 0
25 241 0
201 240 0
123 237 0
3 24 0
158 234 0
3 226 0
174 2 0
93 241 0
240 190 0
1 217 0
151 237 0
1 225 0
117 6 0
126 241 0
109 1 0
161 235 0
216 0 0
192 241 0
144 238 0
127 0 0
51 0 0
241 64 0
238 188 0
239 137 0
118 0 0
1 219 0
240 226 0
220 0 0
241 148 0
0 191 0
239 75 0
8 241 0
63 0 0
141 239 0
177 1 0
238 62 0
73 0 0
239 70 0
238 104 0
1 109 0
238 90 0
1 234 0
238 117 0
68 0 0
72 2 0
152 236 0
0 166 0
4 226 0
0 84 0
119 4 0
193 239 0
199 239 0
194 240 0
239 151 0
1 68 0
0 39 0
239 189 0
47 2 0
239 188 0
0 145 0
241 189 0
164 239 0
1 74 0
116 5 0
239 61 0
156 3 0
222 0 0
150 236 0
241 113 0
1 54 0
239 225 0
241 22 0
92 241 0
137 1 0
152 232 0
151 241 0
49 238 0
240 199 0
240 91 0
195 239 0
11 238 0
96 241 0
71 0 0
240 106 0
0 184 0
0 74 0
239 148 0
146 235 0
140 240 0
34 0 0
24 3 0
240 116 0
10 0 0
239 191 0
50 239 0
240 232 0
172 2 0
70 1 0
241 76 0
239 65 0
85 1 0
1 231 0
157 233 0
241 95 0
84 2 0
241 126 0
192 2 0
239 77 0
2 72 0
0 213 0
241 67 0
48 239 0
0 180 0
139 3 0
0 101 0
177 0 0
240 192 0
146 234 0
48 240 0
0 119 0
171 241 0
113 241 0
171 239 0
158 237 0
241 48 0
241 108 0
239 157 0
0 32 0
152 2 0
1 158 0
241 186 0
0 147 0
2 227 0
0 35 0
118 3 0
182 241 0
208 1 0
174 0 0
241 90 0
3 100 0
47 240 0
239 87 0
173 241 0
140 0 0
80 5 0
68 1 0
155 0 0
2 160 0
241 57 0
19 0 0
241 233 0
126 2 0
89 4 0
134 0 0
71 241 0
241 193 0
238 0 0
2 26 0
240 77 0
69 3 0
79 2 0
0 34 0
239 142 0
179 241 0
237 105 0
176 241 0
71 2 0
191 2 0
2 4 0
241 59 0
114 2 0
181 239 0
72 5 0
1 163 0
73 2 0
241 83 0
172 0 0
49 239 0
4 224 0
110 241 0
154 0 0
1 160 0
241 156 0
239 152 0
146 239 0
0 120 0
160 238 0
54 241 0
0 150 0
154 234 0
168 2 0
239 218 0
94 240 0
1 195 0
23 0 0
8 240 0
213 241 0
195 241 0
60 3 0
0 177 0
241 224 0
4 241 0
152 0 0
0 210 0
200 240 0
238 51 0
5 221 0
82 5 0
241 53 0
70 241 0
241 194 0
129 238 0
241 130 0
2 159 0
241 150 0
142 238 0
1 197 0
239 69 0
0 227 0
0 117 0
0 197 0
240 150 0
240 2 0
3 220 0
241 151 0
239 56 0
164 0 0
238 152 0
238 239 0
175 1 0
1 99 0
144 236 0
111 3 0
29 1 0
1 194 0
1 59 0
240 0 0
0 171 0
226 241 0
0 236 0
241 183 0
0 96 0
1 75 0
205 241 0
240 10 0
160 2 0
240 234 0
238 148 0
161 0 0
172 1 0
45 241 0
27 4 0
1 2 0
115 240 0
113 4 0
57 0 0
58 240 0
1 162 0
86 1 0
0 33 0
70 3 0
153 3 0
44 0 0
10 239 0
240 52 0
240 84 0
127 240 0
176 1 0
238 53 0
236 240 0
172 241 0
163 0 0
0 10 0
148 240 0
0 126 0
158 5 0
118 4 0
0 219 0
239 113 0
231 241 0
239 160 0
164 237 0
76 1 0
59 1 0
181 241 0
167 0 0
241 52 0
241 20 0
0 9 0
163 1 0
113 237 0
79 5 0
116 6 0
169 239 0
241 219 0
2 0 0
239 154 0
220 241 0
81 2 0
2 75 0
241 216 0
151 234 0
37 241 0
1 193 0
239 216 0
169 240 0
0 208 0
93 2 0
0 20 0
134 241 0
143 240 0
3 164 0
3 162 0
26 241 0
2 162 0
169 1 0
0 23 0
16 240 0
79 241 0
61 2 0
90 241 0
73 1 0
0 175 0
39 241 0
238 94 0
64 241 0
153 240 0
18 2 0
179 3 0
75 3 0
162 235 0
109 241 0
147 239 0
228 240 0
81 241 0
114 0 0
1 98 0
124 236 0
154 231 0
240 204 0
1 218 0
163 237 0
74 5 0
239 106 0
161 239 0
1 82 0
240 64 0
133 241 0
123 239 0
74 4 0
125 236 0
240 104 0
159 232 0
2 101 0
2 144 0
1 60 0
67 240 0
2 108 0
238 150 0
1 10 0
187 1 0
149 0 0
1 107 0
1 196 0
3 101 0
239 63 0
238 79 0
88 6 0
145 0 0
92 2 0
0 44 0
153 0 0
2 217 0
74 6 0
239 58 0
202 241 0
237 104 0
233 0 0
158 241 0
117 239 0
240 167 0
187 2 0
117 1 0
181 240 0
85 3 0
1 226 0
0 167 0
44 241 0
240 99 0
46 2 0
240 200 0
0 221 0
172 3 0
1 209 0
150 1 0
116 1 0
189 241 0
158 232 0
241 70 0
152 3 0
173 2 0
142 241 0
0 113 0
241 38 0
69 240 0
240 127 0
101 241 0
240 75 0
18 240 0
241 42 0
240 108 0
60 0 0
238 186 0
0 90 0
3 54 0
99 241 0
240 110 0
0 204 0
0 157 0
69 241 0
0 121 0
59 2 0
241 163 0
72 241 0
1 146 0
240 78 0
148 234 0
84 0 0
115 238 0
239 68 0
239 67 0
1 67 0
199 241 0
239 1 0
168 238 0
135 240 0
239 71 0
239 64 0
167 2 0
169 4 0
3 102 0
0 140 0
4 222 0
2 206 0
148 238 0
3 104 0
47 3 0
238 100 0
240 174 0
1 222 0
112 2 0
0 59 0
151 1 0
241 6 0
241 30 0
241 223 0
1 139 0
241 146 0
81 1 0
241 201 0
1 138 0
241 240 0
239 6 0
207 0 0
23 4 0
1 31 0
0 146 0
241 174 0
174 1 0
153 1 0
11 241 0
1 137 0
3 59 0
208 240 0
29 0 0
200 0 0
1 70 0
0 21 0
230 0 0
238 144 0
240 112 0
1 227 0
2 225 0
240 113 0
240 114 0
76 240 0
159 0 0
115 3 0
1 224 0
0 64 0
122 241 0
119 0 0
152 229 0
0 116 0
0 225 0
57 240 0
229 240 0
46 1 0
150 238 0
59 240 0
112 3 0
1 17 0
241 101 0
1 235 0
1 223 0
48 2 0
41 241 0
45 2 0
240 221 0
44 2 0
2 222 0
204 241 0
5 225 0
1 106 0
206 241 0
45 1 0
206 240 0
3 218 0
238 161 0
239 32 0
241 198 0
38 241 0
2 103 0
38 0 0
2 104 0
2 100 0
241 235 0
1 7 0
0 105 0
92 0 0
2 181 0
56 1 0
1 182 0
1 183 0
6 241 0
240 181 0
211 0 0
238 97 0
0 80 0
136 240 0
0 182 0
241 182 0
228 241 0
2 180 0
232 241 0
115 1 0
237 98 0
170 1 0
240 180 0
2 102 0
1 8 0
2 99 0
1 101 0
0 135 0
235 241 0
94 0 0
207 1 0
0 6 0
84 241 0
238 103 0
82 241 0
238 9 0
239 90 0
241 121 0
241 36 0
0 58 0
241 18 0
241 107 0
2 6 0
0 100 0
240 159 0
241 152 0
120 241 0
239 144 0
2 208 0
238 187 0
0 158 0
1 210 0
221 1 0
241 19 0
3 208 0
61 1 0
48 0 0
1 208 0
0 222 0
238 95 0
241 24 0
0 237 0
1 100 0
239 195 0
13 240 0
105 0 0
0 230 0
171 0 0
196 238 0
134 240 0
13 239 0
240 3 0
60 1 0
13 238 0
126 0 0
240 68 0
47 1 0
14 240 0
135 239 0
0 38 0
135 241 0
241 190 0
13 241 0
46 0 0
0 189 0
7 0 0
97 0 0
239 52 0
14 239 0
199 2 0
159 233 0
1 207 0
226 239 0
47 0 0
99 0 0
241 142 0
241 51 0
239 176 0
239 177 0
69 1 0
76 4 0
72 1 0
3 207 0
3 103 0
2 156 0
1 104 0
239 99 0
3 221 0
2 163 0
140 2 0
1 105 0
199 240 0
2 221 0
5 223 0
145 238 0
157 240 0
182 0 0
158 2 0
127 241 0
2 223 0
22 241 0
2 145 0
44 1 0
238 143 0
235 238 0
239 239 0
239 127 0
210 2 0
239 126 0
194 0 0
238 63 0
15 239 0
97 240 0
8 0 0
15 241 0
79 0 0
0 226 0
123 241 0
158 1 0
240 128 0
170 238 0
150 2 0
240 176 0
240 129 0
0 209 0
241 210 0
158 235 0
241 96 0
241 128 0
238 87 0
238 118 0
240 125 0
2 220 0
241 145 0
241 104 0
130 239 0
240 109 0
238 194 0
166 239 0
167 240 0
234 240 0
0 229 0
241 171 0
1 90 0
165 238 0
237 239 0
1 53 0
165 239 0
238 223 0
107 1 0
1 108 0
119 240 0
164 238 0
1 52 0
241 82 0
108 2 0
164 241 0
156 0 0
115 0 0
235 240 0
0 41 0
171 237 0
23 241 0
188 0 0
165 240 0
192 1 0
241 40 0
241 162 0
210 0 0
1 179 0
81 240 0
1 178 0
127 239 0
237 240 0
78 6 0
32 0 0
177 241 0
1 180 0
240 229 0
241 181 0
40 0 0
239 51 0
241 86 0
0 179 0
239 128 0
239 240 0
166 240 0
238 240 0
80 3 0
102 241 0
18 241 0
3 225 0
241 208 0
43 2 0
45 3 0
241 94 0
238 126 0
238 238 0
162 240 0
25 2 0
234 239 0
240 219 0
4 225 0
240 220 0
238 60 0
87 1 0
238 67 0
239 234 0
238 10 0
3 222 0
43 1 0
239 219 0
83 3 0
153 237 0
154 239 0
28 3 0
154 237 0
3 219 0
3 224 0
4 220 0
63 239 0
239 221 0
167 1 0
237 64 0
142 239 0
31 2 0
238 65 0
218 0 0
127 237 0
0 190 0
80 239 0
196 241 0
75 5 0
117 5 0
127 238 0
20 241 0
160 239 0
126 239 0
237 100 0
0 2 0
156 234 0
158 231 0
185 240 0
2 106 0
76 3 0
144 0 0
21 2 0
22 1 0
26 6 0
209 1 0
212 3 0
24 1 0
241 206 0
25 4 0
239 101 0
241 16 0
0 95 0
0 218 0
238 98 0
240 124 0
155 231 0
69 0 0
239 159 0
238 99 0
239 100 0
2 53 0
2 63 0
138 241 0
228 239 0
2 56 0
1 64 0
1 56 0
82 1 0
2 61 0
110 1 0
241 133 0
241 140 0
178 0 0
77 3 0
37 0 0
83 240 0
168 241 0
128 241 0
241 41 0
168 3 0
25 1 0
237 238 0
112 0 0
239 197 0
1 202 0
241 178 0
0 54 0
1 66 0
118 241 0
15 0 0
128 240 0
241 229 0
0 85 0
1 204 0
241 37 0
240 96 0
240 100 0
227 240 0
226 240 0
193 241 0
193 240 0
241 25 0
22 3 0
89 2 0
123 1 0
186 1 0
123 0 0
156 241 0
55 1 0
81 238 0
241 199 0
227 241 0
215 241 0
239 89 0
241 98 0
183 0 0
239 224 0
228 238 0
1 184 0
1 216 0
0 108 0
77 2 0
1 57 0
240 94 0
1 3 0
240 101 0
241 164 0
149 239 0
193 3 0
240 95 0
75 4 0
240 156 0
239 161 0
189 0 0
239 158 0
238 160 0
79 239 0
231 0 0
148 233 0
76 5 0
84 1 0
2 107 0
131 241 0
77 0 0
241 5 0
123 2 0
0 13 0
111 1 0
0 148 0
11 0 0
80 240 0
154 240 0
1 28 0
241 8 0
141 241 0
241 154 0
241 127 0
2 154 0
241 168 0
90 240 0
239 10 0
1 205 0
105 240 0
240 160 0
153 233 0
0 12 0
188 2 0
156 232 0
107 240 0
238 64 0
157 4 0
195 0 0
0 107 0
90 1 0
162 0 0
161 234 0
49 1 0
157 241 0
142 0 0
152 234 0
240 161 0
0 127 0
241 160 0
240 158 0
0 183 0
67 0 0
143 1 0
4 101 0
0 240 0
209 239 0
141 1 0
141 3 0
140 1 0
201 0 0
112 1 0
240 241 0
9 0 0
223 0 0
209 240 0
84 4 0
207 240 0
0 154 0
2 183 0
206 0 0
241 179 0
208 241 0
241 81 0
241 43 0
54 0 0
241 58 0
2 147 0
139 2 0
240 157 0
240 163 0
123 238 0
140 3 0
190 2 0
239 95 0
142 1 0
142 2 0
183 241 0
240 69 0
241 68 0
237 99 0
1 95 0
6 240 0
239 97 0
0 8 0
234 238 0
240 155 0
88 1 0
25 3 0
92 3 0
24 2 0
237 88 0
28 2 0
26 2 0
198 2 0
239 91 0
82 239 0
1 9 0
84 239 0
239 81 0
240 21 0
82 240 0
84 240 0
0 27 0
93 240 0
119 1 0
56 241 0
83 241 0
4 0 0
239 9 0
1 33 0
0 220 0
0 214 0
27 1 0
239 104 0
153 2 0
62 239 0
26 1 0
27 2 0
241 207 0
0 106 0
166 241 0
241 180 0
40 241 0
111 0 0
0 16 0
241 46 0
240 93 0
1 62 0
1 143 0
0 66 0
68 240 0
240 90 0
241 119 0
158 4 0
217 241 0
21 0 0
0 56 0
241 12 0
63 240 0
80 4 0
0 144 0
97 241 0
199 1 0
2 209 0
0 4 0
102 1 0
198 1 0
101 1 0
0 73 0
239 93 0
241 105 0
102 2 0
241 28 0
184 241 0
26 3 0
68 239 0
30 1 0
88 5 0
240 88 0
149 234 0
86 5 0
89 1 0
84 5 0
3 60 0
190 3 0
0 1 0
84 3 0
195 3 0
86 3 0
240 72 0
87 3 0
5 224 0
152 235 0
0 70 0
241 187 0
0 81 0
87 2 0
5 222 0
86 0 0
0 112 0
32 240 0
151 232 0
240 20 0
239 8 0
241 200 0
174 3 0
239 220 0
193 0 0
33 241 0
240 130 0
34 240 0
80 236 0
212 2 0
239 118 0
104 0 0
240 141 0
53 241 0
239 241 0
87 6 0
240 70 0
239 73 0
240 71 0
116 0 0
94 239 0
240 73 0
1 206 0
241 91 0
16 0 0
238 216 0
241 220 0
95 241 0
240 8 0
1 120 0
0 111 0
241 9 0
31 0 0
241 21 0
239 164 0
241 39 0
0 110 0
88 4 0
240 11 0
0 234 0
81 3 0
239 7 0
89 3 0
76 241 0
0 165 0
238 88 0
85 4 0
0 217 0
26 4 0
2 93 0
143 0 0
31 1 0
195 240 0
240 6 0
238 89 0
240 87 0
241 63 0
29 2 0
239 102 0
129 239 0
77 5 0
22 4 0
241 161 0
26 5 0
241 71 0
23 2 0
239 92 0
32 1 0
35 0 0
76 2 0
28 0 0
77 1 0
71 1 0
151 231 0
106 240 0
153 231 0
238 145 0
0 86 0
240 23 0
240 22 0
156 237 0
15 1 0
16 2 0
240 145 0
240 142 0
0 239 0
162 233 0
241 169 0
70 4 0
1 16 0
23 5 0
235 0 0
184 240 0
241 143 0
0 77 0
184 0 0
238 59 0
2 60 0
241 238 0
241 132 0
241 78 0
227 1 0
2 146 0
0 228 0
241 141 0
186 241 0
238 30 0
240 86 0
12 238 0
240 33 0
17 1 0
240 85 0
159 2 0
240 4 0
13 0 0
240 165 0
0 238 0
159 1 0
241 230 0
18 0 0
240 79 0
62 0 0
16 239 0
18 1 0
241 84 0
0 36 0
82 4 0
240 31 0
0 14 0
240 30 0
199 3 0
240 32 0
238 241 0
57 241 0
151 0 0
169 238 0
239 238 0
101 0 0
233 240 0
238 142 0
203 0 0
15 2 0
81 4 0
0 98 0
239 145 0
1 61 0
240 140 0
240 146 0
241 117 0
239 30 0
240 115 0
185 1 0
1 144 0
239 194 0
0 138 0
2 16 0
50 240 0
50 241 0
151 235 0
239 23 0
239 196 0
1 13 0
1 72 0
228 0 0
153 234 0
1 71 0
0 186 0
145 236 0
153 241 0
241 173 0
241 215 0
153 235 0
95 0 0
17 241 0
2 216 0
83 4 0
0 37 0
240 54 0
240 67 0
0 161 0
159 238 0
3 217 0
241 100 0
241 123 0
239 193 0
239 22 0
241 13 0
240 193 0
240 195 0
156 236 0
240 197 0
240 194 0
240 201 0
159 241 0
1 69 0
241 131 0
36 0 0
63 241 0
236 239 0
241 27 0
77 241 0
141 240 0
241 114 0
147 241 0
62 240 0
240 76 0
240 25 0
240 24 0
120 240 0
65 0 0
187 241 0
158 236 0
0 71 0
0 26 0
1 63 0
150 234 0
212 1 0
2 218 0
239 143 0
149 233 0
152 233 0
153 229 0
30 0 0
150 233 0
238 128 0
139 0 0
154 232 0
149 232 0
108 1 0
149 236 0
187 240 0
178 241 0
239 141 0
238 196 0
239 31 0
237 144 0
156 2 0
61 239 0
193 2 0
237 143 0
237 55 0
117 240 0
240 56 0
157 1 0
238 54 0
86 241 0
239 55 0
238 129 0
114 3 0
0 133 0
241 97 0
241 88 0
78 1 0
0 235 0
227 0 0
241 55 0
129 0 0
78 239 0
42 0 0
190 241 0
73 241 0
241 44 0
62 241 0
2 230 0
241 85 0
1 102 0
0 109 0
241 26 0
81 5 0
195 1 0
214 0 0
80 0 0
80 1 0
149 1 0
23 1 0
194 1 0
193 1 0
150 3 0
194 2 0
12 241 0
100 0 0
240 57 0
2 52 0
157 2 0
241 116 0
1 166 0
238 149 0
160 3 0
49 241 0
124 0 0
191 241 0
95 240 0
16 1 0
241 196 0
1 6 0
0 196 0
27 3 0
158 0 0
0 192 0
0 99 0
1 5 0
0 159 0
0 57 0
211 3 0
115 2 0
116 2 0
199 0 0
2 67 0
15 240 0
169 0 0
239 57 0
0 67 0
133 0 0
1 11 0
103 0 0
229 241 0
241 236 0
0 75 0
212 0 0
156 1 0
160 1 0
125 1 0
161 1 0
24 4 0
83 2 0
87 4 0
146 240 0
155 1 0
79 6 0
159 4 0
155 3 0
238 52 0
150 232 0
78 3 0
78 7 0
82 3 0
2 161 0
157 232 0
239 94 0
153 228 0
153 227 0
1 165 0
27 5 0
3 223 0
25 6 0
32 2 0
131 239 0
157 234 0
240 196 0
25 7 0
124 241 0
153 238 0
241 29 0
237 93 0
153 239 0
152 240 0
74 1 0
75 1 0
23 3 0
162 234 0
175 241 0
144 241 0
152 241 0
145 241 0
139 241 0
0 49 0
241 103 0
0 205 0
241 138 0
234 241 0
132 0 0
190 0 0
226 0 0
0 212 0
241 120 0
1 0 0
5 241 0
0 22 0
0 87 0
207 241 0
241 75 0
0 215 0
241 185 0
65 241 0
143 241 0
75 241 0
241 192 0
0 134 0
241 191 0
51 241 0
0 211 0
0 102 0
0 72 0
105 241 0
27 241 0
7 241 0
0 25 0
241 80 0
0 29 0
0 195 0
0 198 0
213 0 0
155 241 0
218 241 0
58 0 0
185 241 0
98 241 0
0 17 0
168 0 0
70 0 0
203 241 0
12 0 0
81 0 0
122 0 0
241 147 0
0 174 0
131 0 0
0 206 0
241 62 0
0 61 0
210 241 0
35 241 0
198 0 0
32 241 0
241 212 0
0 153 0
24 241 0
175 0 0
26 0 0
241 135 0
6 0 0
234 0 0
74 0 0
241 211 0
120 0 0
0 123 0
98 0 0
0 45 0
241 65 0
202 0 0
1 241 0
137 241 0
241 159 0
0 181 0
0 97 0
241 172 0
209 241 0
241 225 0
87 241 0
241 237 0
0 103 0
241 50 0
241 239 0
17 0 0
0 185 0
0 160 0
61 241 0
0 94 0
49 0 0
0 130 0
50 0 0
33 0 0
223 241 0
0 139 0
85 0 0
0 142 0
237 241 0
59 241 0
0 143 0
0 63 0
241 129 0
0 170 0
136 0 0
0 43 0
low, high, current -1 -1 8
Confirming Router Algorithm: TIMING_DRIVEN.
T_crit: 1.22696e-07.
T_crit: 1.2252e-07.
T_crit: 1.22399e-07.
T_crit: 1.22398e-07.
T_crit: 1.22398e-07.
T_crit: 1.22398e-07.
T_crit: 1.22398e-07.
T_crit: 1.22398e-07.
T_crit: 1.22398e-07.
T_crit: 1.22398e-07.
T_crit: 1.22606e-07.
T_crit: 1.22662e-07.
T_crit: 1.2266e-07.
T_crit: 1.22669e-07.
T_crit: 1.22671e-07.
T_crit: 1.22776e-07.
T_crit: 1.22881e-07.
T_crit: 1.22986e-07.
T_crit: 1.23922e-07.
T_crit: 1.24443e-07.
T_crit: 1.24757e-07.
T_crit: 1.25184e-07.
T_crit: 1.25405e-07.
T_crit: 1.24888e-07.
T_crit: 1.27073e-07.
T_crit: 1.26759e-07.
T_crit: 1.27491e-07.
T_crit: 1.26037e-07.
T_crit: 1.26662e-07.
T_crit: 1.28429e-07.
T_crit: 1.27488e-07.
T_crit: 1.27287e-07.
T_crit: 1.28111e-07.
T_crit: 1.27383e-07.
T_crit: 1.27394e-07.
T_crit: 1.26876e-07.
T_crit: 1.27721e-07.
T_crit: 1.27821e-07.
T_crit: 1.27615e-07.
T_crit: 1.27196e-07.
T_crit: 1.27723e-07.
T_crit: 1.27823e-07.
T_crit: 1.27201e-07.
T_crit: 1.2605e-07.
T_crit: 1.26673e-07.
T_crit: 1.26873e-07.
T_crit: 1.26249e-07.
T_crit: 1.26457e-07.
T_crit: 1.27071e-07.
T_crit: 1.27811e-07.
Routing failed.
low, high, current 8 -1 16
Confirming Router Algorithm: TIMING_DRIVEN.
T_crit: 1.22593e-07.
T_crit: 1.22519e-07.
T_crit: 1.22503e-07.
T_crit: 1.22399e-07.
T_crit: 1.22502e-07.
T_crit: 1.22502e-07.
T_crit: 1.22399e-07.
T_crit: 1.22399e-07.
T_crit: 1.22502e-07.
T_crit: 1.22502e-07.
T_crit: 1.22502e-07.
T_crit: 1.22502e-07.
T_crit: 1.22502e-07.
T_crit: 1.22502e-07.
T_crit: 1.22502e-07.
T_crit: 1.22502e-07.
T_crit: 1.22502e-07.
T_crit: 1.22398e-07.
T_crit: 1.22398e-07.
T_crit: 1.22398e-07.
T_crit: 1.22398e-07.
T_crit: 1.22398e-07.
T_crit: 1.22398e-07.
T_crit: 1.22398e-07.
T_crit: 1.22398e-07.
T_crit: 1.22398e-07.
T_crit: 1.22398e-07.
T_crit: 1.22398e-07.
T_crit: 1.22398e-07.
T_crit: 1.22398e-07.
T_crit: 1.22398e-07.
T_crit: 1.22398e-07.
T_crit: 1.22511e-07.
T_crit: 1.22511e-07.
T_crit: 1.22511e-07.
T_crit: 1.22511e-07.
T_crit: 1.22927e-07.
T_crit: 1.22927e-07.
T_crit: 1.22927e-07.
T_crit: 1.22718e-07.
T_crit: 1.22718e-07.
T_crit: 1.22718e-07.
T_crit: 1.22718e-07.
T_crit: 1.22718e-07.
T_crit: 1.23448e-07.
T_crit: 1.2345e-07.
T_crit: 1.23764e-07.
T_crit: 1.24494e-07.
T_crit: 1.23764e-07.
T_crit: 1.24763e-07.
Routing failed.
low, high, current 16 -1 32
Confirming Router Algorithm: TIMING_DRIVEN.
T_crit: 1.22593e-07.
T_crit: 1.2252e-07.
T_crit: 1.22502e-07.
T_crit: 1.22502e-07.
T_crit: 1.22502e-07.
T_crit: 1.22502e-07.
T_crit: 1.22502e-07.
T_crit: 1.22502e-07.
T_crit: 1.22502e-07.
T_crit: 1.22502e-07.
T_crit: 1.22502e-07.
T_crit: 1.22502e-07.
T_crit: 1.22502e-07.
T_crit: 1.22502e-07.
T_crit: 1.22502e-07.
T_crit: 1.22502e-07.
T_crit: 1.22502e-07.
Successfully routed after 18 routing iterations.
Completed net delay value cross check successfully.
low, high, current 16 32 24
Confirming Router Algorithm: TIMING_DRIVEN.
T_crit: 1.22593e-07.
T_crit: 1.2252e-07.
T_crit: 1.22399e-07.
T_crit: 1.22503e-07.
T_crit: 1.22503e-07.
T_crit: 1.22398e-07.
T_crit: 1.22502e-07.
T_crit: 1.22502e-07.
T_crit: 1.22502e-07.
T_crit: 1.22502e-07.
T_crit: 1.22502e-07.
T_crit: 1.22502e-07.
T_crit: 1.22502e-07.
T_crit: 1.22502e-07.
T_crit: 1.22502e-07.
T_crit: 1.22502e-07.
T_crit: 1.22502e-07.
T_crit: 1.22502e-07.
Successfully routed after 19 routing iterations.
Completed net delay value cross check successfully.
low, high, current 16 24 20
Confirming Router Algorithm: TIMING_DRIVEN.
T_crit: 1.2209e-07.
T_crit: 1.21892e-07.
T_crit: 1.21999e-07.
T_crit: 1.22101e-07.
T_crit: 1.21895e-07.
T_crit: 1.21895e-07.
T_crit: 1.21895e-07.
T_crit: 1.21894e-07.
T_crit: 1.21896e-07.
T_crit: 1.21895e-07.
T_crit: 1.2193e-07.
T_crit: 1.21931e-07.
T_crit: 1.2193e-07.
T_crit: 1.2193e-07.
T_crit: 1.2193e-07.
T_crit: 1.2193e-07.
T_crit: 1.2193e-07.
T_crit: 1.2193e-07.
Successfully routed after 19 routing iterations.
Completed net delay value cross check successfully.
low, high, current 16 20 18
Warning (check_all_tracks_reach_pins):  track 16 does not 
	connect to any FB IPINs.
Warning (check_all_tracks_reach_pins):  track 17 does not 
	connect to any FB IPINs.
Confirming Router Algorithm: TIMING_DRIVEN.
T_crit: 1.22206e-07.
T_crit: 1.21962e-07.
T_crit: 1.22204e-07.
T_crit: 1.22005e-07.
T_crit: 1.22056e-07.
T_crit: 1.2215e-07.
T_crit: 1.22152e-07.
T_crit: 1.22129e-07.
T_crit: 1.221e-07.
T_crit: 1.22255e-07.
T_crit: 1.22158e-07.
T_crit: 1.22158e-07.
T_crit: 1.22158e-07.
T_crit: 1.22158e-07.
T_crit: 1.22158e-07.
T_crit: 1.22158e-07.
T_crit: 1.22158e-07.
T_crit: 1.22158e-07.
T_crit: 1.22158e-07.
T_crit: 1.22158e-07.
T_crit: 1.22158e-07.
T_crit: 1.22158e-07.
T_crit: 1.22158e-07.
Successfully routed after 24 routing iterations.
Completed net delay value cross check successfully.
Warning (check_all_tracks_reach_pins):  track 16 does not 
	connect to any FB IPINs.
Warning (check_all_tracks_reach_pins):  track 17 does not 
	connect to any FB IPINs.

Checking to ensure routing is legal ...
Completed routing consistency check successfully.

Serial number (magic cookie) for the routing is: 1483630283
Best routing used a channel width factor of 18.


Average number of bends per net: 7.54024  Maximum # of bends: 45


The number of routed nets (nonglobal): 2373
Wirelength results (all in units of 1 clb segments):
	Total wirelength: 378936   Average net length: 159.686
	Maximum net length: 738

Wirelength results in terms of physical segments:
	Total wiring segments used: 190230   Av. wire segments per net: 80.1644
	Maximum segments used by a net: 369


X - Directed channels:

j	max occ	av_occ		capacity
0	17	10.1292  	18
1	17	9.18750  	18
2	18	10.0125  	18
3	18	10.7042  	18
4	18	11.9000  	18
5	18	11.5500  	18
6	17	11.7917  	18
7	16	10.2417  	18
8	18	11.8125  	18
9	16	9.91667  	18
10	17	9.55833  	18
11	14	5.89583  	18
12	15	7.84167  	18
13	9	3.80000  	18
14	10	6.05833  	18
15	7	1.45000  	18
16	8	4.60417  	18
17	2	0.279167 	18
18	7	4.53333  	18
19	3	0.783333 	18
20	6	3.75000  	18
21	6	4.97917  	18
22	8	3.90000  	18
23	8	2.89167  	18
24	9	3.75417  	18
25	7	0.883333 	18
26	7	3.30833  	18
27	5	2.22500  	18
28	5	2.45417  	18
29	8	0.545833 	18
30	9	1.65833  	18
31	8	2.12083  	18
32	6	4.04167  	18
33	9	3.82917  	18
34	7	3.90833  	18
35	4	2.00000  	18
36	3	0.125000 	18
37	2	1.00417  	18
38	2	1.05833  	18
39	1	0.0333333	18
40	3	0.783333 	18
41	1	0.0333333	18
42	3	2.46250  	18
43	1	0.987500 	18
44	2	0.837500 	18
45	1	0.0500000	18
46	3	0.400000 	18
47	2	0.0291667	18
48	1	0.0250000	18
49	5	1.08750  	18
50	8	1.25000  	18
51	7	3.22083  	18
52	10	3.90000  	18
53	11	2.63750  	18
54	11	2.60417  	18
55	9	3.47083  	18
56	11	3.43333  	18
57	10	2.83750  	18
58	11	5.90417  	18
59	12	4.20833  	18
60	11	4.20833  	18
61	11	5.83750  	18
62	11	4.29583  	18
63	11	0.950000 	18
64	9	0.754167 	18
65	9	0.854167 	18
66	8	2.27917  	18
67	9	3.40417  	18
68	9	2.64167  	18
69	7	3.36667  	18
70	7	4.40417  	18
71	8	1.78750  	18
72	10	4.83333  	18
73	7	1.15833  	18
74	10	3.65000  	18
75	9	1.84583  	18
76	8	3.90417  	18
77	13	6.65417  	18
78	7	4.79583  	18
79	6	2.62917  	18
80	7	3.52917  	18
81	4	1.77500  	18
82	7	1.32083  	18
83	4	2.00000  	18
84	4	2.80833  	18
85	6	0.833333 	18
86	9	3.80833  	18
87	11	2.32917  	18
88	10	5.98333  	18
89	10	5.91250  	18
90	11	2.85417  	18
91	11	3.31667  	18
92	11	4.31667  	18
93	12	3.00417  	18
94	9	4.63750  	18
95	9	1.90000  	18
96	10	3.69167  	18
97	13	4.21250  	18
98	12	3.60000  	18
99	12	4.04583  	18
100	8	1.74583  	18
101	8	2.00000  	18
102	11	2.11667  	18
103	12	2.83750  	18
104	8	4.10417  	18
105	11	4.91250  	18
106	9	4.12083  	18
107	9	5.07500  	18
108	6	2.96667  	18
109	5	3.02917  	18
110	3	1.12917  	18
111	9	1.55833  	18
112	7	1.10833  	18
113	6	2.08750  	18
114	9	1.59167  	18
115	6	0.908333 	18
116	10	3.30000  	18
117	7	2.70833  	18
118	6	2.63333  	18
119	7	3.11250  	18
120	6	4.00417  	18
121	4	1.75417  	18
122	4	0.279167 	18
123	4	1.06250  	18
124	5	1.06250  	18
125	6	1.06250  	18
126	8	2.49167  	18
127	7	0.0833333	18
128	8	2.46250  	18
129	8	1.07083  	18
130	3	0.850000 	18
131	2	0.991667 	18
132	4	2.43750  	18
133	2	1.02917  	18
134	5	0.895833 	18
135	7	0.387500 	18
136	8	2.19167  	18
137	7	1.42083  	18
138	6	3.45833  	18
139	9	1.26250  	18
140	6	0.875000 	18
141	12	2.36667  	18
142	7	3.46667  	18
143	9	1.39167  	18
144	11	4.30000  	18
145	8	4.35833  	18
146	6	2.34583  	18
147	8	2.47083  	18
148	6	1.46250  	18
149	9	2.10000  	18
150	7	1.32917  	18
151	12	0.583333 	18
152	10	3.44583  	18
153	8	0.662500 	18
154	10	2.39167  	18
155	8	2.87500  	18
156	8	2.11667  	18
157	7	1.13750  	18
158	9	3.21667  	18
159	13	3.26250  	18
160	9	3.21667  	18
161	9	5.85417  	18
162	11	7.25000  	18
163	8	3.28750  	18
164	6	3.44167  	18
165	7	1.90000  	18
166	6	2.29167  	18
167	2	0.791667 	18
168	3	2.06250  	18
169	1	0.0500000	18
170	2	0.775000 	18
171	3	0.666667 	18
172	3	1.85000  	18
173	6	1.27083  	18
174	2	1.22500  	18
175	7	4.35833  	18
176	9	2.55833  	18
177	5	1.15000  	18
178	8	2.92083  	18
179	7	4.00833  	18
180	9	4.50833  	18
181	9	3.74583  	18
182	8	3.89167  	18
183	4	1.27917  	18
184	6	1.11667  	18
185	6	1.81250  	18
186	8	1.61250  	18
187	6	2.63750  	18
188	12	0.516667 	18
189	7	1.26250  	18
190	7	3.40000  	18
191	6	0.104167 	18
192	8	2.34167  	18
193	8	3.12917  	18
194	9	2.26667  	18
195	8	2.85000  	18
196	8	3.30417  	18
197	4	1.43750  	18
198	4	1.08750  	18
199	4	1.07917  	18
200	6	1.51250  	18
201	6	2.76250  	18
202	6	4.17917  	18
203	4	1.91250  	18
204	5	1.62500  	18
205	5	1.02917  	18
206	10	2.99583  	18
207	7	1.65417  	18
208	9	3.25000  	18
209	7	1.91250  	18
210	5	1.81667  	18
211	4	1.21250  	18
212	6	2.50833  	18
213	7	2.58750  	18
214	7	2.25417  	18
215	8	3.25000  	18
216	11	7.93750  	18
217	13	6.56667  	18
218	12	8.02083  	18
219	13	7.13750  	18
220	13	8.94167  	18
221	14	8.60417  	18
222	15	8.95833  	18
223	16	8.26667  	18
224	17	10.1667  	18
225	16	9.62083  	18
226	18	8.66250  	18
227	18	9.56250  	18
228	18	9.12500  	18
229	17	9.96250  	18
230	17	8.71250  	18
231	18	8.05833  	18
232	17	7.93750  	18
233	17	9.72083  	18
234	17	8.30000  	18
235	18	9.49167  	18
236	18	10.4500  	18
237	18	10.4667  	18
238	18	10.5833  	18
239	18	9.22083  	18
240	17	9.97083  	18

Y - Directed channels:

i	max occ	av_occ		capacity
0	16	10.1333  	18
1	15	8.23333  	18
2	15	9.72083  	18
3	16	10.0833  	18
4	15	10.2167  	18
5	16	11.2417  	18
6	18	12.5083  	18
7	16	9.36250  	18
8	15	8.47500  	18
9	11	5.40417  	18
10	11	6.42500  	18
11	11	5.10833  	18
12	11	3.93333  	18
13	8	0.379167 	18
14	5	1.07917  	18
15	8	2.21667  	18
16	6	3.03750  	18
17	9	1.55417  	18
18	7	1.47083  	18
19	5	0.908333 	18
20	7	1.80000  	18
21	7	0.787500 	18
22	10	1.83750  	18
23	11	4.02083  	18
24	10	1.56667  	18
25	12	4.44583  	18
26	15	4.70833  	18
27	11	1.30417  	18
28	11	1.48750  	18
29	10	1.74167  	18
30	9	2.66667  	18
31	9	2.10833  	18
32	6	0.366667 	18
33	6	2.12917  	18
34	4	0.245833 	18
35	3	1.00000  	18
36	2	0.329167 	18
37	3	0.0750000	18
38	1	0.108333 	18
39	3	0.0916667	18
40	6	1.11667  	18
41	7	1.83750  	18
42	4	1.94583  	18
43	6	2.66667  	18
44	6	1.12500  	18
45	5	2.05417  	18
46	8	1.81667  	18
47	6	1.65000  	18
48	7	4.77500  	18
49	7	3.57083  	18
50	6	0.158333 	18
51	2	1.00833  	18
52	2	0.658333 	18
53	3	0.962500 	18
54	5	1.80417  	18
55	7	1.65417  	18
56	9	3.22917  	18
57	5	0.708333 	18
58	7	1.98750  	18
59	9	3.08750  	18
60	7	1.03750  	18
61	8	4.02917  	18
62	6	1.18333  	18
63	4	1.16250  	18
64	5	1.21250  	18
65	2	0.0750000	18
66	6	1.43333  	18
67	8	0.945833 	18
68	8	4.16250  	18
69	11	2.42500  	18
70	10	2.85833  	18
71	12	1.19167  	18
72	10	2.70833  	18
73	12	1.98750  	18
74	11	4.08750  	18
75	13	2.94167  	18
76	11	5.61250  	18
77	11	4.39583  	18
78	14	3.35000  	18
79	11	4.69583  	18
80	13	4.60417  	18
81	12	3.91667  	18
82	14	2.75000  	18
83	16	3.35417  	18
84	13	3.32500  	18
85	13	2.25833  	18
86	10	2.75000  	18
87	14	2.80833  	18
88	12	2.10833  	18
89	9	4.32917  	18
90	11	1.86667  	18
91	10	0.387500 	18
92	11	2.80000  	18
93	8	2.14167  	18
94	8	3.13750  	18
95	9	2.07083  	18
96	7	3.10417  	18
97	6	2.75833  	18
98	7	0.875000 	18
99	5	1.75833  	18
100	6	0.916667 	18
101	7	1.89167  	18
102	6	2.27083  	18
103	5	0.150000 	18
104	5	0.537500 	18
105	5	1.75417  	18
106	6	2.15833  	18
107	6	1.14583  	18
108	8	1.42083  	18
109	8	1.38333  	18
110	9	3.11250  	18
111	11	2.69583  	18
112	9	0.829167 	18
113	14	3.53750  	18
114	11	1.73333  	18
115	13	3.62500  	18
116	12	3.18333  	18
117	12	5.24167  	18
118	13	6.36250  	18
119	9	2.60000  	18
120	6	1.75833  	18
121	6	1.06250  	18
122	8	0.833333 	18
123	9	2.32917  	18
124	8	3.37083  	18
125	12	0.566667 	18
126	10	2.22083  	18
127	10	3.00000  	18
128	10	1.18750  	18
129	11	2.79167  	18
130	6	1.33333  	18
131	5	1.34583  	18
132	3	1.07083  	18
133	5	1.05417  	18
134	4	0.545833 	18
135	7	1.38750  	18
136	6	2.91250  	18
137	7	1.31667  	18
138	10	3.65000  	18
139	13	3.12500  	18
140	11	1.97083  	18
141	10	2.51250  	18
142	10	3.67500  	18
143	11	1.63333  	18
144	14	2.86250  	18
145	11	2.45000  	18
146	15	2.05833  	18
147	13	2.18750  	18
148	16	3.53750  	18
149	13	6.12917  	18
150	16	4.50000  	18
151	16	5.04167  	18
152	15	6.57083  	18
153	15	4.43750  	18
154	15	3.67917  	18
155	16	1.80417  	18
156	15	3.51250  	18
157	15	4.21250  	18
158	16	4.14167  	18
159	18	1.29167  	18
160	16	2.96250  	18
161	14	3.43750  	18
162	10	3.37083  	18
163	14	1.79583  	18
164	11	4.17917  	18
165	9	4.08750  	18
166	8	1.92500  	18
167	10	2.42083  	18
168	10	3.27083  	18
169	10	4.65833  	18
170	9	2.32500  	18
171	9	1.83750  	18
172	12	3.20000  	18
173	12	2.47917  	18
174	9	2.34167  	18
175	9	2.37500  	18
176	9	2.04167  	18
177	8	0.154167 	18
178	8	2.04167  	18
179	6	1.69167  	18
180	7	0.566667 	18
181	5	0.720833 	18
182	6	0.970833 	18
183	7	2.31250  	18
184	6	1.49167  	18
185	9	1.42917  	18
186	10	2.41250  	18
187	8	0.545833 	18
188	9	1.99583  	18
189	14	2.86667  	18
190	14	2.26667  	18
191	11	1.60000  	18
192	9	2.39583  	18
193	11	3.73333  	18
194	11	2.85000  	18
195	8	0.362500 	18
196	9	3.17083  	18
197	11	2.55833  	18
198	8	1.27917  	18
199	6	0.304167 	18
200	7	1.77500  	18
201	4	0.362500 	18
202	4	1.20417  	18
203	3	1.00833  	18
204	4	2.92500  	18
205	5	0.350000 	18
206	8	1.37500  	18
207	7	1.54167  	18
208	7	2.23333  	18
209	9	2.90833  	18
210	11	2.09583  	18
211	7	0.791667 	18
212	7	1.92083  	18
213	2	0.0333333	18
214	2	0.516667 	18
215	1	0.0208333	18
216	3	1.03333  	18
217	3	0.291667 	18
218	3	2.30000  	18
219	6	1.76667  	18
220	6	3.82917  	18
221	6	2.66667  	18
222	3	2.04167  	18
223	4	1.30000  	18
224	8	5.23750  	18
225	7	3.36667  	18
226	8	2.91250  	18
227	13	7.58750  	18
228	12	7.82500  	18
229	15	6.21667  	18
230	17	10.5083  	18
231	15	10.8750  	18
232	18	11.5500  	18
233	16	10.2458  	18
234	18	11.7000  	18
235	17	11.6667  	18
236	17	11.6583  	18
237	17	10.6542  	18
238	17	10.3542  	18
239	14	8.44167  	18
240	14	9.52917  	18

Total Tracks in X-direction: 4338  in Y-direction: 4338

Logic Area (in minimum width transistor areas):
Total Logic Area: 1.728e+09  Per 1x1 logic tile: 30000

Routing area (in minimum width transistor areas):
Total Routing Area: 1.28301e+08  Per logic tile: 2227.44

Segment usage by type (index):
Segment type       Fractional utilization
------------       ----------------------
       0                  0.182

Segment usage by length:
Segment length       Fractional utilization
--------------       ----------------------
        2                   0.182

Critical Path: 1.22158e-07 (s)

Time elapsed (PLACE&ROUTE): 32235472.223000 ms


Time elapsed (Fernando): 32235472.272000 ms

