
VPR FPGA Placement and Routing.
Version: Version 5.0.2
Compiled: Dec 11 2020.
Original VPR by V. Betz.
Timing-driven placement enhancements by A. Marquardt.
Single-drivers enhancements by Andy Ye with additions by.
Mark Fang, Jason Luu, Ted Campbell
Heterogeneous stucture support by Jason Luu and Ted Campbell.
This code is licensed only for non-commercial use.

Auto-sizing FPGA, try x = 38 y = 38
Auto-sizing FPGA, try x = 76 y = 76
Auto-sizing FPGA, try x = 152 y = 152
Auto-sizing FPGA, try x = 304 y = 304
Auto-sizing FPGA, try x = 152 y = 152
Auto-sizing FPGA, try x = 228 y = 228
Auto-sizing FPGA, try x = 190 y = 190
Auto-sizing FPGA, try x = 171 y = 171
Auto-sizing FPGA, try x = 180 y = 180
Auto-sizing FPGA, try x = 175 y = 175
Auto-sizing FPGA, try x = 177 y = 177
Auto-sizing FPGA, try x = 176 y = 176
Auto-sizing FPGA, try x = 176 y = 176
FPGA auto-sized to, x = 177 y = 177

Resource Usage:
Netlist      0	blocks of type <EMPTY>
Architecture 4	blocks of type <EMPTY>
Netlist      705	blocks of type .io
Architecture 708	blocks of type .io
Netlist      762	blocks of type .clb
Architecture 31329	blocks of type .clb

Timing analysis: ON

Operation:  ROUTE_ONLY

PlacerOpts.place_freq:  PLACE_NEVER

RouterOpts.route_type:  DETAILED
RouterOpts.router_algorithm:  TIMING_DRIVEN
RouterOpts.base_cost_type:  DELAY_NORMALIZED
RouterOpts.fixed_channel_width:  NO_FIXED_CHANNEL_WIDTH
RouterOpts.acc_fac:  1.000000
RouterOpts.bb_factor:  3
RouterOpts.bend_cost:  0.000000
RouterOpts.first_iter_pres_fac:  0.500000
RouterOpts.initial_pres_fac:  0.500000
RouterOpts.pres_fac_mult:  1.300000
RouterOpts.max_router_iterations:  50
RouterOpts.astar_fac:  1.200000
RouterOpts.criticality_exp:  1.000000
RouterOpts.max_criticality:  0.990000

RoutingArch.directionality:  UNI_DIRECTIONAL
RoutingArch.switch_block_type:  WILTON
RoutingArch.Fs:  3

The circuit will be mapped into a 177 x 177 array of clbs.

Netlist num_nets:  1251
Netlist num_blocks:  1467
Netlist inputs pins:  489
Netlist output pins:  216

81 161 0
88 178 0
69 156 0
73 162 0
73 161 0
85 154 0
84 152 0
81 164 0
81 150 0
85 163 0
78 152 0
80 158 0
75 150 0
177 122 0
78 158 0
90 170 0
71 160 0
88 168 0
50 177 0
74 177 0
8 177 0
74 153 0
79 153 0
98 171 0
79 157 0
79 150 0
77 154 0
73 151 0
177 147 0
77 160 0
78 151 0
75 172 0
83 154 0
85 156 0
85 159 0
74 160 0
76 162 0
77 169 0
47 176 0
77 150 0
84 156 0
77 158 0
73 153 0
53 164 0
78 150 0
77 163 0
68 158 0
74 161 0
84 159 0
76 161 0
71 155 0
74 151 0
76 151 0
77 165 0
79 156 0
75 154 0
77 149 0
76 158 0
83 150 0
78 159 0
101 177 0
72 161 0
177 128 0
77 152 0
85 160 0
78 165 0
73 158 0
79 151 0
93 169 0
69 158 0
176 151 0
1 157 0
76 153 0
82 160 0
83 163 0
87 175 0
5 156 0
85 169 0
90 169 0
3 137 0
1 137 0
178 57 0
168 175 0
0 127 0
0 84 0
178 64 0
129 0 0
178 6 0
93 167 0
6 177 0
178 114 0
7 176 0
24 172 0
1 71 0
81 157 0
0 78 0
178 108 0
80 174 0
171 177 0
26 178 0
117 1 0
1 151 0
1 163 0
1 88 0
178 155 0
178 150 0
0 38 0
176 169 0
63 174 0
68 157 0
70 156 0
177 169 0
1 104 0
1 171 0
0 105 0
92 1 0
0 104 0
72 157 0
1 105 0
173 144 0
84 1 0
106 0 0
177 71 0
178 130 0
1 174 0
82 156 0
74 3 0
60 175 0
0 132 0
29 175 0
27 178 0
178 159 0
74 175 0
156 178 0
157 178 0
28 176 0
158 177 0
0 85 0
80 157 0
48 177 0
0 86 0
91 174 0
85 1 0
73 175 0
1 129 0
176 109 0
122 178 0
3 140 0
120 178 0
109 177 0
115 176 0
0 102 0
178 101 0
19 177 0
178 132 0
98 168 0
118 178 0
87 157 0
2 155 0
161 0 0
162 178 0
126 178 0
178 46 0
123 177 0
127 178 0
74 155 0
0 106 0
77 161 0
178 147 0
128 177 0
51 0 0
177 124 0
106 177 0
74 156 0
178 95 0
72 175 0
131 178 0
0 152 0
9 178 0
34 178 0
178 169 0
34 175 0
147 178 0
62 175 0
38 178 0
129 178 0
70 1 0
82 153 0
84 177 0
86 159 0
85 177 0
42 177 0
0 97 0
178 97 0
89 158 0
85 176 0
178 29 0
91 167 0
71 175 0
86 154 0
57 178 0
146 0 0
170 178 0
88 0 0
2 156 0
176 146 0
130 178 0
154 178 0
178 93 0
88 3 0
178 28 0
44 175 0
178 143 0
1 152 0
40 178 0
29 0 0
0 119 0
42 178 0
178 110 0
178 123 0
41 178 0
94 167 0
178 103 0
178 135 0
22 178 0
58 178 0
54 169 0
85 161 0
84 162 0
61 175 0
0 91 0
25 178 0
81 165 0
14 178 0
46 0 0
75 176 0
1 177 0
49 177 0
74 0 0
51 175 0
176 118 0
83 0 0
93 171 0
178 164 0
166 178 0
0 169 0
71 154 0
69 1 0
78 157 0
177 134 0
49 178 0
2 154 0
178 146 0
140 178 0
178 53 0
26 177 0
93 0 0
148 177 0
168 178 0
178 60 0
139 178 0
135 178 0
85 0 0
0 89 0
139 177 0
78 1 0
0 139 0
98 3 0
141 177 0
178 167 0
163 0 0
83 161 0
0 118 0
178 89 0
136 177 0
95 171 0
121 178 0
0 114 0
142 178 0
137 175 0
82 151 0
0 73 0
152 178 0
23 178 0
104 177 0
24 178 0
69 176 0
144 178 0
94 173 0
176 144 0
3 178 0
97 172 0
125 177 0
172 177 0
164 0 0
176 178 0
169 178 0
116 177 0
116 6 0
52 164 0
105 178 0
75 161 0
60 169 0
149 178 0
107 178 0
0 125 0
155 177 0
100 176 0
178 50 0
95 175 0
76 156 0
161 178 0
145 178 0
114 0 0
177 80 0
171 178 0
177 178 0
178 144 0
0 74 0
107 176 0
176 129 0
1 149 0
178 165 0
131 176 0
28 178 0
117 178 0
89 169 0
121 177 0
117 176 0
0 79 0
178 152 0
0 87 0
59 177 0
76 174 0
37 177 0
102 1 0
178 83 0
78 161 0
0 93 0
178 91 0
74 152 0
83 159 0
76 155 0
44 177 0
72 1 0
95 172 0
176 159 0
113 178 0
84 0 0
0 94 0
0 26 0
1 80 0
178 32 0
110 178 0
94 169 0
103 0 0
178 128 0
119 178 0
17 178 0
76 159 0
90 1 0
80 152 0
59 178 0
96 168 0
35 176 0
95 169 0
175 176 0
75 160 0
89 157 0
130 0 0
82 157 0
178 140 0
89 160 0
134 177 0
95 1 0
106 1 0
0 50 0
28 173 0
178 87 0
117 177 0
56 177 0
73 172 0
71 178 0
32 178 0
117 6 0
149 176 0
62 0 0
15 178 0
1 77 0
178 166 0
77 148 0
0 157 0
166 177 0
50 178 0
177 145 0
116 175 0
0 146 0
83 151 0
177 138 0
177 174 0
96 166 0
67 1 0
76 154 0
150 174 0
178 47 0
76 164 0
79 164 0
103 178 0
103 177 0
153 178 0
80 175 0
178 121 0
158 175 0
148 178 0
178 141 0
88 1 0
135 177 0
79 158 0
0 170 0
1 47 0
178 81 0
86 157 0
1 85 0
151 178 0
95 165 0
173 178 0
95 164 0
82 161 0
0 124 0
90 168 0
80 153 0
125 178 0
39 175 0
99 1 0
77 151 0
79 160 0
33 175 0
157 177 0
177 93 0
79 165 0
75 174 0
146 178 0
118 0 0
74 159 0
0 172 0
153 176 0
177 165 0
1 156 0
77 157 0
153 177 0
54 175 0
46 3 0
159 177 0
102 176 0
78 163 0
76 175 0
122 0 0
81 166 0
0 76 0
94 165 0
1 76 0
178 154 0
96 172 0
92 171 0
82 164 0
94 164 0
0 66 0
155 178 0
175 178 0
0 28 0
46 176 0
43 178 0
95 163 0
102 177 0
77 168 0
82 154 0
0 167 0
72 155 0
89 0 0
111 0 0
89 163 0
74 164 0
0 95 0
170 159 0
0 174 0
91 163 0
136 178 0
85 155 0
95 178 0
176 170 0
109 178 0
81 149 0
63 173 0
81 175 0
73 154 0
43 177 0
68 175 0
92 169 0
120 177 0
177 76 0
78 174 0
65 154 0
1 164 0
0 162 0
82 152 0
51 169 0
131 177 0
79 166 0
167 178 0
139 0 0
178 151 0
79 155 0
87 158 0
87 156 0
160 178 0
177 154 0
76 150 0
75 173 0
0 135 0
1 167 0
94 172 0
78 177 0
140 0 0
173 147 0
94 168 0
167 177 0
113 0 0
72 156 0
164 178 0
178 117 0
80 160 0
60 177 0
178 127 0
97 0 0
23 177 0
53 178 0
178 74 0
104 1 0
77 3 0
73 163 0
61 178 0
75 157 0
97 171 0
1 132 0
90 165 0
73 156 0
35 175 0
39 177 0
178 77 0
33 178 0
0 171 0
1 106 0
109 0 0
70 154 0
51 167 0
88 158 0
0 164 0
72 152 0
21 177 0
176 132 0
84 166 0
178 96 0
59 174 0
1 103 0
0 96 0
88 156 0
114 178 0
93 172 0
78 164 0
2 162 0
29 178 0
178 94 0
84 160 0
93 163 0
160 177 0
177 95 0
104 178 0
109 176 0
134 175 0
109 175 0
177 146 0
130 177 0
75 155 0
72 159 0
162 0 0
69 171 0
163 178 0
73 159 0
89 3 0
178 153 0
81 160 0
71 158 0
77 159 0
81 163 0
1 161 0
75 159 0
88 157 0
61 154 0
1 138 0
0 177 0
133 178 0
77 173 0
1 154 0
173 177 0
99 172 0
178 102 0
0 103 0
172 178 0
100 1 0
83 160 0
12 178 0
78 0 0
89 167 0
75 163 0
1 162 0
81 159 0
90 0 0
74 176 0
178 90 0
0 133 0
18 178 0
178 88 0
79 161 0
108 177 0
170 175 0
52 167 0
78 160 0
57 169 0
95 170 0
115 0 0
35 178 0
0 149 0
0 70 0
37 178 0
80 162 0
22 177 0
64 155 0
178 174 0
78 149 0
0 138 0
127 176 0
144 177 0
159 178 0
77 155 0
79 152 0
21 178 0
137 178 0
76 173 0
0 131 0
0 77 0
120 0 0
177 158 0
80 150 0
177 73 0
39 178 0
0 63 0
86 172 0
177 86 0
100 0 0
178 78 0
178 34 0
0 143 0
88 169 0
77 166 0
54 178 0
81 151 0
74 154 0
82 158 0
93 165 0
77 177 0
8 178 0
88 155 0
71 152 0
98 175 0
75 178 0
84 157 0
40 177 0
84 153 0
175 177 0
178 119 0
91 0 0
0 153 0
83 164 0
0 163 0
110 0 0
94 0 0
178 126 0
147 175 0
143 0 0
32 177 0
60 178 0
134 178 0
87 178 0
178 161 0
133 177 0
108 178 0
98 0 0
138 0 0
30 175 0
75 153 0
178 85 0
77 164 0
96 165 0
177 152 0
96 0 0
178 79 0
123 178 0
170 118 0
101 0 0
91 168 0
177 79 0
76 178 0
177 142 0
67 0 0
83 177 0
132 178 0
178 175 0
95 167 0
69 175 0
138 178 0
16 178 0
0 83 0
128 178 0
0 176 0
92 170 0
168 177 0
70 159 0
176 161 0
103 176 0
178 52 0
86 0 0
112 177 0
178 92 0
165 178 0
178 118 0
115 178 0
46 6 0
51 172 0
87 155 0
112 176 0
0 168 0
178 149 0
0 80 0
178 177 0
1 173 0
112 0 0
124 178 0
0 92 0
73 178 0
0 5 0
178 86 0
31 178 0
178 80 0
111 178 0
99 178 0
178 73 0
0 140 0
0 65 0
19 178 0
60 172 0
178 104 0
63 175 0
94 1 0
116 178 0
177 157 0
80 165 0
177 74 0
18 177 0
69 159 0
20 178 0
85 178 0
178 139 0
4 178 0
178 142 0
178 131 0
94 163 0
77 178 0
178 66 0
176 133 0
178 100 0
0 137 0
61 0 0
75 1 0
82 149 0
77 162 0
175 156 0
95 166 0
78 155 0
76 1 0
75 0 0
83 178 0
78 175 0
7 178 0
82 159 0
176 156 0
97 169 0
94 174 0
47 178 0
84 161 0
178 56 0
91 177 0
178 99 0
89 1 0
100 178 0
93 168 0
177 161 0
94 178 0
96 178 0
178 115 0
176 134 0
178 129 0
94 171 0
178 133 0
176 136 0
64 174 0
27 175 0
90 175 0
95 2 0
0 54 0
1 144 0
178 170 0
69 170 0
150 176 0
1 145 0
0 113 0
77 175 0
73 155 0
0 144 0
95 0 0
5 178 0
0 56 0
82 150 0
57 1 0
178 172 0
57 0 0
94 175 0
176 149 0
87 177 0
178 10 0
0 150 0
142 0 0
96 169 0
178 148 0
7 175 0
0 55 0
178 72 0
97 178 0
113 175 0
171 175 0
102 178 0
86 156 0
77 0 0
178 134 0
178 156 0
178 67 0
178 55 0
178 176 0
0 129 0
176 128 0
177 133 0
86 178 0
91 1 0
56 175 0
33 177 0
0 101 0
177 127 0
36 175 0
25 177 0
55 178 0
178 124 0
0 155 0
178 105 0
126 177 0
1 155 0
86 163 0
81 152 0
1 139 0
79 163 0
83 153 0
41 177 0
176 125 0
87 160 0
178 125 0
178 122 0
0 161 0
52 0 0
2 153 0
78 176 0
173 159 0
1 118 0
177 162 0
85 157 0
92 163 0
178 162 0
178 116 0
93 178 0
178 41 0
11 178 0
167 159 0
89 166 0
178 163 0
1 119 0
178 160 0
75 162 0
86 160 0
1 175 0
0 121 0
0 156 0
0 100 0
55 176 0
178 171 0
0 173 0
0 158 0
45 178 0
63 178 0
77 156 0
64 178 0
51 178 0
116 0 0
52 178 0
178 68 0
72 154 0
141 178 0
81 162 0
92 0 0
7 177 0
81 176 0
110 177 0
81 178 0
82 178 0
104 0 0
1 178 0
2 178 0
6 178 0
86 167 0
101 1 0
134 0 0
0 175 0
0 115 0
0 112 0
76 172 0
74 178 0
75 152 0
152 177 0
64 0 0
79 175 0
85 2 0
66 178 0
0 110 0
0 88 0
46 1 0
69 173 0
80 178 0
45 0 0
177 148 0
44 0 0
46 178 0
97 170 0
43 0 0
55 175 0
1 87 0
178 145 0
0 142 0
1 148 0
88 2 0
0 148 0
0 147 0
177 121 0
0 107 0
177 61 0
0 44 0
1 147 0
70 178 0
178 120 0
78 3 0
0 58 0
73 160 0
73 174 0
178 37 0
0 69 0
0 71 0
178 158 0
178 69 0
71 177 0
178 109 0
69 174 0
30 178 0
68 178 0
69 178 0
67 178 0
68 174 0
62 178 0
106 178 0
84 158 0
65 178 0
0 68 0
76 0 0
134 176 0
72 0 0
79 162 0
69 0 0
70 0 0
71 0 0
72 178 0
117 0 0
24 177 0
1 159 0
0 160 0
97 168 0
0 159 0
178 157 0
0 59 0
1 170 0
132 177 0
154 177 0
0 61 0
158 178 0
0 145 0
76 160 0
72 153 0
89 177 0
64 175 0
89 168 0
89 178 0
91 178 0
90 178 0
92 178 0
174 178 0
178 5 0
153 175 0
91 169 0
51 177 0
82 163 0
0 64 0
96 177 0
178 61 0
80 159 0
0 141 0
174 177 0
93 170 0
178 62 0
66 0 0
37 0 0
92 172 0
36 0 0
107 0 0
1 121 0
10 177 0
78 178 0
0 136 0
98 170 0
1 160 0
79 178 0
79 177 0
108 0 0
0 122 0
0 154 0
76 157 0
74 172 0
117 3 0
119 0 0
93 166 0
2 157 0
98 178 0
178 36 0
81 156 0
110 172 0
178 138 0
178 137 0
74 158 0
0 130 0
0 116 0
178 51 0
0 41 0
74 162 0
178 168 0
0 151 0
86 155 0
72 158 0
114 177 0
178 112 0
1 158 0
177 72 0
1 166 0
176 150 0
177 144 0
96 175 0
178 76 0
124 177 0
79 176 0
177 96 0
92 166 0
16 177 0
99 167 0
13 177 0
17 177 0
69 157 0
177 88 0
80 164 0
92 168 0
178 106 0
164 175 0
83 157 0
111 177 0
1 128 0
87 167 0
95 173 0
75 151 0
76 168 0
177 68 0
96 170 0
87 159 0
93 175 0
83 158 0
71 156 0
0 99 0
85 158 0
70 155 0
117 175 0
67 155 0
1 99 0
77 153 0
74 157 0
90 167 0
81 154 0
107 175 0
150 175 0
78 156 0
90 155 0
70 158 0
78 154 0
173 118 0
112 178 0
80 161 0
78 162 0
177 117 0
2 159 0
82 162 0
0 72 0
1 169 0
77 167 0
2 151 0
0 47 0
143 178 0
76 165 0
59 175 0
91 170 0
2 177 0
99 175 0
76 169 0
167 175 0
73 157 0
21 175 0
178 136 0
75 175 0
73 152 0
56 178 0
83 175 0
80 155 0
78 173 0
81 174 0
75 158 0
78 153 0
82 176 0
77 174 0
95 168 0
3 177 0
101 178 0
70 161 0
80 156 0
97 167 0
75 156 0
178 75 0
58 176 0
94 170 0
99 169 0
82 155 0
80 154 0
81 153 0
62 154 0
68 154 0
176 147 0
1 153 0
87 0 0
80 151 0
71 157 0
70 157 0
71 176 0
9 175 0
69 172 0
80 163 0
71 159 0
177 98 0
81 158 0
72 160 0
79 159 0
84 155 0
83 156 0
129 175 0
178 71 0
110 175 0
71 153 0
129 177 0
9 177 0
178 63 0
44 178 0
79 154 0
94 166 0
73 0 0
92 167 0
81 155 0
98 169 0
95 177 0
93 173 0
98 167 0
1 136 0
122 177 0
80 177 0
75 164 0
128 176 0
86 158 0
83 152 0
99 0 0
24 175 0
86 161 0
83 162 0
177 89 0
83 165 0
176 154 0
122 175 0
83 155 0
76 149 0
85 153 0
48 178 0
96 171 0
84 150 0
36 178 0
96 173 0
88 159 0
62 174 0
0 165 0
76 152 0
96 167 0
115 6 0
91 171 0
84 154 0
115 177 0
85 152 0
31 0 0
177 149 0
74 163 0
76 163 0
10 0 0
50 0 0
0 43 0
0 109 0
154 0 0
0 37 0
178 21 0
38 0 0
132 0 0
0 9 0
178 15 0
178 49 0
178 19 0
4 0 0
153 0 0
34 0 0
149 0 0
11 0 0
0 18 0
0 98 0
0 15 0
8 0 0
150 0 0
178 58 0
0 25 0
176 0 0
48 0 0
178 16 0
3 0 0
178 18 0
178 3 0
0 19 0
178 111 0
135 0 0
0 13 0
12 0 0
15 0 0
178 43 0
19 0 0
157 0 0
177 0 0
178 22 0
178 17 0
0 108 0
9 0 0
173 0 0
0 16 0
159 0 0
17 0 0
0 20 0
40 0 0
0 57 0
22 0 0
47 0 0
178 2 0
0 24 0
0 3 0
0 39 0
178 4 0
158 0 0
178 24 0
178 39 0
26 0 0
128 0 0
178 33 0
0 1 0
0 22 0
56 0 0
178 23 0
0 6 0
7 0 0
0 46 0
137 0 0
63 0 0
0 42 0
68 0 0
0 134 0
165 0 0
0 14 0
178 98 0
152 0 0
178 44 0
20 0 0
167 0 0
0 111 0
127 0 0
59 0 0
0 27 0
0 21 0
150 178 0
55 0 0
54 0 0
131 0 0
0 45 0
2 0 0
178 40 0
28 0 0
0 8 0
24 0 0
174 0 0
0 90 0
125 0 0
178 26 0
41 0 0
178 82 0
21 0 0
0 36 0
175 0 0
124 0 0
0 29 0
5 0 0
178 48 0
102 0 0
0 10 0
0 166 0
166 0 0
16 0 0
148 0 0
145 0 0
53 0 0
0 17 0
27 0 0
84 178 0
18 0 0
0 7 0
39 0 0
0 4 0
0 32 0
178 1 0
13 178 0
30 0 0
178 42 0
151 0 0
10 178 0
136 0 0
147 0 0
0 81 0
0 35 0
0 62 0
156 0 0
178 9 0
65 0 0
178 84 0
105 0 0
0 34 0
123 0 0
0 128 0
0 49 0
0 82 0
178 12 0
33 0 0
121 0 0
178 31 0
178 14 0
49 0 0
42 0 0
82 0 0
0 126 0
144 0 0
178 38 0
0 33 0
0 75 0
0 48 0
60 0 0
178 8 0
141 0 0
178 173 0
178 113 0
35 0 0
0 53 0
178 45 0
178 25 0
0 11 0
126 0 0
178 7 0
0 31 0
79 0 0
14 0 0
0 117 0
0 52 0
0 30 0
160 0 0
178 13 0
178 30 0
32 0 0
0 2 0
58 0 0
13 0 0
178 107 0
0 23 0
178 65 0
0 60 0
0 120 0
178 27 0
81 0 0
23 0 0
178 54 0
168 0 0
178 35 0
0 67 0
6 0 0
172 0 0
25 0 0
1 0 0
0 12 0
80 0 0
178 70 0
0 51 0
133 0 0
178 59 0
0 40 0
0 123 0
178 20 0
155 0 0
178 11 0
low, high, current -1 -1 8
Confirming Router Algorithm: TIMING_DRIVEN.
T_crit: 7.54654e-08.
T_crit: 7.54786e-08.
T_crit: 7.50506e-08.
T_crit: 7.5582e-08.
T_crit: 7.52574e-08.
T_crit: 7.5582e-08.
T_crit: 7.52813e-08.
T_crit: 7.52813e-08.
T_crit: 7.56709e-08.
T_crit: 7.5582e-08.
T_crit: 7.54641e-08.
T_crit: 7.56961e-08.
T_crit: 7.54641e-08.
T_crit: 7.55927e-08.
T_crit: 7.52574e-08.
T_crit: 7.55927e-08.
T_crit: 7.52574e-08.
T_crit: 7.56023e-08.
T_crit: 7.52574e-08.
T_crit: 7.57057e-08.
T_crit: 7.56722e-08.
T_crit: 7.69614e-08.
T_crit: 7.57095e-08.
T_crit: 7.54931e-08.
T_crit: 7.56061e-08.
T_crit: 7.63386e-08.
T_crit: 7.68593e-08.
T_crit: 7.72696e-08.
T_crit: 7.80079e-08.
T_crit: 7.75918e-08.
T_crit: 7.72804e-08.
T_crit: 8.01942e-08.
T_crit: 7.97819e-08.
T_crit: 7.77916e-08.
T_crit: 7.76882e-08.
T_crit: 7.92428e-08.
T_crit: 7.99728e-08.
T_crit: 8.00813e-08.
T_crit: 8.26956e-08.
T_crit: 8.1861e-08.
T_crit: 8.29767e-08.
T_crit: 8.24534e-08.
T_crit: 8.235e-08.
T_crit: 8.34143e-08.
T_crit: 8.47697e-08.
T_crit: 8.33115e-08.
T_crit: 8.53988e-08.
T_crit: 8.54889e-08.
T_crit: 8.53843e-08.
T_crit: 8.16276e-08.
Routing failed.
low, high, current 8 -1 16
Confirming Router Algorithm: TIMING_DRIVEN.
T_crit: 7.55688e-08.
T_crit: 7.54786e-08.
T_crit: 7.5154e-08.
T_crit: 7.54786e-08.
T_crit: 7.5154e-08.
T_crit: 7.5582e-08.
T_crit: 7.5154e-08.
T_crit: 7.5582e-08.
T_crit: 7.54641e-08.
T_crit: 7.55903e-08.
T_crit: 7.54641e-08.
T_crit: 7.55903e-08.
T_crit: 7.54641e-08.
T_crit: 7.5601e-08.
T_crit: 7.54641e-08.
Successfully routed after 16 routing iterations.
Completed net delay value cross check successfully.
low, high, current 8 16 12
Confirming Router Algorithm: TIMING_DRIVEN.
T_crit: 7.53563e-08.
T_crit: 7.58336e-08.
T_crit: 7.52738e-08.
T_crit: 7.56116e-08.
T_crit: 7.56848e-08.
T_crit: 7.52044e-08.
T_crit: 7.56969e-08.
T_crit: 7.5325e-08.
T_crit: 7.52967e-08.
T_crit: 7.52929e-08.
T_crit: 7.52916e-08.
T_crit: 7.57308e-08.
T_crit: 7.56944e-08.
T_crit: 7.57308e-08.
T_crit: 7.56944e-08.
T_crit: 7.53173e-08.
T_crit: 7.56944e-08.
T_crit: 7.57308e-08.
T_crit: 7.56944e-08.
T_crit: 7.57308e-08.
T_crit: 7.56944e-08.
T_crit: 7.53173e-08.
T_crit: 7.56944e-08.
T_crit: 7.53173e-08.
T_crit: 7.56944e-08.
T_crit: 7.5506e-08.
T_crit: 7.59617e-08.
T_crit: 7.5499e-08.
T_crit: 7.5499e-08.
T_crit: 7.5499e-08.
T_crit: 7.5499e-08.
T_crit: 7.54939e-08.
T_crit: 7.60184e-08.
T_crit: 7.60184e-08.
T_crit: 7.72755e-08.
T_crit: 7.74708e-08.
T_crit: 7.64408e-08.
T_crit: 7.63311e-08.
T_crit: 7.63311e-08.
T_crit: 7.63311e-08.
T_crit: 7.63311e-08.
T_crit: 7.62264e-08.
T_crit: 7.6229e-08.
T_crit: 7.6229e-08.
T_crit: 7.6229e-08.
T_crit: 7.6229e-08.
T_crit: 7.6229e-08.
T_crit: 7.6229e-08.
T_crit: 7.6229e-08.
T_crit: 7.6229e-08.
Routing failed.
low, high, current 12 16 14
Confirming Router Algorithm: TIMING_DRIVEN.
T_crit: 7.54698e-08.
T_crit: 7.54019e-08.
T_crit: 7.52542e-08.
T_crit: 7.55052e-08.
T_crit: 7.51546e-08.
T_crit: 7.55052e-08.
T_crit: 7.51546e-08.
T_crit: 7.55052e-08.
T_crit: 7.54597e-08.
T_crit: 7.55052e-08.
T_crit: 7.54597e-08.
T_crit: 7.55052e-08.
T_crit: 7.56652e-08.
T_crit: 7.54447e-08.
T_crit: 7.505e-08.
T_crit: 7.54019e-08.
T_crit: 7.51546e-08.
T_crit: 7.55078e-08.
T_crit: 7.505e-08.
T_crit: 7.54019e-08.
T_crit: 7.51546e-08.
T_crit: 7.57063e-08.
T_crit: 7.51546e-08.
T_crit: 7.55671e-08.
T_crit: 7.51546e-08.
T_crit: 7.55683e-08.
T_crit: 7.51546e-08.
T_crit: 7.57663e-08.
T_crit: 7.52934e-08.
T_crit: 7.52934e-08.
T_crit: 7.52934e-08.
T_crit: 7.52934e-08.
T_crit: 7.52934e-08.
Successfully routed after 34 routing iterations.
Completed net delay value cross check successfully.

Checking to ensure routing is legal ...
Completed routing consistency check successfully.

Serial number (magic cookie) for the routing is: 1707326431
Best routing used a channel width factor of 14.


Average number of bends per net: 6.39888  Maximum # of bends: 200


The number of routed nets (nonglobal): 1251
Wirelength results (all in units of 1 clb segments):
	Total wirelength: 130589   Average net length: 104.388
	Maximum net length: 1195

Wirelength results in terms of physical segments:
	Total wiring segments used: 65573   Av. wire segments per net: 52.4165
	Maximum segments used by a net: 603


X - Directed channels:

j	max occ	av_occ		capacity
0	11	6.24294  	14
1	12	7.37853  	14
2	9	4.33898  	14
3	9	4.67797  	14
4	6	2.14689  	14
5	7	2.15819  	14
6	3	1.67232  	14
7	4	2.07345  	14
8	1	0.463277 	14
9	2	0.435028 	14
10	2	0.497175 	14
11	1	0.423729 	14
12	2	0.598870 	14
13	1	0.949153 	14
14	1	0.0225989	14
15	2	0.0564972	14
16	2	0.378531 	14
17	2	0.745763 	14
18	3	0.350282 	14
19	2	0.491525 	14
20	2	0.909605 	14
21	3	0.892655 	14
22	3	0.988701 	14
23	3	0.0677966	14
24	2	0.937853 	14
25	2	1.01695  	14
26	2	0.497175 	14
27	3	0.435028 	14
28	1	0.0225989	14
29	2	0.802260 	14
30	3	0.994350 	14
31	1	0.463277 	14
32	1	0.0225989	14
33	4	0.0903955	14
34	3	0.734463 	14
35	4	1.63842  	14
36	1	0.0112994	14
37	2	0.508475 	14
38	1	0.0169492	14
39	3	0.519774 	14
40	2	0.0451977	14
41	1	0.0395480	14
42	1	0.711864 	14
43	3	1.12994  	14
44	2	0.802260 	14
45	3	0.723164 	14
46	4	2.54237  	14
47	2	0.282486 	14
48	2	1.12994  	14
49	1	0.728814 	14
50	1	0.0112994	14
51	2	0.384181 	14
52	3	0.412429 	14
53	1	0.00564972	14
54	1	0.0451977	14
55	2	0.0282486	14
56	1	0.00564972	14
57	2	0.0395480	14
58	2	0.949153 	14
59	3	0.903955 	14
60	6	0.372881 	14
61	1	0.0169492	14
62	2	0.0225989	14
63	1	0.0112994	14
64	2	1.03390  	14
65	2	1.48588  	14
66	1	0.0225989	14
67	3	0.0508475	14
68	2	0.587571 	14
69	2	1.05650  	14
70	4	2.11864  	14
71	4	1.05085  	14
72	4	0.124294 	14
73	4	2.05085  	14
74	1	0.0395480	14
75	6	3.61017  	14
76	3	1.78531  	14
77	1	0.0282486	14
78	4	1.04520  	14
79	1	0.0282486	14
80	3	1.01695  	14
81	3	0.785311 	14
82	2	1.05085  	14
83	1	0.259887 	14
84	4	0.107345 	14
85	4	2.31073  	14
86	2	0.355932 	14
87	5	3.53672  	14
88	4	1.64407  	14
89	2	0.0734463	14
90	2	0.508475 	14
91	2	0.214689 	14
92	1	0.0508475	14
93	1	0.994350 	14
94	5	1.14689  	14
95	2	1.14689  	14
96	2	0.570621 	14
97	5	1.24859  	14
98	3	1.25424  	14
99	3	1.38418  	14
100	4	0.101695 	14
101	2	0.677966 	14
102	5	2.13559  	14
103	5	1.98305  	14
104	3	0.0960452	14
105	2	0.0677966	14
106	3	0.0451977	14
107	2	1.24294  	14
108	5	0.491525 	14
109	3	1.22034  	14
110	3	0.915254 	14
111	2	0.892655 	14
112	2	0.0282486	14
113	4	1.09605  	14
114	2	0.0621469	14
115	2	0.593220 	14
116	3	0.0903955	14
117	5	2.42373  	14
118	4	2.64407  	14
119	5	1.79096  	14
120	4	0.661017 	14
121	4	1.01695  	14
122	3	1.13559  	14
123	5	3.06780  	14
124	6	0.627119 	14
125	2	1.78531  	14
126	3	1.03390  	14
127	6	2.18079  	14
128	7	2.40113  	14
129	3	0.474576 	14
130	2	0.666667 	14
131	3	1.16949  	14
132	6	1.55367  	14
133	6	2.73446  	14
134	4	1.89831  	14
135	5	1.12429  	14
136	4	2.55932  	14
137	5	1.83616  	14
138	2	0.531073 	14
139	3	1.31638  	14
140	2	0.638418 	14
141	5	0.689266 	14
142	4	0.853107 	14
143	6	1.01695  	14
144	11	3.28249  	14
145	11	2.41243  	14
146	11	5.93220  	14
147	13	3.42938  	14
148	14	6.48023  	14
149	13	5.37288  	14
150	14	7.87006  	14
151	14	7.17514  	14
152	14	6.31073  	14
153	14	5.64407  	14
154	14	6.70621  	14
155	14	6.77401  	14
156	14	6.44633  	14
157	13	7.19209  	14
158	14	5.64972  	14
159	14	6.60452  	14
160	14	5.66102  	14
161	14	6.19774  	14
162	14	5.57627  	14
163	13	4.51412  	14
164	14	6.64972  	14
165	14	6.37853  	14
166	14	6.53672  	14
167	13	5.96045  	14
168	13	6.70621  	14
169	14	7.12994  	14
170	14	5.33333  	14
171	13	7.07910  	14
172	14	6.88701  	14
173	13	8.23164  	14
174	14	8.35593  	14
175	13	8.05085  	14
176	14	8.53672  	14
177	14	9.66667  	14

Y - Directed channels:

i	max occ	av_occ		capacity
0	13	9.29379  	14
1	14	8.87571  	14
2	13	7.10734  	14
3	9	5.06780  	14
4	11	4.33898  	14
5	8	2.31073  	14
6	9	2.69492  	14
7	6	2.68362  	14
8	6	1.64407  	14
9	5	0.146893 	14
10	5	1.45198  	14
11	2	0.124294 	14
12	4	1.26554  	14
13	3	1.50847  	14
14	3	0.254237 	14
15	4	1.10734  	14
16	4	1.69492  	14
17	5	0.711864 	14
18	3	0.0734463	14
19	3	0.892655 	14
20	6	0.118644 	14
21	5	0.655367 	14
22	7	0.372881 	14
23	6	0.299435 	14
24	4	1.64972  	14
25	5	1.27684  	14
26	3	0.627119 	14
27	6	0.915254 	14
28	6	0.367232 	14
29	4	1.75141  	14
30	2	0.937853 	14
31	2	0.0790960	14
32	3	1.17514  	14
33	3	1.82486  	14
34	5	0.943503 	14
35	4	0.0903955	14
36	4	0.627119 	14
37	3	0.0677966	14
38	3	1.20904  	14
39	5	0.723164 	14
40	3	0.124294 	14
41	5	1.46328  	14
42	7	0.887006 	14
43	5	1.44068  	14
44	4	0.706215 	14
45	4	0.694915 	14
46	3	0.248588 	14
47	5	1.84746  	14
48	5	1.44633  	14
49	4	1.20339  	14
50	8	2.01130  	14
51	8	0.593220 	14
52	8	2.00000  	14
53	7	0.802260 	14
54	8	0.807910 	14
55	6	1.14124  	14
56	6	0.644068 	14
57	5	2.06215  	14
58	5	2.02825  	14
59	10	2.24294  	14
60	9	2.06780  	14
61	7	1.50282  	14
62	10	2.48588  	14
63	9	6.09040  	14
64	8	4.40678  	14
65	10	3.55932  	14
66	12	2.96045  	14
67	14	4.95480  	14
68	12	5.77966  	14
69	13	6.36723  	14
70	14	4.41243  	14
71	11	5.02825  	14
72	13	5.66102  	14
73	13	5.09605  	14
74	13	5.72881  	14
75	14	4.96610  	14
76	13	6.54802  	14
77	14	5.04520  	14
78	13	4.53107  	14
79	13	6.75706  	14
80	13	4.91525  	14
81	14	3.09040  	14
82	14	3.02825  	14
83	13	5.58757  	14
84	13	3.64407  	14
85	14	5.56497  	14
86	13	5.83616  	14
87	13	5.35593  	14
88	12	5.02260  	14
89	11	3.84746  	14
90	13	3.55932  	14
91	12	5.98305  	14
92	12	4.98870  	14
93	12	3.71186  	14
94	10	5.56497  	14
95	11	3.70056  	14
96	13	5.00000  	14
97	10	4.46893  	14
98	10	1.83051  	14
99	9	0.762712 	14
100	7	2.79661  	14
101	4	1.27119  	14
102	3	1.06780  	14
103	3	1.79096  	14
104	5	2.94350  	14
105	3	0.101695 	14
106	5	0.192090 	14
107	6	0.638418 	14
108	8	0.367232 	14
109	7	1.55367  	14
110	6	3.44068  	14
111	4	2.81921  	14
112	4	1.09605  	14
113	5	1.42938  	14
114	5	1.07345  	14
115	7	3.51977  	14
116	6	0.271186 	14
117	6	2.09605  	14
118	3	1.71751  	14
119	2	0.0903955	14
120	3	0.774011 	14
121	4	0.689266 	14
122	3	0.0564972	14
123	3	0.937853 	14
124	5	0.118644 	14
125	3	1.90395  	14
126	5	1.07345  	14
127	5	1.26554  	14
128	7	0.779661 	14
129	8	0.186441 	14
130	5	1.17514  	14
131	5	1.66667  	14
132	3	0.112994 	14
133	4	0.672316 	14
134	6	0.689266 	14
135	3	0.598870 	14
136	3	0.141243 	14
137	1	0.0903955	14
138	4	0.203390 	14
139	2	0.0790960	14
140	3	0.141243 	14
141	4	0.581921 	14
142	3	0.0621469	14
143	2	0.0847458	14
144	3	0.101695 	14
145	2	0.0564972	14
146	3	0.0960452	14
147	3	1.04520  	14
148	3	0.310734 	14
149	5	2.22034  	14
150	5	0.480226 	14
151	3	1.82486  	14
152	5	0.0734463	14
153	3	0.322034 	14
154	3	0.0677966	14
155	2	0.203390 	14
156	2	0.0564972	14
157	5	0.0903955	14
158	4	0.0847458	14
159	3	1.89831  	14
160	5	3.01130  	14
161	2	1.01130  	14
162	3	1.10169  	14
163	2	0.107345 	14
164	2	0.0734463	14
165	4	0.384181 	14
166	2	0.169492 	14
167	6	0.508475 	14
168	5	1.16384  	14
169	5	0.610169 	14
170	7	1.45198  	14
171	9	3.48023  	14
172	9	2.64407  	14
173	9	3.35593  	14
174	12	6.72881  	14
175	11	5.86441  	14
176	13	7.71751  	14
177	13	9.24294  	14

Total Tracks in X-direction: 2492  in Y-direction: 2492

Logic Area (in minimum width transistor areas):
Total Logic Area: 9.3987e+08  Per 1x1 logic tile: 30000

Routing area (in minimum width transistor areas):
Total Routing Area: 5.72947e+07  Per logic tile: 1828.81

Segment usage by type (index):
Segment type       Fractional utilization
------------       ----------------------
       0                  0.148

Segment usage by length:
Segment length       Fractional utilization
--------------       ----------------------
        2                   0.148

Critical Path: 7.52934e-08 (s)

Time elapsed (PLACE&ROUTE): 5649111.032000 ms


Time elapsed (Fernando): 5649111.057000 ms

