
VPR FPGA Placement and Routing.
Version: Version 5.0.2
Compiled: Dec 11 2020.
Original VPR by V. Betz.
Timing-driven placement enhancements by A. Marquardt.
Single-drivers enhancements by Andy Ye with additions by.
Mark Fang, Jason Luu, Ted Campbell
Heterogeneous stucture support by Jason Luu and Ted Campbell.
This code is licensed only for non-commercial use.

Auto-sizing FPGA, try x = 82 y = 82
Auto-sizing FPGA, try x = 164 y = 164
Auto-sizing FPGA, try x = 328 y = 328
Auto-sizing FPGA, try x = 164 y = 164
Auto-sizing FPGA, try x = 246 y = 246
Auto-sizing FPGA, try x = 205 y = 205
Auto-sizing FPGA, try x = 184 y = 184
Auto-sizing FPGA, try x = 194 y = 194
Auto-sizing FPGA, try x = 199 y = 199
Auto-sizing FPGA, try x = 202 y = 202
Auto-sizing FPGA, try x = 203 y = 203
Auto-sizing FPGA, try x = 204 y = 204
Auto-sizing FPGA, try x = 204 y = 204
FPGA auto-sized to, x = 205 y = 205

Resource Usage:
Netlist      0	blocks of type <EMPTY>
Architecture 4	blocks of type <EMPTY>
Netlist      817	blocks of type .io
Architecture 820	blocks of type .io
Netlist      5859	blocks of type .clb
Architecture 42025	blocks of type .clb

Timing analysis: ON

Operation:  ROUTE_ONLY

PlacerOpts.place_freq:  PLACE_NEVER

RouterOpts.route_type:  DETAILED
RouterOpts.router_algorithm:  TIMING_DRIVEN
RouterOpts.base_cost_type:  DELAY_NORMALIZED
RouterOpts.fixed_channel_width:  NO_FIXED_CHANNEL_WIDTH
RouterOpts.acc_fac:  1.000000
RouterOpts.bb_factor:  3
RouterOpts.bend_cost:  0.000000
RouterOpts.first_iter_pres_fac:  0.500000
RouterOpts.initial_pres_fac:  0.500000
RouterOpts.pres_fac_mult:  1.300000
RouterOpts.max_router_iterations:  50
RouterOpts.astar_fac:  1.200000
RouterOpts.criticality_exp:  1.000000
RouterOpts.max_criticality:  0.990000

RoutingArch.directionality:  UNI_DIRECTIONAL
RoutingArch.switch_block_type:  WILTON
RoutingArch.Fs:  3

The circuit will be mapped into a 205 x 205 array of clbs.

Netlist num_nets:  5987
Netlist num_blocks:  6676
Netlist inputs pins:  128
Netlist output pins:  689

129 163 0
204 206 0
134 191 0
128 193 0
123 159 0
126 197 0
130 164 0
123 158 0
122 194 0
125 195 0
103 147 0
123 194 0
124 159 0
103 163 0
122 159 0
165 199 0
80 200 0
128 185 0
131 188 0
118 200 0
166 204 0
164 200 0
112 195 0
124 153 0
168 0 0
116 202 0
94 175 0
114 204 0
94 148 0
118 178 0
104 194 0
122 154 0
35 201 0
56 196 0
35 192 0
92 176 0
101 171 0
101 187 0
136 204 0
35 203 0
147 179 0
124 154 0
134 195 0
109 153 0
101 198 0
101 191 0
127 176 0
118 191 0
34 196 0
147 184 0
121 154 0
121 153 0
106 185 0
47 200 0
39 198 0
151 183 0
124 156 0
32 196 0
123 153 0
123 154 0
118 187 0
55 201 0
57 200 0
121 198 0
112 163 0
138 197 0
56 200 0
136 178 0
55 191 0
30 200 0
140 172 0
34 194 0
102 142 0
124 196 0
97 172 0
155 202 0
104 165 0
116 205 0
115 156 0
135 177 0
34 198 0
33 194 0
109 183 0
105 191 0
112 203 0
29 202 0
32 200 0
56 197 0
36 195 0
124 200 0
97 194 0
101 141 0
153 203 0
35 202 0
129 191 0
55 188 0
134 202 0
155 192 0
65 179 0
59 178 0
85 202 0
116 192 0
81 202 0
103 195 0
65 205 0
115 203 0
36 201 0
110 192 0
58 200 0
111 194 0
54 183 0
71 191 0
52 189 0
112 173 0
53 189 0
141 188 0
82 157 0
87 174 0
139 203 0
161 203 0
82 196 0
120 201 0
161 198 0
118 203 0
140 205 0
59 201 0
53 198 0
54 186 0
55 190 0
82 164 0
40 200 0
111 171 0
57 197 0
113 203 0
59 200 0
51 192 0
139 204 0
45 203 0
162 203 0
161 201 0
40 201 0
35 196 0
56 193 0
122 189 0
55 189 0
29 205 0
103 188 0
104 176 0
88 182 0
112 171 0
112 172 0
111 170 0
75 203 0
154 202 0
66 194 0
54 201 0
152 184 0
47 202 0
116 153 0
88 188 0
87 182 0
122 175 0
112 170 0
105 176 0
107 189 0
158 203 0
93 184 0
156 204 0
117 204 0
111 173 0
88 199 0
30 203 0
104 157 0
152 185 0
115 153 0
115 183 0
116 154 0
114 183 0
99 192 0
122 184 0
106 176 0
105 175 0
104 174 0
105 174 0
161 202 0
80 178 0
152 200 0
104 162 0
97 174 0
29 201 0
58 202 0
29 204 0
56 204 0
117 182 0
116 182 0
112 156 0
122 187 0
120 183 0
134 192 0
108 176 0
129 161 0
124 191 0
50 200 0
96 182 0
64 196 0
128 183 0
62 198 0
162 193 0
124 184 0
115 147 0
122 183 0
49 198 0
110 199 0
111 156 0
49 195 0
110 156 0
117 154 0
109 155 0
128 161 0
98 140 0
113 186 0
108 205 0
104 172 0
161 200 0
112 146 0
47 195 0
45 191 0
50 194 0
113 187 0
50 195 0
31 201 0
124 192 0
98 141 0
114 149 0
77 194 0
41 188 0
48 193 0
63 200 0
44 190 0
43 190 0
46 190 0
50 192 0
27 206 0
49 203 0
100 162 0
138 171 0
137 173 0
122 172 0
123 156 0
31 202 0
57 185 0
97 142 0
101 139 0
102 140 0
99 169 0
120 197 0
109 195 0
47 201 0
113 196 0
147 198 0
82 194 0
99 194 0
82 201 0
80 168 0
142 185 0
109 173 0
81 153 0
34 203 0
133 192 0
42 186 0
145 180 0
136 188 0
46 203 0
118 160 0
156 191 0
71 187 0
44 186 0
99 170 0
102 138 0
109 205 0
112 193 0
153 198 0
108 161 0
81 191 0
108 162 0
143 177 0
138 184 0
157 193 0
112 187 0
103 191 0
72 187 0
102 153 0
70 200 0
71 188 0
129 177 0
102 144 0
98 139 0
103 139 0
101 138 0
38 204 0
153 200 0
165 202 0
79 173 0
100 158 0
71 184 0
107 177 0
107 149 0
139 180 0
133 202 0
102 147 0
101 146 0
51 183 0
153 184 0
103 183 0
103 137 0
50 185 0
71 186 0
70 187 0
101 153 0
98 153 0
126 196 0
113 184 0
55 173 0
138 178 0
127 160 0
142 175 0
61 171 0
89 192 0
111 174 0
105 186 0
63 198 0
107 180 0
63 201 0
61 194 0
100 159 0
106 141 0
67 186 0
101 158 0
130 189 0
119 182 0
53 183 0
77 202 0
59 174 0
36 193 0
46 185 0
32 201 0
47 183 0
102 174 0
58 183 0
60 182 0
99 146 0
98 171 0
59 170 0
60 171 0
94 178 0
62 199 0
150 202 0
46 200 0
103 174 0
74 174 0
82 174 0
101 201 0
102 183 0
72 164 0
97 146 0
51 195 0
59 176 0
57 183 0
149 202 0
102 198 0
59 182 0
61 182 0
63 180 0
97 148 0
95 140 0
165 200 0
54 172 0
55 172 0
64 204 0
92 156 0
84 194 0
139 198 0
105 202 0
98 194 0
83 177 0
84 159 0
100 194 0
101 194 0
98 183 0
103 198 0
45 192 0
162 200 0
104 145 0
56 179 0
148 186 0
55 194 0
106 188 0
163 199 0
110 157 0
111 158 0
61 180 0
54 179 0
62 191 0
70 199 0
56 172 0
54 167 0
134 200 0
101 180 0
123 169 0
102 141 0
65 192 0
152 194 0
61 196 0
108 178 0
78 190 0
54 193 0
130 162 0
129 187 0
147 185 0
154 187 0
112 157 0
100 157 0
129 201 0
60 180 0
100 169 0
59 180 0
112 149 0
155 190 0
64 193 0
55 179 0
84 186 0
54 180 0
54 173 0
121 161 0
54 166 0
77 198 0
90 192 0
109 166 0
153 199 0
108 195 0
76 205 0
126 182 0
82 178 0
101 193 0
127 177 0
128 182 0
103 138 0
126 159 0
126 179 0
65 190 0
110 150 0
104 168 0
106 198 0
112 148 0
111 150 0
57 182 0
58 182 0
111 155 0
61 176 0
122 162 0
122 161 0
120 193 0
109 161 0
85 192 0
105 145 0
76 204 0
113 176 0
87 176 0
105 192 0
94 193 0
127 203 0
111 193 0
100 177 0
100 168 0
62 168 0
101 167 0
101 136 0
106 196 0
99 196 0
75 188 0
108 150 0
104 150 0
102 157 0
112 188 0
63 177 0
120 198 0
61 177 0
137 175 0
120 161 0
124 162 0
123 161 0
109 193 0
114 195 0
128 198 0
91 178 0
107 190 0
67 204 0
105 188 0
104 192 0
105 183 0
103 192 0
102 181 0
160 191 0
51 186 0
48 188 0
81 185 0
108 183 0
63 189 0
73 178 0
71 166 0
105 151 0
105 169 0
114 186 0
63 175 0
121 179 0
145 186 0
121 178 0
127 168 0
128 168 0
172 204 0
83 180 0
106 170 0
146 204 0
110 187 0
63 193 0
95 201 0
105 159 0
100 200 0
118 179 0
104 195 0
49 188 0
135 165 0
56 188 0
111 166 0
112 153 0
48 189 0
125 155 0
61 190 0
57 195 0
64 187 0
37 195 0
67 185 0
66 185 0
81 150 0
85 160 0
85 147 0
122 191 0
127 166 0
85 178 0
48 194 0
110 188 0
150 205 0
134 203 0
98 187 0
104 180 0
78 172 0
97 176 0
98 202 0
96 204 0
90 188 0
117 157 0
90 151 0
131 203 0
159 199 0
56 198 0
56 187 0
36 197 0
100 203 0
57 186 0
57 187 0
58 193 0
60 192 0
62 202 0
98 169 0
113 150 0
38 195 0
82 149 0
44 201 0
83 147 0
111 151 0
122 188 0
144 183 0
115 176 0
136 187 0
118 172 0
127 167 0
129 168 0
137 178 0
134 190 0
111 200 0
46 202 0
96 193 0
150 198 0
78 189 0
83 196 0
121 186 0
65 185 0
92 190 0
98 197 0
83 205 0
118 180 0
109 185 0
93 179 0
55 200 0
41 206 0
57 202 0
108 186 0
155 206 0
103 156 0
115 179 0
87 162 0
78 195 0
45 189 0
61 192 0
117 180 0
49 189 0
102 156 0
88 165 0
110 179 0
96 176 0
71 197 0
85 167 0
123 197 0
70 204 0
66 172 0
75 163 0
95 181 0
149 182 0
91 184 0
108 146 0
62 169 0
99 136 0
63 174 0
142 174 0
104 163 0
127 155 0
99 175 0
104 206 0
167 198 0
62 174 0
104 187 0
88 146 0
91 186 0
116 165 0
101 181 0
89 183 0
100 198 0
95 196 0
101 170 0
125 165 0
49 205 0
102 202 0
129 181 0
87 178 0
59 177 0
100 140 0
146 179 0
109 177 0
103 175 0
114 179 0
42 196 0
105 157 0
86 169 0
100 202 0
61 154 0
149 198 0
117 166 0
110 175 0
125 158 0
70 184 0
104 189 0
104 139 0
99 171 0
112 167 0
84 178 0
109 200 0
129 193 0
79 170 0
88 181 0
152 192 0
131 185 0
73 164 0
71 162 0
99 188 0
90 173 0
87 163 0
206 108 0
80 0 0
104 175 0
113 193 0
112 160 0
94 141 0
110 168 0
100 185 0
80 179 0
89 201 0
60 204 0
70 181 0
102 188 0
57 193 0
146 194 0
64 192 0
68 191 0
41 182 0
92 174 0
52 195 0
52 186 0
38 194 0
75 162 0
66 175 0
105 178 0
100 139 0
102 139 0
36 198 0
113 194 0
119 166 0
141 193 0
94 163 0
84 191 0
137 189 0
125 169 0
55 184 0
77 174 0
77 197 0
136 174 0
65 171 0
85 205 0
76 189 0
103 153 0
64 179 0
38 197 0
132 201 0
109 156 0
65 186 0
75 198 0
138 177 0
42 183 0
41 196 0
66 161 0
40 183 0
149 184 0
101 145 0
94 147 0
91 150 0
123 167 0
77 205 0
113 160 0
96 194 0
77 154 0
165 195 0
86 163 0
142 182 0
149 187 0
74 180 0
85 176 0
149 200 0
34 201 0
158 204 0
108 206 0
86 196 0
60 163 0
85 184 0
95 148 0
84 170 0
133 189 0
163 195 0
107 155 0
86 202 0
148 188 0
125 206 0
84 199 0
92 168 0
70 186 0
133 188 0
36 179 0
90 193 0
143 188 0
77 158 0
89 186 0
34 182 0
89 171 0
144 194 0
59 197 0
109 172 0
69 197 0
116 151 0
138 194 0
87 189 0
76 170 0
109 162 0
97 141 0
90 169 0
71 192 0
55 178 0
71 181 0
117 162 0
80 189 0
86 162 0
129 200 0
78 154 0
46 204 0
85 159 0
83 163 0
75 181 0
151 189 0
157 191 0
106 153 0
96 199 0
158 195 0
151 191 0
137 200 0
86 197 0
96 148 0
52 182 0
65 196 0
101 147 0
134 173 0
71 194 0
90 149 0
116 168 0
71 185 0
39 192 0
84 195 0
168 206 0
65 187 0
117 168 0
145 177 0
101 182 0
115 158 0
40 187 0
96 177 0
70 203 0
80 163 0
110 182 0
82 159 0
206 175 0
42 200 0
107 152 0
69 159 0
71 204 0
168 201 0
116 186 0
63 172 0
35 189 0
164 196 0
115 160 0
147 197 0
118 206 0
58 152 0
95 146 0
116 148 0
105 171 0
75 187 0
120 169 0
155 193 0
118 148 0
105 167 0
73 150 0
74 169 0
102 204 0
128 189 0
83 159 0
48 204 0
81 159 0
105 193 0
133 183 0
66 168 0
100 155 0
73 191 0
39 182 0
128 170 0
115 200 0
52 194 0
107 198 0
97 180 0
87 181 0
90 177 0
69 189 0
58 187 0
97 200 0
108 194 0
101 204 0
97 157 0
41 205 0
137 206 0
105 166 0
42 203 0
98 189 0
41 192 0
74 202 0
100 181 0
40 190 0
146 189 0
71 198 0
154 199 0
135 195 0
76 200 0
134 184 0
74 194 0
118 195 0
53 197 0
77 179 0
120 165 0
65 201 0
78 162 0
116 164 0
42 206 0
33 203 0
109 160 0
146 202 0
112 147 0
119 161 0
74 163 0
65 173 0
115 185 0
104 171 0
60 188 0
70 177 0
92 199 0
79 177 0
66 202 0
64 172 0
59 186 0
134 189 0
81 163 0
112 192 0
61 173 0
153 194 0
78 163 0
92 170 0
166 202 0
117 193 0
71 201 0
92 193 0
100 172 0
91 203 0
99 143 0
67 162 0
161 204 0
76 193 0
63 185 0
81 182 0
105 154 0
94 172 0
41 186 0
102 206 0
153 187 0
41 190 0
104 149 0
46 191 0
39 191 0
57 190 0
77 165 0
92 188 0
38 189 0
113 146 0
165 198 0
77 166 0
65 161 0
157 188 0
68 169 0
79 189 0
91 160 0
64 175 0
134 199 0
99 161 0
105 206 0
67 170 0
70 171 0
62 184 0
72 166 0
157 187 0
105 148 0
88 143 0
85 183 0
33 199 0
86 164 0
89 158 0
90 166 0
88 163 0
80 171 0
119 167 0
99 140 0
48 183 0
94 201 0
101 183 0
49 180 0
70 169 0
53 194 0
68 201 0
138 187 0
142 203 0
131 202 0
45 197 0
162 206 0
107 183 0
128 191 0
55 193 0
139 179 0
78 167 0
133 203 0
116 159 0
47 206 0
65 188 0
71 163 0
96 153 0
74 190 0
91 191 0
73 161 0
66 174 0
73 176 0
76 176 0
75 199 0
134 171 0
90 180 0
132 189 0
98 184 0
153 193 0
104 148 0
149 185 0
93 171 0
111 187 0
77 184 0
96 189 0
99 179 0
112 183 0
110 160 0
0 76 0
167 204 0
138 198 0
60 205 0
62 172 0
123 175 0
71 158 0
116 175 0
124 203 0
70 183 0
101 186 0
90 189 0
29 200 0
62 171 0
92 187 0
124 163 0
119 169 0
144 186 0
107 200 0
159 196 0
130 179 0
64 160 0
65 160 0
82 168 0
150 195 0
103 168 0
82 186 0
112 164 0
108 180 0
121 192 0
100 137 0
76 167 0
71 203 0
126 168 0
97 151 0
83 154 0
96 168 0
89 200 0
32 204 0
166 203 0
51 190 0
121 193 0
75 155 0
81 162 0
63 167 0
88 150 0
77 178 0
47 196 0
136 190 0
124 189 0
116 206 0
86 180 0
66 169 0
65 206 0
73 198 0
111 146 0
58 176 0
129 195 0
67 196 0
75 200 0
74 156 0
140 191 0
41 200 0
91 173 0
141 201 0
122 202 0
66 191 0
105 146 0
95 151 0
106 194 0
56 174 0
166 201 0
141 174 0
106 164 0
94 158 0
110 170 0
73 163 0
37 202 0
43 206 0
75 191 0
99 139 0
146 195 0
97 192 0
64 199 0
125 203 0
109 191 0
107 146 0
38 201 0
81 193 0
32 202 0
108 145 0
102 199 0
74 166 0
111 196 0
134 182 0
127 183 0
100 143 0
66 206 0
37 200 0
81 206 0
117 159 0
116 185 0
149 189 0
68 161 0
69 206 0
112 175 0
135 200 0
67 163 0
63 171 0
87 150 0
46 196 0
134 188 0
104 141 0
92 158 0
129 169 0
79 169 0
74 175 0
116 174 0
51 198 0
68 204 0
81 176 0
88 159 0
89 161 0
142 181 0
41 193 0
85 148 0
124 194 0
144 179 0
65 172 0
94 179 0
95 183 0
61 201 0
96 174 0
125 183 0
93 180 0
105 189 0
56 186 0
95 179 0
101 179 0
43 198 0
145 196 0
81 186 0
92 179 0
93 175 0
103 145 0
147 202 0
159 206 0
66 192 0
91 182 0
150 189 0
109 175 0
33 197 0
97 168 0
80 153 0
89 147 0
80 162 0
93 194 0
142 195 0
111 154 0
109 192 0
105 198 0
89 187 0
37 206 0
135 169 0
131 187 0
108 196 0
143 185 0
62 178 0
130 192 0
147 200 0
91 204 0
74 188 0
73 169 0
89 197 0
39 200 0
150 185 0
38 199 0
131 186 0
69 167 0
58 153 0
104 159 0
67 159 0
68 178 0
151 182 0
132 190 0
119 162 0
37 194 0
87 147 0
82 162 0
85 177 0
132 194 0
152 203 0
86 147 0
65 178 0
76 154 0
76 157 0
79 155 0
123 206 0
94 196 0
159 198 0
70 189 0
72 192 0
110 205 0
119 158 0
78 165 0
121 160 0
113 192 0
91 179 0
108 179 0
112 191 0
115 187 0
71 177 0
82 181 0
152 195 0
119 193 0
129 185 0
140 202 0
68 197 0
88 193 0
84 204 0
87 175 0
69 187 0
111 165 0
111 157 0
82 203 0
72 175 0
144 187 0
42 201 0
167 205 0
121 206 0
37 204 0
143 182 0
58 198 0
39 199 0
94 153 0
90 144 0
141 180 0
95 177 0
100 197 0
72 165 0
125 204 0
164 203 0
77 206 0
90 181 0
115 159 0
68 184 0
66 179 0
128 160 0
118 151 0
148 190 0
91 180 0
132 177 0
79 203 0
155 188 0
148 181 0
79 187 0
125 167 0
132 173 0
39 186 0
117 163 0
102 161 0
57 192 0
81 175 0
86 158 0
106 174 0
54 170 0
95 157 0
87 151 0
140 182 0
90 158 0
174 205 0
78 196 0
141 203 0
162 197 0
98 158 0
102 180 0
60 190 0
106 197 0
98 142 0
77 157 0
97 179 0
119 164 0
139 182 0
122 198 0
40 184 0
78 206 0
58 196 0
57 194 0
89 194 0
103 160 0
133 199 0
95 189 0
26 205 0
130 185 0
45 187 0
79 178 0
111 160 0
83 148 0
100 179 0
120 185 0
53 205 0
78 148 0
41 195 0
69 191 0
124 174 0
167 206 0
126 195 0
129 199 0
107 206 0
95 205 0
114 201 0
92 195 0
150 201 0
39 193 0
70 166 0
101 157 0
170 202 0
102 191 0
103 158 0
29 203 0
70 190 0
152 186 0
41 184 0
101 168 0
60 173 0
82 155 0
85 153 0
91 151 0
121 182 0
138 173 0
102 184 0
99 182 0
122 156 0
161 193 0
103 202 0
146 181 0
90 167 0
57 173 0
123 168 0
84 149 0
148 198 0
125 166 0
58 197 0
154 191 0
120 194 0
92 146 0
118 156 0
160 198 0
98 159 0
125 186 0
83 155 0
95 170 0
160 205 0
106 173 0
134 172 0
96 169 0
118 158 0
101 178 0
111 167 0
97 177 0
89 165 0
94 173 0
89 157 0
109 159 0
36 204 0
88 168 0
107 160 0
94 157 0
87 152 0
154 190 0
52 201 0
71 182 0
73 199 0
75 173 0
95 187 0
80 196 0
94 150 0
119 174 0
119 180 0
96 180 0
82 206 0
73 170 0
48 195 0
113 191 0
90 200 0
50 187 0
99 200 0
93 182 0
120 181 0
139 205 0
141 185 0
67 199 0
72 200 0
56 199 0
142 189 0
93 151 0
125 175 0
43 187 0
58 205 0
158 190 0
122 199 0
120 158 0
54 202 0
121 168 0
91 174 0
120 167 0
68 185 0
125 157 0
114 176 0
57 184 0
92 182 0
145 200 0
63 188 0
80 201 0
101 160 0
106 159 0
110 200 0
104 160 0
118 184 0
91 189 0
106 186 0
120 157 0
79 154 0
122 170 0
86 170 0
71 202 0
97 169 0
89 199 0
126 169 0
86 153 0
147 191 0
145 191 0
54 187 0
99 167 0
95 165 0
92 163 0
67 169 0
140 185 0
127 200 0
136 191 0
141 183 0
118 186 0
101 176 0
100 171 0
85 188 0
84 205 0
82 169 0
133 173 0
114 153 0
108 200 0
94 191 0
117 173 0
76 183 0
91 202 0
115 155 0
102 162 0
81 189 0
120 164 0
93 204 0
96 161 0
38 205 0
40 204 0
57 191 0
94 204 0
71 199 0
74 179 0
110 163 0
119 165 0
85 172 0
75 205 0
124 155 0
115 172 0
75 156 0
118 165 0
95 190 0
58 203 0
68 175 0
72 199 0
110 165 0
121 157 0
64 159 0
137 182 0
105 160 0
96 201 0
41 197 0
158 189 0
104 156 0
106 160 0
108 193 0
124 161 0
66 159 0
118 161 0
117 186 0
86 195 0
102 150 0
103 161 0
78 153 0
93 199 0
51 196 0
42 188 0
100 204 0
85 146 0
97 143 0
117 164 0
112 198 0
120 189 0
82 160 0
79 158 0
101 165 0
92 165 0
98 165 0
86 165 0
86 206 0
98 145 0
92 155 0
134 174 0
118 201 0
97 184 0
86 157 0
52 197 0
135 203 0
69 200 0
59 191 0
76 197 0
88 174 0
88 0 0
82 161 0
159 190 0
90 201 0
88 151 0
126 172 0
38 183 0
87 206 0
75 204 0
76 161 0
206 183 0
133 182 0
146 182 0
149 177 0
93 156 0
86 193 0
148 184 0
115 152 0
116 152 0
134 179 0
68 181 0
110 167 0
97 205 0
108 167 0
89 163 0
79 182 0
70 176 0
101 188 0
105 190 0
107 191 0
120 176 0
83 173 0
117 195 0
110 189 0
65 177 0
122 192 0
43 195 0
68 203 0
122 178 0
98 174 0
119 200 0
62 197 0
108 168 0
78 145 0
117 183 0
106 169 0
108 182 0
106 162 0
125 205 0
50 202 0
107 205 0
104 166 0
59 206 0
136 206 0
103 162 0
153 186 0
73 196 0
136 202 0
158 193 0
146 177 0
110 201 0
83 191 0
86 145 0
132 180 0
99 160 0
128 159 0
118 162 0
100 165 0
105 187 0
94 161 0
108 158 0
83 168 0
140 198 0
123 160 0
113 156 0
87 172 0
141 196 0
67 192 0
86 205 0
106 201 0
80 157 0
74 200 0
157 200 0
110 162 0
42 205 0
74 171 0
82 151 0
133 186 0
40 191 0
105 158 0
88 177 0
96 156 0
103 201 0
124 176 0
77 185 0
98 182 0
85 187 0
113 182 0
87 166 0
112 165 0
63 166 0
107 167 0
117 167 0
150 181 0
91 149 0
115 184 0
104 158 0
44 197 0
106 167 0
98 149 0
106 168 0
140 186 0
85 144 0
85 171 0
102 185 0
48 200 0
71 165 0
59 153 0
146 185 0
86 184 0
87 195 0
112 150 0
123 157 0
135 191 0
135 170 0
120 152 0
84 193 0
77 160 0
51 191 0
122 176 0
65 182 0
167 203 0
152 201 0
129 204 0
63 195 0
102 166 0
139 200 0
49 181 0
169 201 0
75 206 0
88 171 0
116 183 0
60 161 0
93 161 0
107 145 0
102 173 0
83 157 0
89 203 0
83 195 0
80 199 0
95 167 0
77 162 0
85 161 0
78 197 0
88 185 0
77 156 0
128 206 0
60 172 0
115 204 0
89 170 0
95 145 0
36 182 0
144 201 0
83 160 0
115 196 0
67 164 0
151 188 0
103 167 0
102 158 0
77 175 0
155 187 0
137 198 0
155 199 0
169 204 0
145 188 0
85 199 0
71 172 0
142 184 0
77 168 0
41 189 0
95 155 0
77 195 0
83 153 0
84 145 0
147 187 0
113 183 0
72 178 0
124 180 0
59 203 0
70 185 0
75 184 0
118 196 0
43 199 0
48 206 0
145 187 0
89 152 0
116 160 0
109 168 0
99 193 0
94 180 0
133 175 0
90 160 0
108 181 0
64 185 0
114 159 0
86 146 0
61 205 0
105 168 0
110 164 0
139 201 0
113 174 0
55 180 0
37 179 0
124 166 0
105 165 0
109 203 0
60 194 0
81 180 0
96 147 0
118 181 0
59 195 0
129 167 0
115 164 0
106 163 0
91 171 0
129 203 0
120 205 0
128 201 0
111 162 0
138 196 0
71 169 0
74 192 0
48 190 0
59 154 0
117 150 0
41 203 0
138 204 0
85 174 0
55 176 0
49 204 0
146 175 0
62 195 0
85 168 0
57 181 0
53 206 0
79 165 0
86 159 0
99 206 0
84 187 0
38 203 0
44 182 0
70 180 0
155 203 0
90 203 0
128 178 0
52 178 0
116 161 0
111 149 0
137 202 0
106 142 0
100 205 0
125 181 0
61 168 0
100 176 0
77 177 0
162 204 0
70 163 0
133 166 0
95 152 0
106 150 0
115 175 0
68 173 0
69 173 0
82 185 0
77 190 0
81 192 0
37 187 0
67 166 0
70 205 0
150 182 0
90 157 0
134 183 0
99 189 0
86 149 0
131 190 0
73 206 0
85 181 0
93 170 0
126 180 0
142 180 0
103 203 0
60 201 0
109 189 0
151 201 0
70 193 0
81 166 0
93 169 0
105 179 0
107 176 0
39 201 0
141 189 0
79 163 0
137 176 0
80 195 0
81 178 0
137 187 0
72 188 0
143 178 0
103 171 0
79 186 0
114 175 0
53 182 0
91 153 0
112 145 0
90 176 0
55 153 0
57 171 0
132 191 0
110 183 0
80 167 0
157 189 0
75 193 0
69 175 0
133 206 0
82 199 0
75 192 0
65 156 0
107 197 0
107 168 0
158 198 0
115 149 0
71 206 0
93 206 0
64 206 0
102 196 0
131 162 0
131 205 0
168 204 0
149 199 0
135 183 0
98 160 0
35 199 0
53 192 0
114 203 0
153 195 0
83 152 0
104 200 0
134 185 0
94 202 0
54 206 0
68 174 0
110 155 0
84 179 0
144 205 0
37 201 0
55 185 0
96 197 0
100 175 0
136 196 0
104 196 0
70 168 0
84 153 0
103 169 0
52 192 0
69 161 0
137 174 0
141 194 0
105 194 0
103 142 0
103 190 0
144 190 0
157 205 0
93 162 0
134 201 0
79 174 0
93 150 0
130 183 0
75 166 0
118 159 0
55 192 0
99 147 0
100 193 0
80 152 0
120 202 0
92 144 0
86 199 0
121 188 0
66 163 0
67 180 0
111 189 0
126 193 0
38 200 0
63 202 0
81 184 0
157 201 0
95 180 0
66 165 0
119 205 0
83 199 0
107 169 0
144 182 0
134 194 0
172 205 0
37 199 0
108 151 0
94 171 0
136 167 0
81 161 0
112 177 0
146 197 0
124 187 0
115 178 0
105 172 0
138 202 0
85 149 0
148 179 0
86 176 0
97 203 0
85 158 0
143 203 0
100 182 0
126 176 0
109 202 0
122 173 0
155 189 0
85 203 0
108 166 0
69 182 0
132 196 0
74 205 0
69 171 0
89 146 0
54 194 0
93 141 0
84 200 0
35 183 0
115 186 0
50 204 0
144 191 0
77 182 0
57 154 0
71 160 0
105 140 0
149 203 0
123 180 0
144 189 0
62 181 0
121 189 0
110 202 0
73 197 0
115 199 0
80 184 0
141 190 0
73 184 0
104 152 0
139 190 0
117 174 0
134 197 0
145 197 0
0 127 0
79 205 0
37 182 0
60 174 0
156 190 0
88 158 0
134 169 0
131 195 0
71 173 0
133 187 0
121 195 0
117 199 0
56 178 0
144 184 0
62 203 0
94 166 0
157 195 0
93 192 0
90 179 0
154 205 0
131 179 0
132 199 0
92 157 0
70 188 0
47 184 0
68 155 0
67 171 0
146 191 0
62 196 0
70 175 0
127 195 0
40 205 0
67 168 0
35 187 0
82 204 0
94 159 0
94 192 0
114 199 0
130 186 0
66 188 0
50 188 0
109 188 0
99 155 0
135 205 0
107 170 0
96 191 0
63 197 0
164 199 0
93 152 0
121 165 0
75 185 0
93 142 0
139 187 0
160 204 0
133 176 0
131 204 0
99 178 0
79 192 0
76 165 0
116 191 0
90 199 0
153 188 0
86 151 0
97 181 0
154 198 0
103 187 0
81 204 0
88 196 0
136 182 0
95 169 0
123 170 0
96 175 0
88 183 0
154 206 0
145 183 0
65 159 0
63 157 0
58 185 0
54 181 0
141 202 0
135 197 0
106 177 0
70 196 0
126 199 0
84 148 0
104 182 0
101 169 0
81 155 0
103 186 0
114 172 0
71 200 0
143 206 0
105 201 0
110 190 0
64 178 0
79 162 0
126 202 0
107 144 0
114 188 0
77 186 0
86 203 0
88 204 0
107 165 0
80 185 0
89 189 0
61 206 0
126 187 0
148 193 0
133 197 0
48 196 0
126 163 0
145 198 0
76 163 0
92 194 0
80 181 0
142 200 0
145 185 0
97 152 0
125 199 0
88 153 0
55 203 0
84 169 0
80 161 0
132 176 0
50 184 0
103 146 0
158 206 0
107 195 0
77 180 0
114 206 0
61 195 0
41 198 0
50 206 0
122 182 0
72 173 0
93 149 0
119 203 0
109 157 0
118 194 0
62 170 0
161 196 0
126 194 0
113 159 0
95 195 0
145 193 0
137 190 0
56 190 0
74 167 0
99 195 0
87 149 0
114 158 0
112 199 0
92 150 0
77 173 0
113 189 0
135 194 0
64 194 0
80 173 0
121 200 0
94 184 0
124 173 0
89 193 0
80 204 0
132 171 0
106 204 0
96 142 0
102 171 0
76 202 0
107 164 0
66 186 0
60 155 0
100 206 0
116 184 0
144 196 0
142 190 0
160 196 0
153 206 0
135 172 0
90 154 0
92 152 0
125 163 0
128 202 0
92 145 0
35 198 0
75 179 0
130 161 0
120 166 0
67 178 0
117 192 0
103 172 0
99 154 0
150 197 0
73 171 0
59 184 0
42 191 0
141 198 0
78 199 0
126 206 0
92 189 0
95 192 0
81 173 0
87 198 0
38 202 0
120 153 0
69 166 0
151 190 0
70 172 0
79 151 0
55 204 0
72 172 0
58 189 0
78 200 0
139 206 0
27 205 0
137 179 0
115 148 0
118 204 0
90 182 0
138 182 0
121 184 0
126 158 0
111 145 0
90 162 0
89 179 0
72 202 0
152 196 0
74 204 0
45 195 0
138 200 0
125 170 0
74 176 0
130 195 0
127 184 0
87 180 0
143 175 0
142 194 0
64 169 0
98 170 0
142 204 0
61 169 0
88 160 0
143 191 0
96 206 0
60 206 0
82 205 0
40 189 0
164 195 0
65 175 0
96 171 0
94 168 0
92 186 0
56 206 0
89 169 0
109 176 0
133 196 0
95 159 0
134 170 0
84 196 0
59 157 0
119 150 0
130 201 0
198 206 0
118 168 0
128 181 0
109 164 0
110 197 0
131 206 0
69 174 0
140 206 0
128 184 0
76 195 0
111 169 0
135 174 0
149 196 0
122 203 0
108 173 0
160 203 0
105 196 0
65 174 0
72 184 0
105 182 0
103 205 0
69 172 0
206 171 0
95 198 0
101 173 0
105 163 0
39 202 0
118 198 0
84 188 0
70 174 0
104 170 0
76 162 0
101 195 0
91 197 0
111 177 0
162 205 0
88 195 0
65 193 0
60 195 0
82 158 0
77 152 0
51 185 0
68 179 0
73 168 0
65 168 0
61 199 0
160 206 0
141 173 0
34 204 0
68 196 0
72 195 0
73 156 0
37 203 0
89 151 0
142 183 0
25 205 0
72 193 0
91 177 0
123 186 0
89 178 0
122 167 0
112 185 0
138 205 0
36 185 0
53 191 0
151 198 0
104 198 0
96 150 0
54 150 0
65 165 0
75 195 0
118 152 0
47 191 0
72 179 0
151 205 0
125 161 0
116 199 0
71 196 0
65 176 0
133 198 0
105 203 0
44 184 0
31 200 0
129 188 0
160 202 0
85 185 0
82 202 0
62 185 0
50 179 0
67 165 0
113 173 0
84 155 0
148 195 0
91 195 0
40 199 0
86 144 0
66 166 0
116 200 0
152 183 0
69 176 0
46 201 0
95 173 0
118 175 0
67 167 0
80 190 0
143 190 0
61 191 0
80 194 0
129 196 0
99 204 0
123 200 0
132 169 0
87 196 0
80 174 0
115 198 0
90 150 0
40 197 0
107 153 0
92 178 0
165 203 0
91 152 0
68 200 0
48 205 0
69 179 0
67 160 0
108 163 0
113 155 0
119 206 0
110 173 0
56 195 0
130 200 0
51 182 0
107 158 0
111 168 0
72 158 0
113 202 0
123 195 0
105 170 0
85 204 0
98 200 0
82 189 0
111 186 0
127 201 0
45 186 0
75 164 0
59 159 0
81 174 0
135 201 0
124 185 0
116 162 0
124 188 0
88 178 0
98 206 0
133 179 0
74 161 0
78 203 0
32 197 0
89 196 0
75 169 0
122 195 0
126 189 0
58 201 0
81 183 0
100 190 0
37 0 0
67 184 0
85 191 0
54 191 0
155 194 0
55 154 0
82 173 0
135 187 0
143 201 0
48 191 0
83 151 0
105 197 0
96 181 0
94 149 0
75 180 0
35 186 0
149 195 0
81 196 0
122 163 0
127 170 0
128 167 0
78 158 0
154 204 0
140 196 0
206 8 0
83 146 0
117 172 0
150 186 0
137 184 0
155 198 0
117 202 0
99 184 0
135 188 0
84 184 0
52 193 0
91 169 0
130 172 0
67 177 0
56 152 0
134 181 0
114 150 0
109 182 0
123 192 0
44 183 0
124 195 0
101 202 0
100 188 0
57 189 0
142 201 0
132 204 0
151 203 0
128 174 0
74 199 0
146 193 0
155 205 0
117 198 0
66 195 0
86 148 0
67 172 0
59 196 0
136 170 0
105 173 0
124 183 0
95 185 0
80 160 0
120 175 0
90 145 0
88 148 0
103 206 0
81 203 0
55 196 0
135 198 0
145 194 0
98 157 0
110 193 0
106 165 0
125 197 0
93 168 0
81 187 0
112 197 0
119 156 0
164 205 0
31 199 0
45 183 0
58 204 0
82 177 0
82 166 0
120 151 0
82 163 0
160 194 0
54 204 0
113 157 0
144 188 0
86 198 0
87 145 0
100 151 0
157 203 0
173 205 0
80 164 0
102 143 0
164 201 0
95 204 0
101 199 0
72 160 0
90 161 0
106 187 0
49 199 0
103 164 0
73 174 0
99 166 0
130 191 0
68 206 0
68 193 0
122 153 0
101 172 0
99 172 0
52 202 0
125 196 0
94 170 0
57 201 0
55 187 0
131 193 0
125 200 0
55 206 0
96 159 0
129 176 0
69 205 0
132 206 0
164 198 0
123 183 0
94 183 0
93 154 0
77 204 0
58 184 0
103 140 0
124 170 0
74 181 0
111 201 0
119 194 0
118 167 0
62 186 0
44 195 0
113 179 0
105 181 0
117 155 0
59 173 0
132 198 0
89 149 0
101 144 0
49 183 0
85 162 0
76 198 0
102 163 0
91 148 0
99 191 0
147 194 0
79 204 0
116 147 0
57 204 0
144 176 0
127 202 0
148 196 0
137 199 0
80 159 0
82 184 0
133 169 0
116 201 0
131 174 0
111 172 0
70 160 0
116 203 0
166 205 0
166 198 0
78 198 0
94 195 0
97 196 0
117 187 0
57 188 0
63 161 0
136 193 0
92 141 0
113 205 0
77 203 0
137 181 0
120 188 0
140 190 0
83 162 0
128 205 0
44 185 0
141 187 0
73 160 0
104 167 0
93 158 0
64 197 0
88 157 0
115 193 0
123 155 0
53 188 0
206 184 0
51 199 0
100 145 0
128 169 0
60 185 0
79 198 0
70 157 0
61 181 0
163 206 0
109 152 0
121 194 0
117 205 0
116 167 0
130 187 0
156 206 0
64 202 0
64 191 0
99 203 0
88 194 0
81 197 0
103 144 0
81 194 0
120 200 0
149 190 0
150 196 0
151 184 0
132 178 0
65 164 0
66 170 0
74 183 0
107 173 0
127 185 0
52 203 0
108 197 0
130 205 0
128 186 0
82 0 0
73 157 0
63 178 0
146 203 0
42 198 0
98 144 0
69 165 0
38 188 0
81 151 0
104 147 0
109 151 0
95 163 0
48 186 0
98 143 0
127 178 0
55 150 0
145 189 0
97 161 0
96 154 0
99 187 0
143 194 0
142 187 0
110 176 0
124 193 0
102 187 0
108 198 0
136 175 0
143 200 0
115 180 0
51 206 0
108 199 0
126 200 0
113 178 0
113 169 0
101 166 0
98 179 0
67 198 0
57 175 0
164 202 0
78 183 0
87 188 0
90 206 0
98 204 0
101 190 0
107 194 0
119 201 0
115 166 0
100 192 0
117 194 0
80 197 0
97 159 0
57 205 0
107 186 0
60 175 0
118 150 0
110 148 0
127 165 0
154 200 0
129 206 0
138 180 0
115 182 0
97 173 0
132 197 0
82 175 0
104 144 0
146 206 0
28 202 0
149 181 0
125 173 0
91 176 0
145 184 0
87 156 0
49 201 0
126 173 0
80 182 0
101 143 0
81 200 0
102 160 0
123 182 0
74 173 0
115 190 0
100 186 0
74 160 0
115 202 0
86 191 0
77 189 0
106 148 0
98 193 0
45 184 0
86 200 0
103 170 0
79 196 0
103 166 0
62 173 0
77 172 0
48 203 0
51 203 0
46 184 0
73 180 0
59 164 0
110 152 0
68 176 0
103 200 0
84 175 0
65 163 0
90 190 0
43 204 0
206 56 0
129 166 0
68 172 0
84 206 0
117 165 0
126 190 0
130 175 0
72 206 0
85 164 0
68 166 0
55 151 0
44 198 0
80 202 0
115 192 0
139 174 0
138 181 0
96 149 0
64 163 0
47 182 0
160 197 0
109 190 0
170 203 0
60 176 0
108 172 0
118 163 0
58 155 0
119 152 0
84 152 0
77 164 0
56 155 0
75 196 0
95 160 0
78 181 0
87 201 0
96 200 0
119 171 0
37 181 0
123 193 0
133 177 0
99 186 0
118 157 0
150 206 0
119 172 0
56 150 0
146 187 0
69 170 0
78 169 0
152 197 0
88 154 0
125 202 0
112 174 0
144 206 0
67 194 0
79 164 0
117 188 0
79 206 0
101 161 0
82 179 0
40 182 0
120 203 0
141 204 0
62 183 0
90 156 0
123 204 0
76 178 0
77 191 0
77 188 0
90 196 0
61 174 0
114 192 0
74 189 0
94 151 0
86 181 0
67 188 0
119 181 0
70 191 0
67 173 0
59 171 0
91 206 0
53 184 0
90 197 0
115 154 0
75 197 0
93 160 0
54 205 0
122 157 0
89 156 0
82 190 0
76 186 0
100 180 0
78 176 0
56 182 0
70 201 0
169 202 0
124 199 0
94 181 0
59 194 0
101 159 0
150 0 0
96 140 0
72 189 0
90 153 0
87 159 0
62 153 0
75 172 0
83 161 0
134 167 0
55 205 0
95 143 0
139 192 0
126 205 0
110 181 0
71 168 0
76 196 0
73 159 0
157 196 0
80 156 0
33 196 0
74 172 0
121 156 0
82 156 0
87 186 0
103 179 0
99 150 0
52 205 0
72 171 0
148 192 0
66 190 0
109 201 0
99 199 0
119 154 0
106 195 0
62 167 0
0 135 0
116 149 0
122 201 0
139 178 0
97 156 0
132 181 0
108 174 0
98 156 0
145 203 0
114 182 0
58 178 0
128 195 0
118 166 0
127 205 0
58 181 0
119 179 0
82 171 0
36 203 0
106 205 0
125 180 0
86 166 0
114 147 0
105 149 0
98 196 0
87 173 0
57 153 0
94 155 0
34 187 0
100 153 0
72 183 0
83 206 0
67 175 0
130 168 0
147 199 0
41 183 0
126 171 0
74 157 0
100 164 0
128 171 0
133 178 0
131 177 0
117 191 0
58 157 0
119 163 0
109 144 0
108 153 0
123 205 0
144 185 0
33 204 0
73 158 0
84 181 0
75 154 0
79 199 0
75 202 0
77 200 0
143 183 0
140 197 0
77 155 0
134 177 0
50 197 0
47 199 0
98 185 0
95 162 0
121 202 0
66 205 0
107 201 0
69 183 0
89 174 0
78 157 0
60 186 0
120 178 0
80 175 0
136 185 0
135 202 0
92 206 0
85 180 0
140 189 0
119 157 0
83 150 0
160 199 0
142 178 0
81 154 0
48 187 0
80 151 0
162 199 0
43 202 0
130 165 0
109 187 0
67 201 0
83 165 0
76 194 0
115 146 0
74 184 0
88 184 0
113 206 0
89 181 0
78 194 0
65 166 0
85 206 0
128 199 0
164 197 0
120 156 0
66 176 0
140 194 0
104 143 0
104 181 0
87 202 0
131 196 0
58 169 0
39 181 0
125 159 0
68 183 0
92 154 0
87 148 0
146 201 0
145 204 0
99 159 0
81 201 0
117 185 0
98 192 0
115 191 0
105 199 0
94 177 0
114 191 0
60 154 0
46 192 0
101 149 0
97 206 0
108 189 0
91 157 0
73 167 0
165 205 0
100 147 0
156 194 0
130 174 0
95 193 0
139 181 0
163 204 0
115 165 0
95 171 0
119 186 0
90 172 0
99 202 0
119 204 0
57 206 0
97 155 0
63 170 0
76 191 0
118 190 0
63 168 0
106 190 0
48 201 0
117 190 0
71 171 0
101 174 0
150 192 0
72 170 0
138 206 0
131 194 0
117 151 0
103 193 0
115 205 0
81 168 0
79 171 0
119 184 0
169 203 0
131 200 0
130 173 0
94 198 0
116 163 0
120 163 0
69 163 0
93 197 0
94 143 0
78 193 0
139 202 0
89 141 0
159 204 0
69 160 0
57 180 0
108 164 0
165 197 0
113 148 0
138 191 0
75 201 0
133 194 0
122 158 0
139 193 0
123 166 0
75 183 0
143 204 0
71 174 0
173 206 0
102 167 0
145 192 0
75 175 0
83 186 0
96 158 0
75 168 0
106 146 0
89 177 0
150 204 0
100 150 0
39 188 0
102 193 0
141 177 0
126 162 0
134 204 0
73 195 0
120 174 0
147 175 0
142 191 0
80 183 0
158 196 0
73 173 0
94 206 0
153 197 0
128 177 0
84 202 0
71 175 0
149 204 0
56 202 0
119 153 0
105 147 0
129 175 0
98 203 0
79 176 0
84 154 0
120 195 0
105 185 0
60 189 0
58 191 0
106 143 0
124 198 0
131 176 0
62 194 0
57 155 0
100 160 0
152 198 0
67 179 0
65 203 0
91 154 0
116 204 0
84 173 0
120 192 0
80 203 0
101 205 0
118 176 0
115 157 0
70 173 0
47 192 0
91 172 0
74 168 0
98 178 0
79 194 0
84 176 0
63 204 0
100 138 0
117 153 0
113 162 0
129 190 0
86 194 0
74 164 0
69 158 0
106 147 0
78 161 0
143 205 0
91 190 0
114 157 0
144 204 0
106 144 0
95 202 0
136 169 0
129 186 0
109 180 0
114 160 0
82 180 0
104 191 0
148 202 0
126 170 0
61 204 0
174 206 0
108 184 0
46 189 0
79 159 0
121 162 0
110 166 0
86 161 0
107 193 0
137 196 0
73 203 0
135 173 0
83 198 0
122 197 0
57 179 0
78 170 0
136 203 0
109 179 0
95 206 0
104 205 0
72 168 0
87 170 0
94 199 0
124 169 0
135 175 0
133 181 0
109 181 0
57 198 0
93 185 0
122 206 0
133 171 0
115 181 0
47 188 0
84 182 0
60 170 0
66 181 0
64 173 0
86 160 0
49 190 0
92 175 0
111 164 0
126 185 0
122 200 0
163 194 0
121 185 0
114 156 0
81 177 0
71 159 0
39 185 0
120 206 0
156 200 0
81 179 0
78 178 0
144 195 0
83 167 0
139 196 0
138 192 0
134 198 0
127 188 0
63 182 0
63 181 0
100 183 0
77 170 0
155 197 0
69 190 0
137 193 0
73 190 0
69 157 0
115 206 0
125 185 0
117 181 0
67 161 0
153 190 0
39 204 0
116 190 0
72 190 0
94 187 0
130 198 0
83 178 0
86 204 0
165 206 0
156 198 0
80 188 0
63 196 0
114 181 0
113 198 0
78 182 0
126 198 0
97 201 0
130 177 0
82 172 0
145 201 0
50 186 0
150 203 0
110 198 0
85 190 0
44 192 0
79 190 0
64 170 0
136 166 0
108 175 0
96 139 0
147 186 0
133 201 0
54 203 0
206 103 0
170 206 0
113 195 0
60 203 0
59 185 0
94 140 0
90 152 0
40 202 0
83 192 0
62 177 0
93 140 0
129 180 0
50 199 0
60 200 0
74 201 0
91 193 0
74 197 0
50 183 0
145 199 0
135 190 0
109 184 0
58 195 0
156 188 0
142 199 0
137 195 0
107 159 0
136 194 0
56 203 0
57 178 0
95 161 0
125 177 0
171 204 0
68 177 0
117 196 0
117 152 0
107 178 0
94 160 0
106 171 0
72 176 0
112 168 0
137 194 0
40 196 0
65 204 0
47 190 0
114 189 0
92 160 0
149 186 0
122 179 0
171 205 0
153 201 0
118 199 0
156 193 0
206 128 0
34 197 0
56 205 0
165 201 0
107 142 0
76 179 0
114 148 0
84 157 0
38 206 0
161 199 0
116 176 0
46 206 0
100 191 0
78 173 0
89 175 0
93 146 0
98 199 0
101 162 0
65 183 0
110 151 0
141 191 0
77 161 0
93 159 0
67 205 0
140 204 0
86 186 0
59 204 0
120 162 0
97 193 0
79 157 0
67 174 0
134 193 0
80 187 0
50 181 0
125 154 0
66 173 0
112 176 0
59 172 0
85 166 0
115 189 0
42 184 0
94 145 0
93 202 0
89 167 0
77 167 0
144 177 0
146 196 0
30 201 0
94 203 0
76 160 0
113 158 0
71 189 0
143 193 0
116 150 0
78 159 0
108 147 0
163 205 0
98 164 0
64 203 0
91 200 0
89 160 0
58 175 0
131 192 0
141 197 0
53 180 0
140 183 0
69 180 0
104 203 0
98 172 0
43 183 0
72 185 0
67 181 0
144 193 0
150 193 0
127 191 0
72 159 0
142 193 0
97 163 0
111 183 0
106 161 0
128 163 0
61 170 0
113 199 0
156 197 0
68 168 0
71 183 0
95 175 0
87 160 0
115 163 0
62 175 0
128 197 0
80 158 0
98 195 0
150 179 0
66 182 0
116 177 0
118 155 0
86 175 0
97 183 0
94 164 0
100 141 0
61 200 0
108 149 0
92 161 0
104 164 0
145 202 0
88 201 0
71 179 0
45 200 0
80 186 0
75 159 0
150 199 0
88 144 0
52 198 0
127 206 0
121 173 0
66 160 0
76 190 0
50 182 0
86 189 0
81 172 0
110 180 0
94 174 0
109 194 0
117 160 0
76 164 0
60 184 0
101 197 0
166 197 0
68 182 0
34 205 0
81 190 0
41 194 0
106 206 0
149 188 0
76 168 0
103 150 0
64 162 0
79 153 0
104 140 0
110 149 0
59 155 0
80 205 0
131 175 0
30 204 0
75 161 0
116 181 0
110 161 0
143 189 0
153 185 0
73 166 0
111 179 0
115 201 0
74 177 0
137 169 0
138 193 0
155 196 0
95 176 0
93 155 0
58 190 0
141 184 0
85 200 0
91 158 0
87 191 0
38 182 0
138 186 0
86 168 0
159 193 0
70 162 0
111 163 0
135 179 0
104 188 0
160 201 0
71 205 0
57 170 0
77 176 0
125 156 0
108 192 0
69 195 0
80 169 0
66 178 0
87 164 0
97 153 0
94 169 0
100 201 0
72 198 0
141 200 0
80 166 0
88 206 0
94 144 0
94 205 0
129 171 0
109 197 0
114 190 0
119 185 0
60 187 0
79 150 0
70 164 0
57 152 0
142 186 0
109 206 0
63 173 0
92 196 0
124 201 0
145 181 0
105 164 0
72 191 0
122 169 0
72 196 0
87 168 0
115 177 0
127 180 0
118 177 0
95 156 0
120 168 0
86 167 0
51 180 0
108 165 0
73 201 0
124 197 0
148 177 0
150 191 0
90 202 0
110 146 0
136 201 0
116 146 0
96 157 0
95 149 0
89 182 0
112 169 0
112 159 0
158 199 0
49 182 0
83 201 0
49 191 0
90 184 0
55 199 0
89 159 0
76 201 0
114 155 0
77 153 0
79 202 0
71 157 0
135 196 0
0 157 0
111 147 0
64 177 0
96 163 0
81 199 0
110 177 0
116 169 0
69 155 0
141 192 0
121 167 0
84 158 0
146 184 0
76 155 0
141 181 0
135 206 0
82 170 0
149 206 0
117 206 0
60 177 0
144 197 0
95 154 0
94 162 0
125 171 0
140 176 0
113 175 0
110 194 0
83 158 0
117 178 0
86 201 0
156 202 0
69 168 0
112 182 0
130 190 0
63 160 0
98 146 0
116 178 0
104 202 0
156 205 0
88 155 0
104 151 0
121 204 0
120 155 0
118 197 0
81 188 0
131 189 0
110 172 0
40 194 0
81 156 0
102 205 0
140 187 0
109 170 0
114 180 0
132 164 0
128 188 0
101 192 0
103 204 0
131 178 0
95 141 0
85 163 0
103 182 0
66 201 0
53 204 0
111 197 0
104 178 0
147 195 0
128 196 0
99 148 0
160 193 0
83 187 0
103 157 0
113 149 0
48 184 0
138 199 0
125 192 0
81 181 0
96 202 0
38 196 0
122 166 0
166 200 0
107 154 0
38 186 0
119 177 0
87 192 0
79 161 0
145 190 0
69 177 0
81 165 0
96 173 0
70 194 0
158 192 0
95 150 0
136 189 0
60 199 0
50 180 0
86 156 0
64 166 0
103 148 0
128 172 0
148 203 0
99 162 0
144 178 0
95 137 0
148 205 0
122 168 0
163 197 0
56 153 0
44 204 0
108 202 0
152 199 0
58 188 0
142 188 0
106 180 0
120 190 0
130 193 0
87 204 0
73 165 0
119 160 0
76 156 0
114 162 0
111 185 0
89 162 0
79 185 0
93 187 0
141 186 0
83 171 0
91 161 0
87 183 0
93 167 0
87 200 0
107 175 0
92 191 0
129 164 0
63 169 0
95 168 0
124 158 0
111 159 0
93 205 0
83 184 0
131 167 0
98 191 0
157 192 0
112 196 0
94 167 0
107 157 0
37 186 0
99 190 0
60 178 0
106 157 0
90 171 0
121 152 0
116 166 0
141 195 0
42 190 0
67 197 0
62 192 0
99 158 0
88 167 0
140 175 0
63 191 0
116 180 0
84 203 0
129 184 0
103 197 0
117 161 0
110 178 0
44 202 0
101 148 0
131 183 0
136 183 0
122 171 0
128 204 0
144 175 0
98 190 0
51 201 0
76 171 0
124 164 0
126 203 0
60 197 0
119 187 0
119 196 0
144 192 0
139 195 0
138 170 0
88 170 0
64 190 0
86 187 0
93 200 0
76 187 0
121 170 0
135 199 0
47 189 0
152 206 0
47 204 0
80 154 0
139 175 0
102 177 0
141 176 0
141 179 0
137 171 0
140 178 0
138 183 0
138 174 0
97 178 0
70 161 0
156 203 0
71 164 0
129 173 0
132 166 0
127 197 0
78 160 0
144 202 0
115 173 0
98 154 0
84 161 0
128 192 0
154 203 0
38 198 0
111 191 0
75 189 0
117 149 0
63 183 0
90 163 0
122 190 0
105 141 0
93 163 0
90 146 0
112 162 0
39 196 0
92 171 0
49 186 0
91 199 0
126 188 0
97 202 0
109 149 0
125 187 0
107 150 0
134 165 0
125 160 0
44 189 0
93 196 0
68 187 0
132 183 0
97 145 0
75 194 0
104 177 0
123 196 0
102 175 0
68 195 0
92 200 0
107 203 0
136 184 0
106 178 0
63 184 0
42 202 0
62 193 0
66 164 0
136 197 0
121 163 0
68 167 0
140 192 0
126 175 0
101 156 0
59 202 0
127 190 0
143 192 0
60 198 0
117 189 0
119 192 0
108 155 0
107 204 0
135 204 0
110 185 0
54 153 0
88 192 0
94 142 0
107 185 0
93 203 0
56 185 0
116 198 0
154 201 0
134 186 0
148 182 0
92 173 0
121 158 0
138 175 0
43 205 0
147 203 0
127 172 0
139 176 0
136 172 0
56 181 0
73 185 0
102 200 0
71 161 0
98 162 0
107 179 0
106 156 0
126 174 0
163 202 0
113 197 0
78 186 0
95 182 0
106 200 0
99 205 0
139 172 0
118 171 0
87 194 0
117 170 0
97 147 0
65 191 0
31 204 0
92 162 0
42 199 0
115 171 0
95 186 0
79 181 0
91 146 0
130 170 0
66 171 0
89 195 0
91 145 0
97 204 0
91 168 0
58 171 0
62 204 0
66 177 0
78 164 0
92 169 0
52 177 0
135 193 0
154 192 0
146 190 0
125 198 0
91 165 0
95 144 0
113 153 0
112 154 0
109 150 0
116 193 0
32 203 0
39 190 0
79 160 0
111 176 0
129 182 0
129 183 0
61 186 0
121 177 0
66 199 0
100 152 0
118 183 0
28 204 0
139 183 0
128 200 0
71 193 0
142 196 0
37 197 0
63 176 0
133 205 0
27 202 0
144 180 0
36 202 0
96 152 0
73 200 0
119 183 0
106 172 0
93 193 0
135 168 0
120 154 0
73 177 0
86 179 0
93 178 0
102 145 0
147 201 0
131 180 0
135 189 0
152 202 0
136 171 0
108 169 0
137 172 0
138 189 0
78 168 0
116 172 0
104 146 0
80 206 0
66 189 0
135 171 0
132 167 0
117 169 0
55 182 0
87 165 0
118 170 0
125 176 0
112 181 0
83 182 0
133 195 0
97 182 0
83 203 0
48 181 0
89 155 0
88 203 0
72 163 0
52 190 0
150 184 0
100 196 0
110 204 0
82 183 0
72 197 0
92 167 0
49 185 0
118 202 0
121 169 0
65 153 0
131 172 0
107 151 0
143 181 0
96 184 0
37 192 0
63 192 0
108 204 0
90 170 0
123 173 0
125 201 0
96 167 0
57 203 0
131 181 0
68 164 0
64 188 0
64 186 0
69 192 0
109 154 0
88 198 0
120 171 0
93 144 0
139 185 0
122 186 0
135 184 0
135 185 0
110 153 0
94 165 0
88 169 0
42 193 0
149 205 0
151 194 0
142 198 0
58 194 0
161 205 0
146 178 0
51 205 0
101 189 0
142 206 0
85 197 0
89 145 0
68 192 0
73 187 0
123 162 0
146 192 0
139 177 0
137 185 0
76 199 0
83 149 0
107 166 0
114 194 0
152 205 0
78 152 0
100 146 0
76 206 0
86 178 0
142 202 0
50 205 0
111 206 0
114 200 0
59 193 0
136 173 0
36 194 0
111 180 0
130 166 0
130 163 0
72 194 0
128 166 0
36 196 0
28 205 0
79 180 0
49 184 0
49 187 0
89 184 0
94 146 0
109 145 0
106 183 0
110 159 0
79 152 0
155 195 0
74 178 0
98 175 0
98 138 0
92 147 0
114 161 0
119 197 0
151 185 0
132 185 0
99 180 0
91 205 0
90 174 0
144 181 0
40 192 0
95 158 0
72 162 0
50 178 0
108 188 0
115 162 0
130 169 0
78 151 0
131 170 0
56 176 0
62 187 0
106 179 0
155 191 0
101 140 0
64 183 0
135 182 0
134 180 0
138 185 0
67 158 0
151 195 0
53 195 0
102 170 0
129 189 0
147 181 0
97 199 0
75 165 0
96 172 0
131 198 0
102 168 0
80 172 0
89 202 0
33 205 0
92 185 0
57 196 0
78 185 0
110 174 0
35 204 0
46 188 0
107 184 0
99 176 0
114 166 0
109 204 0
108 201 0
92 166 0
112 206 0
93 189 0
94 154 0
115 188 0
61 202 0
131 166 0
66 203 0
88 186 0
56 154 0
131 165 0
67 202 0
46 186 0
132 202 0
72 157 0
133 185 0
61 203 0
130 184 0
114 154 0
112 184 0
50 190 0
79 175 0
112 201 0
52 191 0
111 181 0
108 171 0
61 183 0
47 187 0
91 187 0
66 162 0
100 148 0
66 200 0
95 174 0
68 162 0
66 197 0
88 149 0
134 168 0
58 206 0
128 175 0
138 176 0
125 162 0
125 178 0
148 178 0
141 182 0
116 157 0
132 170 0
115 168 0
96 190 0
60 181 0
147 183 0
93 173 0
114 193 0
59 183 0
96 188 0
136 168 0
105 204 0
99 185 0
144 174 0
56 175 0
100 184 0
54 195 0
137 201 0
118 193 0
83 181 0
76 166 0
102 190 0
27 203 0
59 198 0
103 181 0
107 182 0
140 188 0
151 200 0
58 192 0
75 158 0
90 178 0
97 188 0
96 146 0
73 202 0
133 167 0
83 189 0
72 169 0
110 171 0
91 201 0
34 184 0
98 176 0
65 198 0
159 194 0
76 180 0
30 205 0
114 170 0
109 171 0
92 142 0
148 200 0
81 198 0
114 174 0
85 201 0
148 180 0
55 195 0
64 195 0
64 184 0
137 170 0
135 186 0
51 187 0
127 154 0
163 200 0
82 200 0
68 171 0
121 164 0
121 171 0
78 171 0
61 189 0
64 165 0
64 167 0
158 201 0
121 166 0
51 181 0
45 199 0
93 147 0
90 148 0
82 153 0
85 165 0
97 171 0
82 187 0
140 180 0
113 167 0
125 190 0
103 141 0
125 191 0
69 188 0
99 152 0
80 165 0
89 172 0
110 191 0
76 203 0
118 169 0
102 149 0
114 167 0
124 167 0
43 192 0
61 197 0
121 205 0
58 179 0
137 204 0
59 181 0
47 205 0
123 201 0
44 188 0
54 177 0
133 191 0
50 203 0
132 187 0
97 189 0
67 206 0
126 166 0
96 183 0
73 186 0
129 192 0
68 188 0
105 177 0
127 196 0
103 184 0
55 202 0
154 185 0
44 199 0
140 201 0
132 179 0
45 188 0
99 164 0
127 162 0
99 142 0
129 202 0
55 197 0
64 182 0
79 200 0
99 156 0
155 201 0
100 156 0
100 187 0
86 182 0
87 143 0
46 195 0
59 188 0
83 183 0
110 145 0
107 162 0
108 190 0
81 157 0
57 176 0
39 197 0
83 200 0
92 192 0
79 201 0
77 199 0
106 151 0
69 204 0
150 188 0
120 182 0
81 152 0
70 195 0
132 195 0
146 199 0
64 180 0
85 193 0
135 178 0
84 180 0
53 196 0
151 199 0
130 197 0
49 193 0
57 174 0
135 180 0
39 189 0
118 205 0
154 196 0
64 168 0
122 174 0
0 75 0
143 174 0
147 193 0
127 181 0
105 144 0
123 172 0
135 166 0
84 172 0
113 154 0
81 169 0
78 156 0
79 195 0
76 158 0
74 193 0
127 173 0
121 175 0
115 167 0
95 166 0
119 168 0
73 188 0
43 193 0
37 183 0
58 177 0
123 202 0
98 186 0
85 195 0
124 206 0
119 202 0
58 172 0
89 153 0
36 200 0
60 183 0
32 205 0
100 149 0
76 159 0
52 179 0
113 188 0
90 165 0
97 165 0
66 180 0
108 152 0
109 198 0
126 191 0
97 197 0
53 179 0
119 188 0
99 149 0
101 164 0
54 197 0
111 153 0
68 170 0
114 184 0
106 192 0
82 152 0
46 194 0
69 164 0
125 194 0
150 183 0
154 188 0
143 186 0
39 183 0
52 196 0
62 180 0
148 197 0
52 180 0
102 197 0
123 171 0
112 178 0
63 164 0
49 194 0
105 155 0
36 199 0
138 203 0
36 205 0
93 198 0
89 204 0
34 206 0
147 205 0
63 186 0
105 162 0
35 205 0
129 170 0
88 176 0
116 196 0
92 201 0
86 185 0
60 191 0
84 177 0
75 171 0
85 175 0
39 205 0
121 155 0
170 205 0
100 178 0
100 170 0
129 174 0
140 199 0
147 182 0
99 144 0
142 176 0
136 179 0
42 189 0
133 193 0
68 165 0
146 180 0
111 199 0
147 180 0
62 205 0
91 155 0
94 182 0
64 174 0
65 184 0
103 178 0
64 171 0
135 176 0
47 185 0
56 173 0
71 170 0
83 194 0
70 170 0
120 172 0
92 148 0
81 170 0
86 152 0
80 155 0
90 185 0
91 181 0
87 167 0
83 166 0
121 183 0
86 172 0
84 167 0
47 186 0
115 197 0
140 195 0
125 188 0
106 202 0
88 190 0
59 169 0
89 150 0
51 202 0
57 177 0
36 186 0
48 185 0
88 152 0
98 148 0
107 181 0
142 197 0
98 168 0
96 164 0
54 171 0
40 193 0
126 160 0
96 166 0
47 194 0
154 194 0
75 145 0
96 143 0
96 185 0
130 178 0
99 135 0
103 165 0
83 188 0
70 197 0
54 198 0
31 198 0
101 206 0
105 150 0
50 196 0
56 192 0
42 204 0
56 184 0
151 206 0
156 201 0
64 198 0
101 177 0
106 181 0
50 193 0
102 172 0
53 200 0
44 191 0
168 205 0
106 175 0
101 184 0
37 205 0
76 177 0
91 188 0
154 193 0
87 154 0
62 206 0
59 156 0
112 152 0
159 200 0
73 175 0
52 184 0
107 161 0
114 198 0
41 199 0
151 193 0
117 201 0
74 203 0
114 187 0
103 176 0
113 164 0
116 189 0
126 178 0
140 177 0
67 189 0
130 206 0
145 179 0
95 197 0
143 176 0
53 177 0
91 192 0
97 158 0
65 167 0
132 200 0
84 160 0
65 169 0
124 181 0
56 191 0
80 191 0
110 206 0
114 151 0
52 204 0
73 172 0
83 170 0
138 179 0
72 177 0
60 202 0
93 181 0
84 197 0
88 166 0
141 205 0
143 199 0
83 169 0
58 173 0
113 190 0
79 168 0
74 187 0
112 166 0
102 151 0
164 206 0
115 161 0
57 172 0
72 205 0
70 179 0
54 192 0
66 187 0
90 143 0
52 199 0
71 190 0
51 197 0
68 180 0
42 182 0
56 180 0
51 193 0
56 201 0
146 186 0
54 174 0
95 172 0
56 183 0
139 199 0
12 206 0
111 161 0
75 176 0
169 205 0
101 185 0
78 175 0
62 190 0
85 170 0
88 187 0
85 194 0
81 205 0
90 168 0
45 201 0
42 192 0
110 154 0
88 191 0
111 190 0
89 180 0
74 196 0
84 174 0
49 206 0
69 185 0
131 197 0
127 198 0
61 172 0
134 206 0
145 178 0
66 167 0
60 153 0
46 199 0
76 174 0
62 156 0
44 203 0
167 200 0
84 150 0
28 201 0
102 201 0
82 154 0
77 201 0
88 173 0
30 197 0
153 196 0
58 174 0
65 170 0
72 161 0
69 193 0
108 157 0
87 169 0
73 192 0
107 187 0
117 156 0
150 200 0
84 163 0
123 198 0
116 156 0
157 190 0
99 183 0
98 151 0
104 197 0
68 189 0
82 176 0
81 167 0
144 198 0
61 179 0
62 182 0
113 168 0
148 185 0
122 193 0
98 201 0
58 170 0
87 146 0
151 196 0
91 143 0
91 166 0
122 185 0
162 202 0
89 166 0
154 189 0
78 201 0
97 170 0
90 164 0
115 174 0
158 205 0
91 144 0
91 185 0
137 203 0
54 196 0
104 183 0
74 198 0
82 198 0
42 195 0
39 194 0
37 196 0
148 183 0
109 165 0
34 202 0
128 176 0
53 199 0
58 180 0
56 189 0
167 199 0
30 202 0
88 179 0
129 205 0
127 204 0
153 192 0
98 161 0
140 181 0
89 154 0
69 199 0
140 203 0
132 193 0
91 198 0
90 205 0
47 193 0
88 180 0
93 164 0
143 184 0
92 183 0
83 185 0
93 188 0
137 188 0
84 166 0
129 197 0
87 199 0
114 185 0
65 199 0
62 188 0
69 169 0
68 158 0
114 165 0
69 181 0
120 180 0
78 187 0
138 172 0
112 151 0
104 201 0
139 173 0
141 175 0
109 174 0
137 197 0
130 180 0
152 191 0
91 162 0
60 179 0
69 178 0
116 158 0
84 168 0
85 155 0
87 155 0
59 199 0
108 156 0
132 184 0
86 190 0
124 204 0
104 161 0
119 175 0
81 164 0
121 181 0
37 198 0
109 147 0
102 164 0
109 169 0
70 178 0
77 163 0
91 164 0
95 199 0
79 179 0
43 188 0
43 201 0
102 165 0
45 185 0
151 197 0
141 199 0
41 201 0
148 191 0
98 136 0
54 188 0
164 204 0
74 151 0
105 200 0
102 176 0
131 199 0
51 194 0
53 193 0
61 185 0
84 147 0
144 199 0
143 198 0
61 184 0
99 197 0
143 202 0
165 204 0
51 188 0
85 198 0
53 181 0
103 173 0
92 164 0
88 161 0
136 205 0
132 205 0
104 185 0
81 149 0
125 193 0
112 179 0
137 192 0
139 188 0
73 204 0
127 179 0
64 201 0
157 197 0
49 200 0
131 182 0
114 152 0
130 181 0
93 145 0
99 173 0
125 179 0
137 186 0
89 190 0
92 198 0
69 162 0
143 179 0
85 157 0
75 174 0
123 176 0
95 142 0
66 184 0
119 170 0
110 143 0
167 202 0
53 203 0
145 205 0
127 174 0
131 164 0
124 202 0
66 193 0
120 184 0
149 183 0
110 147 0
108 185 0
64 181 0
149 192 0
88 164 0
41 204 0
116 197 0
43 200 0
87 171 0
86 171 0
67 182 0
84 162 0
43 196 0
128 164 0
124 182 0
99 141 0
74 170 0
127 192 0
127 159 0
76 175 0
63 203 0
123 203 0
112 194 0
84 171 0
80 193 0
113 170 0
168 200 0
45 190 0
95 203 0
84 164 0
130 194 0
85 151 0
161 195 0
128 179 0
140 173 0
100 144 0
124 171 0
121 176 0
50 198 0
124 205 0
147 192 0
90 155 0
112 204 0
107 171 0
60 167 0
131 184 0
55 175 0
90 147 0
127 171 0
153 191 0
93 153 0
139 189 0
155 200 0
106 191 0
55 198 0
148 199 0
70 206 0
107 196 0
97 154 0
107 188 0
118 149 0
60 164 0
136 181 0
163 203 0
63 205 0
127 187 0
110 195 0
126 204 0
124 178 0
149 180 0
120 179 0
80 180 0
95 153 0
68 202 0
92 177 0
41 202 0
109 163 0
68 190 0
85 179 0
129 198 0
141 206 0
108 160 0
91 170 0
69 186 0
165 196 0
145 182 0
128 173 0
114 171 0
121 196 0
44 194 0
156 192 0
69 201 0
123 185 0
71 180 0
100 154 0
89 188 0
110 203 0
94 156 0
38 184 0
107 202 0
65 181 0
68 194 0
94 186 0
94 197 0
100 136 0
126 183 0
59 205 0
65 202 0
139 197 0
93 165 0
61 178 0
123 163 0
101 155 0
44 205 0
85 189 0
79 191 0
113 181 0
47 203 0
83 156 0
72 182 0
76 192 0
63 194 0
96 170 0
77 171 0
73 182 0
108 187 0
75 182 0
124 157 0
125 168 0
123 191 0
31 205 0
82 182 0
143 187 0
62 179 0
123 184 0
122 181 0
92 143 0
101 142 0
100 195 0
86 177 0
85 150 0
137 191 0
98 173 0
84 201 0
113 163 0
99 163 0
78 155 0
110 169 0
78 205 0
97 187 0
71 178 0
77 187 0
74 186 0
76 185 0
50 191 0
132 192 0
37 184 0
108 203 0
103 180 0
121 201 0
97 166 0
168 203 0
102 146 0
102 194 0
118 189 0
129 172 0
149 194 0
141 178 0
81 158 0
102 182 0
111 203 0
130 196 0
88 156 0
97 160 0
87 185 0
98 177 0
102 186 0
93 177 0
96 192 0
59 179 0
125 164 0
87 190 0
117 176 0
123 164 0
148 189 0
81 195 0
43 194 0
72 167 0
83 179 0
116 188 0
53 176 0
135 192 0
74 182 0
46 197 0
108 170 0
125 184 0
98 152 0
96 205 0
116 195 0
123 181 0
85 173 0
40 198 0
93 174 0
45 194 0
86 183 0
82 188 0
91 183 0
74 158 0
84 183 0
105 195 0
66 204 0
102 178 0
72 201 0
132 186 0
106 182 0
95 188 0
85 186 0
96 179 0
78 174 0
128 194 0
49 197 0
102 154 0
122 160 0
42 194 0
121 190 0
78 179 0
106 189 0
88 175 0
69 203 0
116 194 0
127 182 0
77 193 0
149 197 0
85 182 0
63 187 0
82 145 0
113 204 0
82 148 0
126 167 0
61 175 0
39 195 0
162 194 0
94 137 0
76 173 0
112 202 0
111 152 0
45 202 0
86 173 0
157 202 0
154 195 0
68 163 0
107 174 0
112 155 0
124 186 0
154 186 0
149 193 0
114 146 0
113 201 0
137 183 0
126 184 0
94 200 0
84 189 0
78 166 0
77 183 0
76 184 0
75 160 0
105 180 0
44 187 0
139 194 0
55 186 0
53 186 0
83 164 0
104 142 0
43 189 0
129 165 0
131 163 0
104 186 0
130 199 0
117 179 0
152 193 0
117 197 0
76 153 0
103 196 0
117 175 0
82 165 0
68 186 0
117 203 0
101 163 0
80 177 0
142 205 0
85 152 0
94 190 0
87 179 0
83 176 0
45 205 0
95 164 0
86 155 0
112 205 0
115 194 0
48 202 0
135 181 0
122 205 0
75 157 0
113 171 0
123 188 0
121 203 0
160 200 0
113 172 0
102 195 0
109 178 0
71 195 0
133 184 0
91 156 0
104 154 0
102 155 0
117 177 0
48 199 0
115 151 0
74 185 0
67 190 0
74 191 0
97 167 0
42 197 0
123 165 0
121 159 0
34 195 0
109 158 0
152 187 0
155 186 0
42 187 0
151 186 0
41 187 0
134 187 0
88 189 0
127 189 0
50 189 0
120 186 0
82 191 0
63 179 0
102 159 0
90 191 0
93 195 0
115 150 0
133 164 0
91 194 0
98 163 0
92 151 0
146 205 0
84 190 0
77 196 0
120 196 0
64 164 0
54 185 0
75 148 0
74 148 0
81 145 0
112 200 0
91 163 0
86 150 0
73 193 0
108 177 0
65 194 0
96 141 0
106 193 0
109 143 0
97 175 0
45 0 0
106 145 0
148 201 0
118 185 0
104 204 0
111 198 0
92 153 0
54 184 0
114 205 0
69 202 0
101 150 0
103 189 0
114 177 0
114 197 0
102 203 0
113 200 0
73 151 0
110 144 0
59 189 0
70 198 0
147 206 0
103 199 0
108 144 0
36 183 0
170 204 0
99 165 0
124 168 0
59 190 0
84 165 0
107 199 0
155 204 0
92 203 0
130 171 0
83 172 0
104 173 0
106 158 0
153 202 0
67 191 0
73 183 0
98 147 0
76 181 0
46 193 0
136 199 0
98 166 0
161 192 0
97 136 0
167 201 0
101 152 0
106 152 0
119 155 0
110 184 0
113 147 0
134 176 0
116 187 0
156 189 0
89 164 0
140 193 0
119 191 0
130 202 0
142 177 0
83 202 0
133 200 0
67 195 0
151 204 0
120 204 0
40 203 0
99 153 0
115 195 0
74 150 0
111 195 0
146 200 0
78 150 0
32 198 0
138 169 0
100 189 0
78 184 0
119 151 0
142 179 0
84 185 0
143 180 0
78 192 0
92 202 0
153 204 0
55 181 0
122 165 0
111 182 0
54 182 0
162 201 0
124 175 0
123 190 0
122 177 0
99 151 0
125 172 0
69 184 0
44 196 0
71 176 0
80 198 0
75 190 0
67 176 0
56 194 0
82 167 0
104 190 0
49 192 0
96 155 0
71 167 0
120 159 0
84 151 0
84 198 0
148 194 0
119 189 0
95 138 0
86 188 0
63 190 0
58 186 0
98 155 0
75 170 0
57 199 0
112 189 0
96 162 0
136 180 0
94 188 0
98 167 0
67 203 0
93 186 0
75 167 0
120 160 0
134 166 0
0 201 0
142 173 0
128 203 0
120 187 0
132 182 0
136 177 0
88 205 0
134 175 0
131 173 0
152 188 0
137 177 0
146 183 0
139 186 0
119 178 0
46 205 0
120 173 0
53 202 0
121 187 0
40 195 0
92 180 0
68 205 0
163 196 0
96 144 0
107 172 0
35 195 0
98 137 0
137 205 0
92 204 0
70 167 0
84 156 0
89 198 0
134 205 0
120 177 0
90 175 0
62 200 0
125 182 0
82 193 0
95 194 0
109 196 0
141 172 0
141 171 0
158 202 0
169 200 0
136 176 0
127 194 0
159 195 0
124 177 0
117 184 0
112 186 0
79 193 0
160 195 0
112 158 0
123 177 0
151 187 0
150 187 0
88 162 0
97 140 0
85 145 0
87 161 0
107 163 0
104 199 0
87 187 0
96 198 0
37 191 0
59 192 0
51 184 0
87 197 0
94 189 0
73 179 0
65 195 0
159 202 0
99 138 0
100 161 0
79 167 0
103 154 0
105 143 0
77 159 0
97 195 0
92 172 0
52 176 0
101 175 0
157 198 0
143 195 0
103 159 0
78 202 0
111 148 0
104 169 0
87 184 0
138 190 0
69 198 0
127 199 0
100 163 0
127 157 0
151 192 0
124 152 0
64 205 0
124 160 0
106 149 0
127 169 0
128 180 0
157 206 0
161 197 0
133 174 0
93 148 0
110 158 0
102 189 0
132 174 0
133 180 0
138 195 0
133 172 0
119 199 0
130 167 0
126 181 0
157 194 0
52 183 0
101 154 0
114 164 0
75 178 0
122 180 0
92 197 0
101 203 0
28 203 0
206 137 0
108 154 0
95 147 0
101 200 0
114 202 0
96 186 0
76 169 0
95 200 0
93 190 0
138 201 0
90 187 0
61 187 0
127 156 0
39 203 0
113 151 0
126 165 0
87 193 0
62 176 0
127 164 0
111 202 0
113 161 0
108 191 0
125 189 0
132 172 0
136 195 0
67 193 0
77 169 0
78 191 0
65 180 0
103 143 0
158 197 0
105 184 0
37 193 0
102 148 0
83 197 0
94 176 0
157 199 0
145 206 0
102 179 0
142 192 0
152 189 0
33 202 0
89 148 0
67 183 0
140 200 0
100 199 0
76 172 0
106 184 0
82 192 0
95 191 0
72 174 0
82 195 0
106 203 0
60 196 0
118 182 0
99 174 0
67 187 0
110 186 0
126 155 0
126 154 0
128 162 0
140 174 0
59 175 0
133 170 0
127 163 0
163 198 0
109 146 0
108 159 0
163 201 0
55 177 0
137 168 0
90 198 0
111 188 0
124 179 0
139 191 0
70 202 0
159 201 0
89 168 0
136 198 0
94 185 0
79 156 0
156 196 0
132 203 0
91 159 0
151 202 0
74 195 0
106 199 0
87 157 0
160 192 0
70 165 0
69 196 0
99 157 0
100 142 0
166 199 0
94 152 0
103 194 0
147 189 0
146 188 0
147 188 0
99 145 0
68 199 0
81 171 0
119 198 0
63 206 0
88 200 0
126 156 0
89 191 0
79 197 0
80 192 0
54 175 0
111 204 0
52 200 0
33 200 0
127 161 0
143 196 0
126 153 0
65 200 0
79 166 0
106 154 0
130 203 0
113 177 0
113 180 0
106 155 0
159 197 0
121 174 0
111 175 0
87 158 0
55 174 0
54 176 0
106 140 0
53 178 0
161 194 0
115 170 0
70 182 0
72 186 0
87 203 0
67 200 0
129 162 0
114 173 0
82 150 0
94 194 0
86 154 0
78 177 0
123 174 0
49 196 0
120 191 0
148 187 0
84 192 0
90 159 0
86 174 0
103 155 0
109 186 0
148 206 0
144 200 0
90 194 0
107 148 0
144 203 0
104 155 0
60 193 0
105 156 0
114 178 0
32 199 0
51 179 0
73 205 0
126 192 0
95 184 0
97 164 0
45 182 0
34 200 0
56 177 0
73 189 0
132 165 0
112 161 0
102 137 0
44 193 0
100 173 0
118 154 0
134 178 0
132 163 0
131 169 0
96 203 0
35 200 0
168 202 0
109 167 0
90 186 0
54 190 0
76 182 0
80 170 0
78 188 0
62 189 0
64 189 0
102 192 0
77 192 0
27 0 0
152 190 0
93 157 0
150 190 0
126 161 0
80 176 0
114 163 0
93 172 0
33 198 0
105 152 0
108 143 0
159 205 0
128 187 0
156 199 0
123 178 0
140 184 0
107 156 0
136 186 0
126 157 0
87 144 0
83 190 0
88 145 0
48 182 0
131 201 0
106 166 0
118 164 0
46 187 0
43 186 0
97 150 0
34 199 0
97 144 0
108 148 0
109 148 0
97 149 0
102 169 0
133 190 0
129 179 0
137 180 0
52 185 0
87 205 0
97 191 0
111 178 0
65 189 0
104 193 0
83 204 0
153 189 0
134 196 0
98 188 0
145 176 0
79 188 0
60 169 0
124 165 0
54 200 0
126 177 0
116 179 0
131 191 0
74 159 0
118 153 0
152 204 0
104 179 0
46 183 0
31 203 0
53 187 0
111 192 0
26 203 0
70 192 0
74 165 0
53 185 0
83 193 0
89 144 0
98 150 0
98 205 0
96 145 0
72 181 0
58 154 0
90 183 0
79 172 0
116 173 0
93 183 0
162 196 0
99 198 0
92 181 0
54 189 0
78 180 0
97 198 0
136 200 0
122 204 0
146 198 0
139 171 0
132 175 0
121 199 0
113 165 0
159 191 0
121 180 0
52 181 0
50 201 0
51 178 0
61 188 0
52 188 0
100 167 0
135 167 0
93 176 0
35 194 0
77 181 0
51 204 0
66 196 0
89 143 0
55 183 0
119 159 0
93 166 0
112 180 0
91 196 0
86 192 0
79 183 0
75 177 0
96 165 0
27 204 0
65 197 0
49 202 0
113 185 0
126 186 0
158 200 0
113 166 0
120 199 0
157 204 0
35 193 0
159 192 0
91 167 0
122 155 0
103 151 0
85 196 0
111 205 0
150 194 0
43 203 0
61 193 0
85 154 0
126 164 0
52 187 0
107 147 0
147 190 0
132 168 0
100 174 0
79 184 0
133 168 0
132 188 0
118 173 0
130 182 0
94 139 0
129 194 0
105 161 0
117 171 0
70 159 0
99 201 0
127 193 0
117 200 0
88 172 0
130 188 0
72 204 0
113 152 0
66 198 0
103 177 0
96 187 0
126 201 0
149 201 0
113 145 0
114 196 0
122 196 0
73 162 0
143 197 0
158 194 0
89 176 0
61 198 0
162 195 0
87 177 0
116 155 0
114 145 0
104 184 0
43 191 0
73 181 0
122 152 0
128 190 0
149 191 0
121 197 0
140 179 0
80 150 0
123 189 0
87 153 0
128 165 0
101 151 0
103 152 0
59 187 0
91 147 0
148 204 0
90 204 0
97 185 0
92 149 0
104 153 0
85 169 0
130 176 0
83 174 0
92 205 0
96 195 0
136 192 0
138 188 0
114 169 0
127 186 0
92 159 0
115 169 0
117 148 0
147 196 0
123 179 0
45 193 0
121 191 0
88 202 0
147 204 0
158 191 0
131 168 0
51 189 0
53 201 0
118 192 0
82 197 0
97 162 0
68 198 0
103 149 0
105 205 0
156 195 0
97 186 0
96 196 0
98 198 0
133 165 0
131 171 0
171 203 0
102 152 0
74 162 0
139 184 0
45 196 0
89 185 0
45 198 0
96 160 0
45 204 0
44 200 0
105 153 0
38 191 0
98 181 0
154 197 0
38 192 0
107 192 0
66 183 0
91 142 0
92 184 0
63 199 0
96 178 0
81 160 0
89 205 0
93 201 0
64 200 0
98 180 0
101 196 0
97 190 0
112 190 0
124 190 0
93 191 0
133 204 0
116 170 0
130 204 0
122 164 0
118 188 0
127 158 0
125 174 0
54 178 0
118 174 0
110 196 0
111 184 0
84 146 0
107 143 0
48 192 0
99 181 0
38 193 0
58 199 0
97 138 0
74 149 0
99 168 0
156 187 0
89 173 0
72 180 0
54 199 0
97 137 0
96 138 0
119 176 0
26 204 0
88 197 0
73 194 0
100 166 0
119 173 0
114 168 0
121 172 0
116 171 0
124 172 0
153 205 0
41 191 0
119 190 0
97 139 0
127 175 0
48 197 0
95 178 0
123 199 0
47 197 0
85 156 0
48 198 0
43 197 0
74 206 0
103 185 0
145 195 0
105 142 0
83 175 0
72 203 0
147 178 0
93 143 0
99 137 0
88 147 0
30 199 0
29 199 0
139 170 0
129 178 0
95 139 0
99 177 0
53 190 0
119 195 0
69 194 0
159 203 0
109 199 0
47 198 0
46 198 0
33 201 0
54 169 0
162 198 0
89 206 0
62 201 0
117 158 0
64 176 0
35 197 0
25 204 0
123 187 0
76 188 0
78 204 0
90 195 0
140 171 0
91 175 0
101 137 0
75 186 0
96 151 0
51 200 0
120 170 0
141 0 0
0 164 0
40 0 0
206 37 0
206 178 0
8 0 0
0 199 0
206 59 0
206 111 0
203 206 0
206 62 0
147 0 0
206 110 0
191 0 0
177 206 0
0 63 0
179 0 0
0 57 0
1 206 0
0 195 0
91 0 0
18 0 0
206 28 0
15 206 0
4 0 0
206 173 0
25 206 0
16 0 0
0 22 0
0 59 0
6 206 0
206 10 0
206 198 0
170 0 0
175 206 0
206 92 0
206 58 0
206 36 0
206 4 0
206 5 0
7 206 0
206 18 0
206 141 0
206 70 0
126 0 0
12 0 0
206 109 0
56 0 0
0 58 0
0 112 0
161 0 0
0 139 0
100 0 0
0 14 0
17 206 0
0 115 0
0 6 0
59 0 0
206 162 0
167 0 0
0 143 0
58 0 0
0 94 0
0 40 0
38 0 0
102 0 0
206 112 0
0 194 0
0 79 0
119 0 0
44 0 0
206 85 0
206 190 0
52 206 0
0 111 0
0 172 0
101 0 0
0 30 0
197 206 0
110 0 0
47 0 0
206 135 0
206 186 0
15 0 0
0 169 0
206 139 0
206 23 0
206 9 0
72 0 0
206 148 0
206 140 0
0 182 0
0 23 0
206 145 0
32 206 0
185 0 0
206 71 0
0 186 0
31 0 0
10 0 0
206 169 0
183 0 0
206 22 0
0 110 0
18 206 0
135 0 0
206 153 0
29 206 0
0 52 0
78 0 0
184 0 0
98 0 0
178 0 0
0 31 0
183 206 0
0 51 0
17 0 0
0 162 0
206 150 0
0 4 0
206 35 0
0 20 0
0 24 0
127 0 0
31 206 0
13 0 0
0 203 0
206 57 0
206 164 0
206 74 0
206 49 0
206 105 0
3 206 0
193 206 0
0 71 0
11 206 0
0 128 0
206 84 0
0 109 0
85 0 0
14 206 0
55 0 0
0 10 0
206 50 0
96 0 0
206 19 0
206 25 0
2 206 0
107 0 0
104 0 0
74 0 0
206 63 0
0 107 0
54 0 0
0 193 0
182 0 0
172 0 0
0 72 0
0 120 0
30 206 0
190 206 0
77 0 0
23 0 0
0 61 0
0 108 0
206 170 0
206 142 0
171 206 0
206 157 0
206 168 0
0 91 0
45 206 0
180 0 0
180 206 0
206 46 0
206 69 0
5 0 0
181 206 0
148 0 0
206 20 0
0 158 0
0 37 0
206 129 0
140 0 0
0 48 0
0 15 0
206 180 0
51 0 0
153 0 0
0 97 0
20 0 0
0 170 0
35 206 0
0 188 0
206 78 0
0 202 0
0 92 0
86 0 0
0 39 0
0 150 0
0 133 0
206 182 0
206 149 0
26 0 0
157 0 0
206 39 0
187 0 0
192 0 0
206 90 0
0 27 0
32 0 0
0 184 0
206 146 0
0 16 0
206 192 0
0 189 0
206 117 0
0 93 0
0 175 0
206 61 0
0 167 0
206 202 0
174 0 0
24 206 0
128 0 0
57 0 0
5 206 0
0 84 0
16 206 0
0 33 0
206 143 0
0 118 0
206 181 0
8 206 0
206 102 0
166 0 0
0 177 0
105 0 0
0 168 0
191 206 0
0 180 0
0 83 0
36 206 0
34 0 0
192 206 0
206 189 0
39 206 0
204 0 0
195 0 0
206 104 0
206 17 0
26 206 0
0 21 0
0 42 0
0 166 0
0 56 0
206 13 0
194 206 0
0 161 0
139 0 0
206 7 0
14 0 0
202 206 0
122 0 0
146 0 0
206 14 0
0 28 0
19 206 0
0 205 0
0 183 0
0 100 0
0 49 0
0 8 0
0 82 0
0 129 0
206 82 0
205 206 0
109 0 0
206 97 0
176 0 0
0 141 0
206 106 0
206 41 0
0 126 0
21 0 0
206 188 0
0 204 0
206 127 0
161 206 0
0 25 0
50 0 0
206 118 0
142 0 0
186 0 0
81 0 0
189 0 0
197 0 0
40 206 0
0 18 0
206 147 0
206 32 0
206 96 0
194 0 0
206 66 0
206 40 0
42 0 0
0 176 0
206 38 0
206 80 0
0 45 0
206 83 0
33 206 0
90 0 0
0 174 0
206 160 0
23 206 0
69 0 0
0 121 0
0 64 0
28 0 0
0 98 0
0 67 0
83 0 0
0 32 0
0 86 0
195 206 0
137 0 0
43 0 0
21 206 0
9 0 0
178 206 0
0 140 0
206 65 0
206 31 0
172 206 0
0 36 0
188 0 0
187 206 0
206 138 0
206 174 0
10 206 0
39 0 0
0 130 0
206 114 0
33 0 0
0 187 0
198 0 0
0 106 0
93 0 0
4 206 0
0 178 0
206 122 0
0 160 0
113 0 0
13 206 0
143 0 0
0 9 0
111 0 0
0 185 0
206 44 0
206 52 0
48 0 0
0 44 0
6 0 0
188 206 0
201 206 0
206 155 0
11 0 0
3 0 0
0 35 0
71 0 0
206 193 0
0 2 0
186 206 0
206 73 0
79 0 0
206 126 0
206 75 0
206 136 0
117 0 0
123 0 0
206 107 0
0 38 0
179 206 0
0 138 0
200 206 0
0 3 0
0 131 0
203 0 0
206 24 0
0 153 0
196 206 0
206 81 0
175 0 0
0 154 0
0 41 0
159 0 0
206 42 0
152 0 0
206 132 0
0 200 0
206 120 0
0 173 0
30 0 0
206 67 0
0 152 0
206 95 0
206 166 0
0 145 0
196 0 0
206 179 0
206 43 0
0 116 0
0 132 0
206 131 0
151 0 0
206 204 0
0 7 0
0 80 0
0 88 0
0 96 0
171 0 0
0 163 0
206 101 0
0 85 0
206 45 0
0 114 0
114 0 0
206 54 0
20 206 0
184 206 0
0 62 0
0 12 0
164 0 0
0 156 0
87 0 0
22 206 0
24 0 0
0 68 0
154 0 0
0 104 0
2 0 0
60 0 0
0 197 0
206 26 0
108 0 0
0 181 0
0 65 0
0 43 0
160 0 0
163 0 0
0 55 0
49 0 0
206 12 0
206 133 0
182 206 0
64 0 0
99 0 0
206 94 0
201 0 0
0 54 0
206 77 0
63 0 0
206 205 0
0 119 0
206 201 0
206 123 0
66 0 0
206 185 0
206 1 0
181 0 0
115 0 0
35 0 0
131 0 0
0 60 0
206 27 0
73 0 0
169 206 0
0 134 0
206 144 0
0 155 0
158 0 0
0 147 0
206 2 0
0 13 0
0 165 0
185 206 0
0 190 0
206 200 0
46 0 0
199 206 0
112 0 0
206 125 0
118 0 0
206 86 0
0 179 0
7 0 0
206 16 0
0 87 0
120 0 0
0 146 0
206 194 0
0 196 0
206 151 0
176 206 0
206 203 0
0 171 0
0 151 0
0 77 0
0 136 0
199 0 0
169 0 0
206 91 0
0 137 0
206 119 0
177 0 0
206 6 0
0 5 0
202 0 0
206 53 0
206 165 0
76 0 0
0 29 0
206 79 0
0 123 0
206 15 0
206 98 0
162 0 0
206 72 0
149 0 0
65 0 0
22 0 0
97 0 0
166 206 0
206 3 0
156 0 0
144 0 0
36 0 0
0 34 0
206 29 0
206 159 0
53 0 0
206 93 0
94 0 0
155 0 0
206 115 0
173 0 0
44 206 0
206 197 0
0 144 0
0 125 0
206 30 0
0 69 0
206 89 0
190 0 0
206 187 0
206 163 0
206 48 0
206 158 0
0 81 0
89 0 0
0 149 0
134 0 0
206 21 0
0 19 0
133 0 0
206 161 0
206 172 0
0 53 0
0 66 0
0 148 0
206 124 0
0 78 0
200 0 0
130 0 0
165 0 0
0 17 0
206 60 0
206 76 0
61 0 0
0 142 0
206 199 0
193 0 0
41 0 0
206 87 0
62 0 0
106 0 0
206 55 0
206 99 0
28 206 0
67 0 0
206 33 0
0 159 0
206 47 0
0 101 0
206 177 0
0 113 0
132 0 0
206 34 0
0 46 0
0 103 0
129 0 0
0 11 0
206 152 0
206 113 0
206 156 0
0 90 0
206 134 0
206 51 0
0 122 0
0 50 0
70 0 0
29 0 0
206 121 0
116 0 0
0 74 0
0 26 0
9 206 0
206 196 0
0 192 0
145 0 0
138 0 0
0 117 0
206 116 0
206 130 0
25 0 0
0 70 0
206 64 0
206 100 0
52 0 0
0 95 0
206 88 0
206 68 0
125 0 0
0 191 0
124 0 0
0 105 0
206 176 0
121 0 0
206 191 0
206 167 0
19 0 0
206 195 0
103 0 0
206 154 0
189 206 0
136 0 0
0 102 0
0 124 0
75 0 0
92 0 0
0 73 0
206 11 0
84 0 0
0 99 0
95 0 0
0 47 0
0 89 0
0 198 0
68 0 0
low, high, current -1 -1 8
Confirming Router Algorithm: TIMING_DRIVEN.
T_crit: 1.19849e-07.
T_crit: 1.18701e-07.
T_crit: 1.18805e-07.
T_crit: 1.18287e-07.
T_crit: 1.18075e-07.
T_crit: 1.17971e-07.
T_crit: 1.17974e-07.
T_crit: 1.17981e-07.
T_crit: 1.17978e-07.
T_crit: 1.19716e-07.
T_crit: 1.25692e-07.
T_crit: 1.2738e-07.
T_crit: 1.27241e-07.
T_crit: 1.27415e-07.
T_crit: 1.28595e-07.
T_crit: 1.29667e-07.
T_crit: 1.30997e-07.
T_crit: 1.29962e-07.
T_crit: 1.29802e-07.
T_crit: 1.32269e-07.
T_crit: 1.34789e-07.
T_crit: 1.32466e-07.
T_crit: 1.32999e-07.
T_crit: 1.33615e-07.
T_crit: 1.34248e-07.
T_crit: 1.35486e-07.
T_crit: 1.36068e-07.
T_crit: 1.37551e-07.
T_crit: 1.43529e-07.
T_crit: 1.36756e-07.
T_crit: 1.36027e-07.
T_crit: 1.42168e-07.
T_crit: 1.37699e-07.
T_crit: 1.41657e-07.
T_crit: 1.37567e-07.
T_crit: 1.37988e-07.
T_crit: 1.39235e-07.
T_crit: 1.45808e-07.
T_crit: 1.38727e-07.
T_crit: 1.44428e-07.
T_crit: 1.39208e-07.
T_crit: 1.39903e-07.
T_crit: 1.39231e-07.
T_crit: 1.39707e-07.
T_crit: 1.38916e-07.
T_crit: 1.44857e-07.
T_crit: 1.38922e-07.
T_crit: 1.43431e-07.
T_crit: 1.39233e-07.
T_crit: 1.39465e-07.
Routing failed.
low, high, current 8 -1 16
Confirming Router Algorithm: TIMING_DRIVEN.
T_crit: 1.19849e-07.
T_crit: 1.18703e-07.
T_crit: 1.18805e-07.
T_crit: 1.18599e-07.
T_crit: 1.18598e-07.
T_crit: 1.18391e-07.
T_crit: 1.18288e-07.
T_crit: 1.1808e-07.
T_crit: 1.18183e-07.
T_crit: 1.1808e-07.
T_crit: 1.18081e-07.
T_crit: 1.18263e-07.
T_crit: 1.23408e-07.
T_crit: 1.27276e-07.
T_crit: 1.26338e-07.
T_crit: 1.27368e-07.
T_crit: 1.27484e-07.
T_crit: 1.28564e-07.
T_crit: 1.3988e-07.
T_crit: 1.35198e-07.
T_crit: 1.41022e-07.
T_crit: 1.38736e-07.
T_crit: 1.39046e-07.
T_crit: 1.40912e-07.
T_crit: 1.42165e-07.
T_crit: 1.45933e-07.
T_crit: 1.45269e-07.
T_crit: 1.49216e-07.
T_crit: 1.50983e-07.
T_crit: 1.51797e-07.
T_crit: 1.52642e-07.
T_crit: 1.54721e-07.
T_crit: 1.56397e-07.
T_crit: 1.56029e-07.
T_crit: 1.6119e-07.
T_crit: 1.60453e-07.
T_crit: 1.59404e-07.
T_crit: 1.57642e-07.
T_crit: 1.58509e-07.
T_crit: 1.60069e-07.
T_crit: 1.59853e-07.
T_crit: 1.58311e-07.
T_crit: 1.58104e-07.
T_crit: 1.58715e-07.
T_crit: 1.59862e-07.
T_crit: 1.62147e-07.
T_crit: 1.60041e-07.
T_crit: 1.60269e-07.
T_crit: 1.58544e-07.
T_crit: 1.58615e-07.
Routing failed.
low, high, current 16 -1 32
Confirming Router Algorithm: TIMING_DRIVEN.
T_crit: 1.19952e-07.
T_crit: 1.19012e-07.
T_crit: 1.19013e-07.
T_crit: 1.18912e-07.
T_crit: 1.18909e-07.
T_crit: 1.19013e-07.
T_crit: 1.18806e-07.
T_crit: 1.18911e-07.
T_crit: 1.18598e-07.
T_crit: 1.18703e-07.
T_crit: 1.18599e-07.
T_crit: 1.18493e-07.
T_crit: 1.18596e-07.
T_crit: 1.18809e-07.
T_crit: 1.18807e-07.
T_crit: 1.18599e-07.
T_crit: 1.18601e-07.
T_crit: 1.18914e-07.
T_crit: 1.19283e-07.
T_crit: 1.19227e-07.
T_crit: 1.19542e-07.
T_crit: 1.26545e-07.
T_crit: 1.23108e-07.
T_crit: 1.27297e-07.
T_crit: 1.28201e-07.
T_crit: 1.32885e-07.
T_crit: 1.45786e-07.
T_crit: 1.45962e-07.
T_crit: 1.48147e-07.
T_crit: 1.4607e-07.
T_crit: 1.48179e-07.
T_crit: 1.52243e-07.
T_crit: 1.54536e-07.
T_crit: 1.52871e-07.
T_crit: 1.55687e-07.
T_crit: 1.5702e-07.
T_crit: 1.54725e-07.
T_crit: 1.5567e-07.
T_crit: 1.6003e-07.
T_crit: 1.59602e-07.
T_crit: 1.58063e-07.
T_crit: 1.57022e-07.
T_crit: 1.59938e-07.
T_crit: 1.61916e-07.
T_crit: 1.64206e-07.
T_crit: 1.616e-07.
T_crit: 1.62227e-07.
T_crit: 1.59208e-07.
T_crit: 1.58788e-07.
T_crit: 1.61599e-07.
Routing failed.
low, high, current 32 -1 64
Confirming Router Algorithm: TIMING_DRIVEN.
T_crit: 1.19952e-07.
T_crit: 1.19117e-07.
T_crit: 1.19013e-07.
T_crit: 1.19116e-07.
T_crit: 1.19323e-07.
T_crit: 1.19324e-07.
T_crit: 1.1922e-07.
T_crit: 1.18909e-07.
T_crit: 1.18908e-07.
T_crit: 1.18909e-07.
T_crit: 1.19119e-07.
T_crit: 1.19119e-07.
T_crit: 1.19119e-07.
T_crit: 1.19014e-07.
T_crit: 1.19014e-07.
T_crit: 1.19014e-07.
T_crit: 1.19014e-07.
T_crit: 1.19014e-07.
Successfully routed after 19 routing iterations.
Completed net delay value cross check successfully.
low, high, current 32 64 48
Confirming Router Algorithm: TIMING_DRIVEN.
T_crit: 1.20056e-07.
T_crit: 1.19014e-07.
T_crit: 1.19221e-07.
T_crit: 1.19426e-07.
T_crit: 1.19324e-07.
T_crit: 1.19116e-07.
T_crit: 1.1922e-07.
T_crit: 1.19012e-07.
T_crit: 1.19013e-07.
T_crit: 1.18908e-07.
T_crit: 1.18908e-07.
T_crit: 1.18909e-07.
T_crit: 1.18701e-07.
T_crit: 1.18596e-07.
T_crit: 1.18596e-07.
T_crit: 1.187e-07.
T_crit: 1.187e-07.
T_crit: 1.187e-07.
T_crit: 1.187e-07.
T_crit: 1.187e-07.
T_crit: 1.18805e-07.
T_crit: 1.18805e-07.
T_crit: 1.18805e-07.
T_crit: 1.18858e-07.
T_crit: 1.18858e-07.
T_crit: 1.18962e-07.
T_crit: 1.18962e-07.
T_crit: 1.18908e-07.
T_crit: 1.19114e-07.
T_crit: 1.19118e-07.
T_crit: 1.19118e-07.
T_crit: 1.19012e-07.
T_crit: 1.19012e-07.
T_crit: 1.21164e-07.
T_crit: 1.19614e-07.
T_crit: 1.21726e-07.
T_crit: 1.21164e-07.
T_crit: 1.21519e-07.
T_crit: 1.23668e-07.
T_crit: 1.23609e-07.
T_crit: 1.24339e-07.
T_crit: 1.24442e-07.
T_crit: 1.2202e-07.
T_crit: 1.21491e-07.
T_crit: 1.22322e-07.
T_crit: 1.26373e-07.
T_crit: 1.31308e-07.
T_crit: 1.2909e-07.
T_crit: 1.28564e-07.
T_crit: 1.32642e-07.
Routing failed.
low, high, current 48 64 56
Confirming Router Algorithm: TIMING_DRIVEN.
T_crit: 1.20056e-07.
T_crit: 1.1922e-07.
T_crit: 1.19012e-07.
T_crit: 1.19012e-07.
T_crit: 1.19116e-07.
T_crit: 1.19013e-07.
T_crit: 1.19117e-07.
T_crit: 1.18909e-07.
T_crit: 1.19014e-07.
T_crit: 1.18911e-07.
T_crit: 1.19015e-07.
T_crit: 1.19015e-07.
T_crit: 1.19015e-07.
T_crit: 1.19015e-07.
T_crit: 1.19015e-07.
T_crit: 1.19015e-07.
T_crit: 1.19015e-07.
T_crit: 1.19015e-07.
T_crit: 1.19015e-07.
T_crit: 1.19015e-07.
T_crit: 1.19015e-07.
Successfully routed after 22 routing iterations.
Completed net delay value cross check successfully.
low, high, current 48 56 52
Confirming Router Algorithm: TIMING_DRIVEN.
T_crit: 1.20023e-07.
T_crit: 1.19382e-07.
T_crit: 1.19346e-07.
T_crit: 1.19029e-07.
T_crit: 1.19147e-07.
T_crit: 1.19034e-07.
T_crit: 1.18817e-07.
T_crit: 1.1863e-07.
T_crit: 1.18727e-07.
T_crit: 1.18744e-07.
T_crit: 1.18839e-07.
T_crit: 1.1865e-07.
T_crit: 1.18559e-07.
T_crit: 1.18635e-07.
T_crit: 1.18527e-07.
T_crit: 1.18526e-07.
T_crit: 1.18526e-07.
T_crit: 1.18532e-07.
T_crit: 1.18525e-07.
T_crit: 1.18527e-07.
T_crit: 1.18534e-07.
T_crit: 1.18534e-07.
T_crit: 1.18534e-07.
T_crit: 1.18534e-07.
T_crit: 1.18534e-07.
T_crit: 1.18534e-07.
T_crit: 1.18534e-07.
T_crit: 1.18534e-07.
T_crit: 1.18534e-07.
T_crit: 1.18534e-07.
T_crit: 1.18534e-07.
T_crit: 1.18534e-07.
T_crit: 1.18534e-07.
T_crit: 1.18534e-07.
T_crit: 1.18534e-07.
T_crit: 1.18534e-07.
T_crit: 1.18534e-07.
T_crit: 1.18534e-07.
T_crit: 1.18534e-07.
T_crit: 1.18534e-07.
T_crit: 1.18534e-07.
T_crit: 1.18534e-07.
T_crit: 1.18534e-07.
T_crit: 1.18534e-07.
T_crit: 1.18534e-07.
Successfully routed after 46 routing iterations.
Completed net delay value cross check successfully.
low, high, current 48 52 50
Warning (check_all_tracks_reach_pins):  track 48 does not 
	connect to any FB IPINs.
Warning (check_all_tracks_reach_pins):  track 49 does not 
	connect to any FB IPINs.
Confirming Router Algorithm: TIMING_DRIVEN.
T_crit: 1.19738e-07.
T_crit: 1.19807e-07.
T_crit: 1.19492e-07.
T_crit: 1.19325e-07.
T_crit: 1.19283e-07.
T_crit: 1.19672e-07.
T_crit: 1.19503e-07.
T_crit: 1.19363e-07.
T_crit: 1.19053e-07.
T_crit: 1.19054e-07.
T_crit: 1.19057e-07.
T_crit: 1.19162e-07.
T_crit: 1.19088e-07.
T_crit: 1.19177e-07.
T_crit: 1.191e-07.
T_crit: 1.19086e-07.
T_crit: 1.19107e-07.
T_crit: 1.1922e-07.
T_crit: 1.1922e-07.
T_crit: 1.1922e-07.
T_crit: 1.19218e-07.
T_crit: 1.19218e-07.
T_crit: 1.19218e-07.
T_crit: 1.19218e-07.
T_crit: 1.19218e-07.
T_crit: 1.19426e-07.
T_crit: 1.19426e-07.
T_crit: 1.20522e-07.
T_crit: 1.19634e-07.
T_crit: 1.20437e-07.
T_crit: 1.20034e-07.
T_crit: 1.21232e-07.
T_crit: 1.19634e-07.
T_crit: 1.21128e-07.
T_crit: 1.19863e-07.
T_crit: 1.19634e-07.
T_crit: 1.19758e-07.
T_crit: 1.19994e-07.
T_crit: 1.19992e-07.
T_crit: 1.1976e-07.
T_crit: 1.20218e-07.
T_crit: 1.19908e-07.
T_crit: 1.1991e-07.
T_crit: 1.19634e-07.
T_crit: 1.19634e-07.
T_crit: 1.22657e-07.
T_crit: 1.22657e-07.
T_crit: 1.22512e-07.
T_crit: 1.22552e-07.
T_crit: 1.22552e-07.
Routing failed.

Checking to ensure routing is legal ...
Completed routing consistency check successfully.

Serial number (magic cookie) for the routing is: 1640420112
Best routing used a channel width factor of 52.


Average number of bends per net: 13.0180  Maximum # of bends: 384


The number of routed nets (nonglobal): 5987
Wirelength results (all in units of 1 clb segments):
	Total wirelength: 532268   Average net length: 88.9040
	Maximum net length: 1401

Wirelength results in terms of physical segments:
	Total wiring segments used: 266686   Av. wire segments per net: 44.5442
	Maximum segments used by a net: 703


X - Directed channels:

j	max occ	av_occ		capacity
0	14	8.01463  	52
1	10	4.03415  	52
2	4	1.11707  	52
3	5	1.56585  	52
4	2	0.248780 	52
5	2	0.941463 	52
6	1	0.892683 	52
7	2	0.375610 	52
8	1	0.414634 	52
9	1	0.312195 	52
10	2	0.351220 	52
11	4	0.468293 	52
12	2	0.375610 	52
13	4	0.673171 	52
14	2	0.507317 	52
15	1	0.0195122	52
16	1	0.419512 	52
17	3	0.517073 	52
18	3	0.0292683	52
19	2	0.800000 	52
20	3	0.570732 	52
21	2	0.0195122	52
22	2	0.775610 	52
23	3	0.0243902	52
24	2	1.30244  	52
25	3	0.926829 	52
26	1	0.463415 	52
27	2	0.0292683	52
28	4	0.321951 	52
29	2	0.0243902	52
30	5	0.707317 	52
31	1	0.414634 	52
32	3	0.829268 	52
33	1	0.668293 	52
34	1	0.341463 	52
35	1	0.448780 	52
36	1	0.00975610	52
37	3	0.682927 	52
38	4	0.0439024	52
39	2	0.912195 	52
40	2	0.536585 	52
41	2	0.668293 	52
42	2	0.487805 	52
43	2	0.326829 	52
44	1	0.868293 	52
45	2	0.629268 	52
46	2	0.273171 	52
47	3	0.468293 	52
48	2	0.829268 	52
49	4	0.0390244	52
50	1	0.370732 	52
51	1	0.726829 	52
52	2	0.497561 	52
53	2	0.502439 	52
54	2	0.263415 	52
55	2	0.204878 	52
56	2	0.0341463	52
57	4	0.190244 	52
58	2	0.975610 	52
59	1	0.156098 	52
60	2	0.229268 	52
61	2	0.560976 	52
62	2	0.965854 	52
63	2	0.365854 	52
64	2	0.843902 	52
65	1	0.302439 	52
66	2	0.941463 	52
67	2	0.258537 	52
68	2	0.0195122	52
69	2	0.941463 	52
70	3	0.848781 	52
71	4	0.751220 	52
72	3	0.839024 	52
73	2	0.126829 	52
74	3	0.141463 	52
75	2	0.331707 	52
76	3	0.697561 	52
77	2	0.478049 	52
78	3	0.326829 	52
79	2	0.243902 	52
80	4	0.0829268	52
81	4	1.15610  	52
82	2	0.160976 	52
83	3	0.921951 	52
84	2	0.892683 	52
85	2	1.04878  	52
86	1	0.214634 	52
87	1	0.390244 	52
88	4	1.07317  	52
89	1	0.278049 	52
90	2	0.287805 	52
91	2	0.0341463	52
92	2	0.365854 	52
93	3	0.0439024	52
94	2	0.0536585	52
95	3	0.658537 	52
96	3	0.0390244	52
97	2	0.0390244	52
98	3	0.560976 	52
99	2	0.400000 	52
100	5	1.21463  	52
101	2	0.458537 	52
102	2	0.897561 	52
103	2	0.843902 	52
104	3	0.0390244	52
105	3	0.419512 	52
106	4	0.497561 	52
107	3	0.0487805	52
108	3	0.258537 	52
109	2	1.12195  	52
110	2	0.443902 	52
111	2	0.463415 	52
112	4	0.936585 	52
113	2	0.0536585	52
114	3	0.273171 	52
115	2	0.595122 	52
116	2	0.0390244	52
117	3	0.287805 	52
118	3	0.0536585	52
119	3	0.429268 	52
120	2	0.814634 	52
121	2	0.765854 	52
122	3	0.0439024	52
123	2	0.765854 	52
124	3	0.0585366	52
125	2	0.0341463	52
126	2	0.912195 	52
127	3	0.229268 	52
128	4	0.697561 	52
129	3	0.629268 	52
130	2	0.878049 	52
131	1	0.902439 	52
132	3	0.439024 	52
133	3	1.08293  	52
134	6	0.668293 	52
135	6	1.22927  	52
136	7	0.887805 	52
137	12	3.19512  	52
138	10	1.97561  	52
139	15	3.89756  	52
140	20	3.74634  	52
141	27	5.78537  	52
142	38	6.81463  	52
143	45	9.43902  	52
144	45	8.94146  	52
145	48	10.0585  	52
146	45	13.2439  	52
147	47	12.0390  	52
148	49	13.3122  	52
149	51	13.0098  	52
150	50	13.2390  	52
151	51	14.2683  	52
152	50	16.4634  	52
153	51	15.3854  	52
154	50	16.4049  	52
155	51	16.6341  	52
156	50	16.5268  	52
157	50	16.4829  	52
158	50	16.3756  	52
159	50	17.5902  	52
160	52	16.9220  	52
161	50	18.0439  	52
162	51	17.8488  	52
163	51	17.5317  	52
164	50	18.1317  	52
165	52	17.6927  	52
166	51	17.8195  	52
167	51	20.1610  	52
168	51	18.6537  	52
169	50	19.9854  	52
170	52	19.7073  	52
171	51	20.0146  	52
172	51	19.0439  	52
173	50	20.0146  	52
174	52	21.1756  	52
175	50	20.7415  	52
176	51	21.1707  	52
177	51	21.4585  	52
178	50	22.0878  	52
179	51	22.2780  	52
180	52	22.0732  	52
181	51	22.1805  	52
182	52	22.9756  	52
183	51	24.1317  	52
184	51	23.3512  	52
185	52	23.5951  	52
186	52	24.2829  	52
187	51	22.8439  	52
188	51	24.3561  	52
189	51	23.6488  	52
190	52	23.8146  	52
191	51	24.4098  	52
192	50	24.7756  	52
193	51	23.7854  	52
194	51	24.8098  	52
195	50	24.6488  	52
196	51	25.3220  	52
197	51	25.2341  	52
198	51	26.8878  	52
199	51	26.0049  	52
200	51	26.5122  	52
201	50	26.3512  	52
202	52	27.0341  	52
203	52	26.5317  	52
204	50	27.8341  	52
205	52	29.2683  	52

Y - Directed channels:

i	max occ	av_occ		capacity
0	19	11.7268  	52
1	24	10.9756  	52
2	12	3.96098  	52
3	17	4.98049  	52
4	3	1.16585  	52
5	3	0.668293 	52
6	1	0.0195122	52
7	3	1.00000  	52
8	5	0.0439024	52
9	2	0.0536585	52
10	4	0.892683 	52
11	2	0.0292683	52
12	3	0.0780488	52
13	2	0.746341 	52
14	2	0.775610 	52
15	3	0.0341463	52
16	2	0.980488 	52
17	3	0.956098 	52
18	2	0.946341 	52
19	1	0.0146341	52
20	2	0.912195 	52
21	2	0.102439 	52
22	1	0.136585 	52
23	3	1.27805  	52
24	4	1.76585  	52
25	4	1.57561  	52
26	7	0.321951 	52
27	9	0.790244 	52
28	7	0.482927 	52
29	11	1.24390  	52
30	11	2.24390  	52
31	17	2.66829  	52
32	13	2.43415  	52
33	15	3.94146  	52
34	15	2.62439  	52
35	17	3.13171  	52
36	15	2.13171  	52
37	19	3.71220  	52
38	19	3.22927  	52
39	20	3.26341  	52
40	22	2.69756  	52
41	23	4.60976  	52
42	21	3.06341  	52
43	23	3.88293  	52
44	28	4.22439  	52
45	21	4.04390  	52
46	26	3.40976  	52
47	27	4.49268  	52
48	30	4.50732  	52
49	28	6.09268  	52
50	32	6.23415  	52
51	37	6.44390  	52
52	32	6.43415  	52
53	36	7.48780  	52
54	33	5.59024  	52
55	35	6.62439  	52
56	39	8.61951  	52
57	37	6.46341  	52
58	39	8.52195  	52
59	38	8.92683  	52
60	38	8.99024  	52
61	38	7.52195  	52
62	42	8.52195  	52
63	41	8.30732  	52
64	38	8.23415  	52
65	37	8.78049  	52
66	41	10.0683  	52
67	42	7.86829  	52
68	40	7.74634  	52
69	38	8.18049  	52
70	43	8.94634  	52
71	45	11.0195  	52
72	41	10.4439  	52
73	41	9.91707  	52
74	39	10.4000  	52
75	40	9.79024  	52
76	41	9.18049  	52
77	42	9.60976  	52
78	42	10.8634  	52
79	42	11.4244  	52
80	42	10.2927  	52
81	43	10.6390  	52
82	42	11.4293  	52
83	43	12.1610  	52
84	41	10.5561  	52
85	40	11.3805  	52
86	43	12.6488  	52
87	47	11.0049  	52
88	44	10.1756  	52
89	47	12.8000  	52
90	43	11.5561  	52
91	44	10.3512  	52
92	48	11.2976  	52
93	41	13.2146  	52
94	46	13.1220  	52
95	43	12.6098  	52
96	44	14.6390  	52
97	44	12.9415  	52
98	47	13.7805  	52
99	45	12.4683  	52
100	44	12.2146  	52
101	44	12.0878  	52
102	43	11.3317  	52
103	43	12.4390  	52
104	45	12.0341  	52
105	43	13.0585  	52
106	42	10.0390  	52
107	46	12.0341  	52
108	42	11.8683  	52
109	45	11.9122  	52
110	44	12.3805  	52
111	44	10.3268  	52
112	46	11.0780  	52
113	41	12.4829  	52
114	42	10.0634  	52
115	42	10.9854  	52
116	43	11.2537  	52
117	40	10.9171  	52
118	44	10.7805  	52
119	46	10.3268  	52
120	44	10.4000  	52
121	42	8.69756  	52
122	40	11.6341  	52
123	38	11.1463  	52
124	42	10.6098  	52
125	42	9.05854  	52
126	38	10.2439  	52
127	41	9.67805  	52
128	39	9.26829  	52
129	40	7.51220  	52
130	39	8.67805  	52
131	35	8.31707  	52
132	34	6.91220  	52
133	37	8.25854  	52
134	34	6.88780  	52
135	39	8.32195  	52
136	35	6.99024  	52
137	34	8.93171  	52
138	35	5.86341  	52
139	37	7.68293  	52
140	36	7.83415  	52
141	33	5.52195  	52
142	39	5.57073  	52
143	35	6.86341  	52
144	36	7.84878  	52
145	35	6.94146  	52
146	34	4.89268  	52
147	35	7.19512  	52
148	34	6.04878  	52
149	33	5.51707  	52
150	34	4.33171  	52
151	36	6.32195  	52
152	35	5.33171  	52
153	26	3.52683  	52
154	26	3.98049  	52
155	25	4.00488  	52
156	26	5.14146  	52
157	20	3.42927  	52
158	19	4.82439  	52
159	19	2.33659  	52
160	16	3.32195  	52
161	19	3.92683  	52
162	18	3.70732  	52
163	15	3.99512  	52
164	15	2.59512  	52
165	14	3.92195  	52
166	9	2.57561  	52
167	13	1.16585  	52
168	9	0.687805 	52
169	13	2.32683  	52
170	8	1.01951  	52
171	6	1.59512  	52
172	6	0.121951 	52
173	7	0.902439 	52
174	2	0.926829 	52
175	2	0.921951 	52
176	2	0.834146 	52
177	1	0.0341463	52
178	1	0.765854 	52
179	2	0.0487805	52
180	1	0.687805 	52
181	3	1.08780  	52
182	2	0.946341 	52
183	3	0.0390244	52
184	1	0.780488 	52
185	2	0.819512 	52
186	1	0.756098 	52
187	2	0.863415 	52
188	3	0.951219 	52
189	2	0.814634 	52
190	4	0.107317 	52
191	0	0.00000  	52
192	4	0.0780488	52
193	2	1.80488  	52
194	2	0.824390 	52
195	2	0.960976 	52
196	2	0.0585366	52
197	2	1.69268  	52
198	2	0.195122 	52
199	3	1.02927  	52
200	5	0.721951 	52
201	3	0.712195 	52
202	15	7.53659  	52
203	11	3.16098  	52
204	23	12.0732  	52
205	23	12.9171  	52

Total Tracks in X-direction: 10712  in Y-direction: 10712

Logic Area (in minimum width transistor areas):
Total Logic Area: 1.26075e+09  Per 1x1 logic tile: 30000

Routing area (in minimum width transistor areas):
Total Routing Area: 2.73980e+08  Per logic tile: 6519.44

Segment usage by type (index):
Segment type       Fractional utilization
------------       ----------------------
       0                  0.121

Segment usage by length:
Segment length       Fractional utilization
--------------       ----------------------
        2                   0.121

Critical Path: 1.18534e-07 (s)

Time elapsed (PLACE&ROUTE): 110102313.700000 ms


Time elapsed (Fernando): 110102313.726000 ms

