
VPR FPGA Placement and Routing.
Version: Version 5.0.2
Compiled: Dec 11 2020.
Original VPR by V. Betz.
Timing-driven placement enhancements by A. Marquardt.
Single-drivers enhancements by Andy Ye with additions by.
Mark Fang, Jason Luu, Ted Campbell
Heterogeneous stucture support by Jason Luu and Ted Campbell.
This code is licensed only for non-commercial use.

Auto-sizing FPGA, try x = 82 y = 82
Auto-sizing FPGA, try x = 164 y = 164
Auto-sizing FPGA, try x = 328 y = 328
Auto-sizing FPGA, try x = 164 y = 164
Auto-sizing FPGA, try x = 246 y = 246
Auto-sizing FPGA, try x = 205 y = 205
Auto-sizing FPGA, try x = 184 y = 184
Auto-sizing FPGA, try x = 194 y = 194
Auto-sizing FPGA, try x = 199 y = 199
Auto-sizing FPGA, try x = 202 y = 202
Auto-sizing FPGA, try x = 203 y = 203
Auto-sizing FPGA, try x = 204 y = 204
Auto-sizing FPGA, try x = 204 y = 204
FPGA auto-sized to, x = 205 y = 205

Resource Usage:
Netlist      0	blocks of type <EMPTY>
Architecture 4	blocks of type <EMPTY>
Netlist      817	blocks of type .io
Architecture 820	blocks of type .io
Netlist      5859	blocks of type .clb
Architecture 42025	blocks of type .clb

Timing analysis: ON

Operation:  ROUTE_ONLY

PlacerOpts.place_freq:  PLACE_NEVER

RouterOpts.route_type:  DETAILED
RouterOpts.router_algorithm:  TIMING_DRIVEN
RouterOpts.base_cost_type:  DELAY_NORMALIZED
RouterOpts.fixed_channel_width:  NO_FIXED_CHANNEL_WIDTH
RouterOpts.acc_fac:  1.000000
RouterOpts.bb_factor:  3
RouterOpts.bend_cost:  0.000000
RouterOpts.first_iter_pres_fac:  0.500000
RouterOpts.initial_pres_fac:  0.500000
RouterOpts.pres_fac_mult:  1.300000
RouterOpts.max_router_iterations:  50
RouterOpts.astar_fac:  1.200000
RouterOpts.criticality_exp:  1.000000
RouterOpts.max_criticality:  0.990000

RoutingArch.directionality:  UNI_DIRECTIONAL
RoutingArch.switch_block_type:  WILTON
RoutingArch.Fs:  3

The circuit will be mapped into a 205 x 205 array of clbs.

Netlist num_nets:  5987
Netlist num_blocks:  6676
Netlist inputs pins:  128
Netlist output pins:  689

126 140 0
201 206 0
147 202 0
115 154 0
139 174 0
149 180 0
123 137 0
124 137 0
110 186 0
115 183 0
111 183 0
149 186 0
168 170 0
137 181 0
139 175 0
140 175 0
125 186 0
106 163 0
182 203 0
147 200 0
168 173 0
198 203 0
147 201 0
141 143 0
206 175 0
151 180 0
167 177 0
149 189 0
173 178 0
168 188 0
133 185 0
147 175 0
163 163 0
162 166 0
143 144 0
124 198 0
106 152 0
163 167 0
104 198 0
136 172 0
151 177 0
148 177 0
149 193 0
167 190 0
174 196 0
136 168 0
129 198 0
152 176 0
104 187 0
151 190 0
153 179 0
152 177 0
141 145 0
106 185 0
104 186 0
183 188 0
150 175 0
174 175 0
167 169 0
151 176 0
142 162 0
179 197 0
177 194 0
132 189 0
151 156 0
102 193 0
178 196 0
119 143 0
103 199 0
73 187 0
198 204 0
198 201 0
149 203 0
125 175 0
120 198 0
135 197 0
141 198 0
136 179 0
165 177 0
121 143 0
65 194 0
198 198 0
168 197 0
172 199 0
163 183 0
168 171 0
169 172 0
124 164 0
195 198 0
172 200 0
118 199 0
187 204 0
112 179 0
163 184 0
166 191 0
166 170 0
149 174 0
173 177 0
170 173 0
171 172 0
125 192 0
111 204 0
145 189 0
136 181 0
162 198 0
163 205 0
162 183 0
140 198 0
68 196 0
105 205 0
171 175 0
168 172 0
165 170 0
177 187 0
167 171 0
106 203 0
183 194 0
170 203 0
109 182 0
145 168 0
154 203 0
141 177 0
145 183 0
153 205 0
138 151 0
166 177 0
106 196 0
172 176 0
184 185 0
170 200 0
182 192 0
181 190 0
142 164 0
160 186 0
160 181 0
163 165 0
197 203 0
146 191 0
197 202 0
169 180 0
79 178 0
161 165 0
128 185 0
177 186 0
183 184 0
160 164 0
135 193 0
176 185 0
76 196 0
74 189 0
74 190 0
72 185 0
131 203 0
109 178 0
136 187 0
162 170 0
59 201 0
103 183 0
120 144 0
131 179 0
76 195 0
130 139 0
178 188 0
77 180 0
167 194 0
103 173 0
112 182 0
133 199 0
173 193 0
144 160 0
136 146 0
72 187 0
90 194 0
59 200 0
121 144 0
124 189 0
123 143 0
124 142 0
129 183 0
130 140 0
146 157 0
175 183 0
178 179 0
129 139 0
124 166 0
141 193 0
162 185 0
137 179 0
162 184 0
161 184 0
101 203 0
70 189 0
104 203 0
179 186 0
156 159 0
123 156 0
128 195 0
131 142 0
156 168 0
175 184 0
178 181 0
119 197 0
131 192 0
161 198 0
98 203 0
107 176 0
98 202 0
59 199 0
154 164 0
60 200 0
120 155 0
125 162 0
167 201 0
120 156 0
177 183 0
120 157 0
176 184 0
120 158 0
180 186 0
179 184 0
125 144 0
134 203 0
122 192 0
157 200 0
60 197 0
100 160 0
127 140 0
126 149 0
136 178 0
175 185 0
197 205 0
146 174 0
179 181 0
140 187 0
140 200 0
192 194 0
197 201 0
101 178 0
126 141 0
100 159 0
127 147 0
128 147 0
206 201 0
185 201 0
173 197 0
180 190 0
131 165 0
168 205 0
131 143 0
130 143 0
187 200 0
161 169 0
158 162 0
158 163 0
175 203 0
139 196 0
98 167 0
140 150 0
132 169 0
110 202 0
164 205 0
135 202 0
149 204 0
109 149 0
141 183 0
107 203 0
129 140 0
80 178 0
158 194 0
129 147 0
128 140 0
128 161 0
114 179 0
146 200 0
130 147 0
73 194 0
161 168 0
175 205 0
157 165 0
119 187 0
160 183 0
108 158 0
132 172 0
136 180 0
136 141 0
153 156 0
73 191 0
131 147 0
129 165 0
126 191 0
132 165 0
75 191 0
147 156 0
71 197 0
130 177 0
161 176 0
129 143 0
158 166 0
159 165 0
141 192 0
161 205 0
143 175 0
159 203 0
139 186 0
139 187 0
151 162 0
108 151 0
109 157 0
136 191 0
77 182 0
104 182 0
139 166 0
104 173 0
142 192 0
141 166 0
138 166 0
72 195 0
181 202 0
73 193 0
75 192 0
129 166 0
176 199 0
167 170 0
149 166 0
136 145 0
136 144 0
158 160 0
151 181 0
186 201 0
160 184 0
164 189 0
141 186 0
110 197 0
130 190 0
147 168 0
67 202 0
108 196 0
104 181 0
140 186 0
155 159 0
105 181 0
134 189 0
155 160 0
125 160 0
128 156 0
196 201 0
76 191 0
136 159 0
138 157 0
136 157 0
164 184 0
151 163 0
161 164 0
158 157 0
116 196 0
139 201 0
173 203 0
146 192 0
159 205 0
118 174 0
133 173 0
148 204 0
67 201 0
104 184 0
138 156 0
99 204 0
154 159 0
135 162 0
174 204 0
145 191 0
145 170 0
145 171 0
148 156 0
129 179 0
131 139 0
130 138 0
85 172 0
85 173 0
108 194 0
118 168 0
156 197 0
134 184 0
109 183 0
146 169 0
139 194 0
120 188 0
147 204 0
147 205 0
150 169 0
137 185 0
106 171 0
90 193 0
126 160 0
134 156 0
131 156 0
125 168 0
134 174 0
125 159 0
125 161 0
77 181 0
80 180 0
142 170 0
160 182 0
149 184 0
85 170 0
84 174 0
88 183 0
75 203 0
125 200 0
157 161 0
105 196 0
161 179 0
163 188 0
120 197 0
131 204 0
106 181 0
119 141 0
91 186 0
84 181 0
136 148 0
84 184 0
131 138 0
158 200 0
80 181 0
129 155 0
80 182 0
71 187 0
196 198 0
101 164 0
144 167 0
149 191 0
144 168 0
149 152 0
75 195 0
90 183 0
92 199 0
124 199 0
115 156 0
140 189 0
157 185 0
103 186 0
133 141 0
123 177 0
174 197 0
106 159 0
106 167 0
97 160 0
103 162 0
135 148 0
131 196 0
76 194 0
132 157 0
141 188 0
141 144 0
74 187 0
193 197 0
185 203 0
87 183 0
74 194 0
75 194 0
74 193 0
166 190 0
108 171 0
159 180 0
174 183 0
129 190 0
131 199 0
108 176 0
169 203 0
170 205 0
135 180 0
181 205 0
130 195 0
128 138 0
135 156 0
117 153 0
131 155 0
129 161 0
161 193 0
143 178 0
183 195 0
184 202 0
186 205 0
118 164 0
86 185 0
74 191 0
85 183 0
117 175 0
75 193 0
74 197 0
74 196 0
99 190 0
154 176 0
143 190 0
161 200 0
136 200 0
165 201 0
126 192 0
169 196 0
167 192 0
168 194 0
131 180 0
156 164 0
134 152 0
173 185 0
165 192 0
162 195 0
146 154 0
183 201 0
183 200 0
183 199 0
66 192 0
153 175 0
86 183 0
107 190 0
129 176 0
74 198 0
117 176 0
115 175 0
149 195 0
122 151 0
172 203 0
163 196 0
135 200 0
164 195 0
122 179 0
132 185 0
135 185 0
125 184 0
132 145 0
136 142 0
123 146 0
133 152 0
165 198 0
128 153 0
129 152 0
148 175 0
145 154 0
146 155 0
66 195 0
83 175 0
199 204 0
66 193 0
134 165 0
95 197 0
81 176 0
128 197 0
121 175 0
126 199 0
135 198 0
145 192 0
119 173 0
161 191 0
134 188 0
146 193 0
109 196 0
113 182 0
135 186 0
135 199 0
135 184 0
177 181 0
57 203 0
125 203 0
125 146 0
133 168 0
152 165 0
92 165 0
124 188 0
155 158 0
152 164 0
158 167 0
151 168 0
146 180 0
140 144 0
162 165 0
101 176 0
133 165 0
166 171 0
133 166 0
107 174 0
127 165 0
126 165 0
115 177 0
160 195 0
173 175 0
115 176 0
116 176 0
116 175 0
149 194 0
87 204 0
123 170 0
154 196 0
181 200 0
130 198 0
130 202 0
110 194 0
141 167 0
136 190 0
83 204 0
138 196 0
110 179 0
93 174 0
165 205 0
128 203 0
77 206 0
86 180 0
144 205 0
178 206 0
137 189 0
195 200 0
99 179 0
138 200 0
111 150 0
85 198 0
138 197 0
116 164 0
67 184 0
134 190 0
69 196 0
139 190 0
145 160 0
162 176 0
68 193 0
164 199 0
135 179 0
116 167 0
96 166 0
121 141 0
115 196 0
137 174 0
159 185 0
125 136 0
158 188 0
101 171 0
154 185 0
141 171 0
93 204 0
145 206 0
115 144 0
128 146 0
152 179 0
138 147 0
134 175 0
118 143 0
139 199 0
102 196 0
152 180 0
116 195 0
189 194 0
141 165 0
112 166 0
131 201 0
100 200 0
108 154 0
126 180 0
113 151 0
94 167 0
126 170 0
71 189 0
189 197 0
154 179 0
135 142 0
142 150 0
101 183 0
119 169 0
141 196 0
67 185 0
143 152 0
187 196 0
137 155 0
131 186 0
74 185 0
113 153 0
68 192 0
142 205 0
143 179 0
104 193 0
155 171 0
126 171 0
58 203 0
99 193 0
132 158 0
167 182 0
121 194 0
119 185 0
153 184 0
206 90 0
59 206 0
144 157 0
160 180 0
137 193 0
134 151 0
133 155 0
135 167 0
72 194 0
123 187 0
106 186 0
163 177 0
65 202 0
72 188 0
116 145 0
141 168 0
162 201 0
71 191 0
127 171 0
85 203 0
159 172 0
122 156 0
127 158 0
128 154 0
87 197 0
157 162 0
158 164 0
172 181 0
106 205 0
70 180 0
183 202 0
136 151 0
93 202 0
104 189 0
153 190 0
108 180 0
101 193 0
146 173 0
160 177 0
83 183 0
130 189 0
111 181 0
146 170 0
116 177 0
124 155 0
124 192 0
79 188 0
86 182 0
141 160 0
59 203 0
160 193 0
121 183 0
125 199 0
116 161 0
122 176 0
176 186 0
75 182 0
85 179 0
86 202 0
139 200 0
148 158 0
124 165 0
130 158 0
152 155 0
153 185 0
193 200 0
78 185 0
155 170 0
161 175 0
94 188 0
53 205 0
74 202 0
142 206 0
163 204 0
166 175 0
201 205 0
113 147 0
138 185 0
97 205 0
82 181 0
126 176 0
134 202 0
113 146 0
62 206 0
120 170 0
119 160 0
119 159 0
103 187 0
62 199 0
117 166 0
121 193 0
155 191 0
106 178 0
118 161 0
83 200 0
117 145 0
134 185 0
142 199 0
138 191 0
142 158 0
180 203 0
130 157 0
156 166 0
74 178 0
150 156 0
150 180 0
127 173 0
170 175 0
131 151 0
71 183 0
134 180 0
141 190 0
92 191 0
126 143 0
141 185 0
132 148 0
160 170 0
170 182 0
92 187 0
188 189 0
189 200 0
94 187 0
131 140 0
192 202 0
161 188 0
156 189 0
145 147 0
152 173 0
159 193 0
142 201 0
92 171 0
141 174 0
157 190 0
178 182 0
116 168 0
102 188 0
112 203 0
74 206 0
144 153 0
164 179 0
172 173 0
77 201 0
111 167 0
152 159 0
144 200 0
158 192 0
127 146 0
153 192 0
162 190 0
0 196 0
104 158 0
96 184 0
170 194 0
113 190 0
93 193 0
66 204 0
133 154 0
112 156 0
108 164 0
88 189 0
123 148 0
136 206 0
103 175 0
115 147 0
111 173 0
96 172 0
159 182 0
110 171 0
182 193 0
109 171 0
95 196 0
137 161 0
126 173 0
158 187 0
132 186 0
150 157 0
99 173 0
124 145 0
100 205 0
90 180 0
131 146 0
70 183 0
109 181 0
72 196 0
152 158 0
165 193 0
104 180 0
137 176 0
149 188 0
101 200 0
153 167 0
108 170 0
140 202 0
151 194 0
116 201 0
137 199 0
119 165 0
144 196 0
106 206 0
82 192 0
119 164 0
126 194 0
62 191 0
129 141 0
138 168 0
101 161 0
67 194 0
85 204 0
150 193 0
111 156 0
153 180 0
109 168 0
142 200 0
76 202 0
106 179 0
131 141 0
81 174 0
163 202 0
141 180 0
61 201 0
151 206 0
157 183 0
80 187 0
137 190 0
108 167 0
124 160 0
124 173 0
132 176 0
162 193 0
98 182 0
147 173 0
183 193 0
80 197 0
118 193 0
130 197 0
112 162 0
116 157 0
118 178 0
123 158 0
140 181 0
102 161 0
153 187 0
103 195 0
123 191 0
130 193 0
120 202 0
124 169 0
126 200 0
117 191 0
120 203 0
71 199 0
164 187 0
149 159 0
170 199 0
160 174 0
150 161 0
126 175 0
137 205 0
66 199 0
81 206 0
104 160 0
101 159 0
100 161 0
87 186 0
72 181 0
145 165 0
125 195 0
94 173 0
75 181 0
135 150 0
120 150 0
150 166 0
138 148 0
120 140 0
128 143 0
135 195 0
120 181 0
117 173 0
121 196 0
173 196 0
148 206 0
127 144 0
126 151 0
114 171 0
99 197 0
95 172 0
127 139 0
94 164 0
184 204 0
152 167 0
126 148 0
133 163 0
80 202 0
155 185 0
148 191 0
110 151 0
131 150 0
162 181 0
115 188 0
98 187 0
179 196 0
71 186 0
163 168 0
112 186 0
119 177 0
103 204 0
111 179 0
86 203 0
65 206 0
73 192 0
95 203 0
101 167 0
97 192 0
118 192 0
112 174 0
133 162 0
66 0 0
152 204 0
123 173 0
126 145 0
87 205 0
108 156 0
114 150 0
134 177 0
102 168 0
187 194 0
144 193 0
194 200 0
94 172 0
185 204 0
102 166 0
190 199 0
132 141 0
94 165 0
113 189 0
144 156 0
139 176 0
152 191 0
161 183 0
177 200 0
95 199 0
52 206 0
112 185 0
139 188 0
158 190 0
165 168 0
145 155 0
171 178 0
145 161 0
157 179 0
158 201 0
175 202 0
133 203 0
125 142 0
111 158 0
84 202 0
138 173 0
70 187 0
119 146 0
104 196 0
102 178 0
139 152 0
138 161 0
135 161 0
156 165 0
110 154 0
155 179 0
129 202 0
71 179 0
91 201 0
115 181 0
183 198 0
131 178 0
145 202 0
120 149 0
161 170 0
133 148 0
65 193 0
126 190 0
149 151 0
136 139 0
105 158 0
130 180 0
81 190 0
76 181 0
188 195 0
87 194 0
186 192 0
112 187 0
57 204 0
129 188 0
95 206 0
75 187 0
162 169 0
161 206 0
147 166 0
137 141 0
110 149 0
91 185 0
146 198 0
107 194 0
123 159 0
154 156 0
125 183 0
126 187 0
119 192 0
169 204 0
136 193 0
138 146 0
181 189 0
156 204 0
102 198 0
145 157 0
135 160 0
81 193 0
102 186 0
179 189 0
134 159 0
167 183 0
162 206 0
156 205 0
157 163 0
158 202 0
151 197 0
92 196 0
118 180 0
112 180 0
122 171 0
175 201 0
104 202 0
162 182 0
103 178 0
148 180 0
124 172 0
108 184 0
90 187 0
124 139 0
166 180 0
144 206 0
143 165 0
99 206 0
134 160 0
79 195 0
183 189 0
124 159 0
127 206 0
103 202 0
104 204 0
106 172 0
132 152 0
130 174 0
97 202 0
104 172 0
117 163 0
175 179 0
86 187 0
156 183 0
124 153 0
173 182 0
125 194 0
149 165 0
155 182 0
107 164 0
109 163 0
183 192 0
122 184 0
121 156 0
171 179 0
183 186 0
132 195 0
93 194 0
97 184 0
116 187 0
86 176 0
109 187 0
96 173 0
118 170 0
78 188 0
89 171 0
95 163 0
78 198 0
140 156 0
80 179 0
84 176 0
144 195 0
126 159 0
103 189 0
185 206 0
114 151 0
111 153 0
191 204 0
141 151 0
143 158 0
93 173 0
128 150 0
121 159 0
80 193 0
121 192 0
112 199 0
139 143 0
124 196 0
122 180 0
132 194 0
158 206 0
103 170 0
152 196 0
116 179 0
168 179 0
159 187 0
165 185 0
154 193 0
88 199 0
93 182 0
169 175 0
127 197 0
165 181 0
107 168 0
123 138 0
60 205 0
127 155 0
102 175 0
133 139 0
127 159 0
132 151 0
90 169 0
172 186 0
109 172 0
171 182 0
115 164 0
140 154 0
195 203 0
122 167 0
110 195 0
114 147 0
95 204 0
155 178 0
126 179 0
174 181 0
168 206 0
70 204 0
131 166 0
63 194 0
145 196 0
104 197 0
95 185 0
169 183 0
100 190 0
150 190 0
89 176 0
176 200 0
106 191 0
61 202 0
169 181 0
105 175 0
169 191 0
123 176 0
93 171 0
130 168 0
147 174 0
128 184 0
135 205 0
159 179 0
176 198 0
94 180 0
138 162 0
117 202 0
155 190 0
107 200 0
98 197 0
180 204 0
43 206 0
152 194 0
126 166 0
61 200 0
96 165 0
86 188 0
77 183 0
94 163 0
110 188 0
115 195 0
111 166 0
168 196 0
175 197 0
169 206 0
103 194 0
113 148 0
106 162 0
139 197 0
146 151 0
110 148 0
76 184 0
128 180 0
88 177 0
117 205 0
124 141 0
68 181 0
117 190 0
122 178 0
117 152 0
112 160 0
121 197 0
112 169 0
163 186 0
153 183 0
138 202 0
150 165 0
159 160 0
173 180 0
87 191 0
83 197 0
97 174 0
90 197 0
140 176 0
155 200 0
152 171 0
125 138 0
84 196 0
57 205 0
111 155 0
134 149 0
91 182 0
109 158 0
81 175 0
83 176 0
92 197 0
72 202 0
129 206 0
136 171 0
126 196 0
172 204 0
128 149 0
137 171 0
120 192 0
109 152 0
177 198 0
106 173 0
119 198 0
114 146 0
133 137 0
87 176 0
113 198 0
83 205 0
137 163 0
63 195 0
122 186 0
140 164 0
179 206 0
62 205 0
179 205 0
137 206 0
79 201 0
86 204 0
83 203 0
175 198 0
119 184 0
90 178 0
139 144 0
193 198 0
110 166 0
150 202 0
139 171 0
91 198 0
97 194 0
71 193 0
132 155 0
121 155 0
88 193 0
85 188 0
139 160 0
104 201 0
132 167 0
160 178 0
132 197 0
108 165 0
96 163 0
79 199 0
79 180 0
149 157 0
174 188 0
70 193 0
123 154 0
172 201 0
126 146 0
134 178 0
186 193 0
105 187 0
116 147 0
118 189 0
91 170 0
128 173 0
83 179 0
127 174 0
136 152 0
105 203 0
104 177 0
164 191 0
95 192 0
152 178 0
114 188 0
97 170 0
87 198 0
160 168 0
86 177 0
86 175 0
77 178 0
156 203 0
174 191 0
129 154 0
120 186 0
84 180 0
176 190 0
108 181 0
73 204 0
89 203 0
119 152 0
126 204 0
130 166 0
87 190 0
173 176 0
144 164 0
88 192 0
133 206 0
130 161 0
175 182 0
125 185 0
123 167 0
134 164 0
127 201 0
165 179 0
106 199 0
75 201 0
171 197 0
127 172 0
84 204 0
132 196 0
71 202 0
133 145 0
119 194 0
106 193 0
121 171 0
92 180 0
107 162 0
118 165 0
140 177 0
118 166 0
119 201 0
77 187 0
123 197 0
98 173 0
97 173 0
189 193 0
165 196 0
148 193 0
68 197 0
87 180 0
172 194 0
143 183 0
159 188 0
147 165 0
76 182 0
126 168 0
107 189 0
80 191 0
126 150 0
111 172 0
112 154 0
159 192 0
145 158 0
99 196 0
128 160 0
96 185 0
111 192 0
103 185 0
94 168 0
100 196 0
83 181 0
69 182 0
135 151 0
146 195 0
76 183 0
160 204 0
134 142 0
135 174 0
81 205 0
91 173 0
148 199 0
122 168 0
157 164 0
185 202 0
169 173 0
111 175 0
75 204 0
174 182 0
149 163 0
116 203 0
80 175 0
117 174 0
113 183 0
109 156 0
128 205 0
109 160 0
83 202 0
78 205 0
176 195 0
168 195 0
72 205 0
65 200 0
112 152 0
79 185 0
79 205 0
141 203 0
148 176 0
160 194 0
169 178 0
76 189 0
125 204 0
70 201 0
148 182 0
172 205 0
83 193 0
85 184 0
136 160 0
102 172 0
80 192 0
115 198 0
156 190 0
125 140 0
136 147 0
148 166 0
183 205 0
142 175 0
130 159 0
132 160 0
105 193 0
121 189 0
160 163 0
146 163 0
144 163 0
136 202 0
93 189 0
145 205 0
131 187 0
127 150 0
130 149 0
79 182 0
140 152 0
149 167 0
81 186 0
129 158 0
114 202 0
83 180 0
83 182 0
136 162 0
155 206 0
85 189 0
147 153 0
92 181 0
80 198 0
142 152 0
98 180 0
100 162 0
94 202 0
103 167 0
161 194 0
123 201 0
133 144 0
71 0 0
154 186 0
170 185 0
89 192 0
82 177 0
148 186 0
62 193 0
139 206 0
130 136 0
129 182 0
65 0 0
119 171 0
85 180 0
92 174 0
115 172 0
123 166 0
68 190 0
151 186 0
140 145 0
100 194 0
137 153 0
102 164 0
141 176 0
97 178 0
71 184 0
105 194 0
188 198 0
74 203 0
101 197 0
95 198 0
152 199 0
157 199 0
77 205 0
165 190 0
149 155 0
106 164 0
125 141 0
107 204 0
105 199 0
119 182 0
85 185 0
154 177 0
88 194 0
140 146 0
120 154 0
88 187 0
156 186 0
88 185 0
91 179 0
127 170 0
135 166 0
84 192 0
107 206 0
160 206 0
114 174 0
92 186 0
149 192 0
163 199 0
134 140 0
111 174 0
97 199 0
118 198 0
115 148 0
141 153 0
154 182 0
119 147 0
139 155 0
142 173 0
164 200 0
106 160 0
69 195 0
109 161 0
154 198 0
93 164 0
159 167 0
116 158 0
85 199 0
124 151 0
164 190 0
97 197 0
91 171 0
122 172 0
112 171 0
151 199 0
149 198 0
144 186 0
85 175 0
89 194 0
78 186 0
135 146 0
81 204 0
145 172 0
154 170 0
119 170 0
101 202 0
125 157 0
115 167 0
124 191 0
178 199 0
167 185 0
71 185 0
79 190 0
67 197 0
121 139 0
86 189 0
66 203 0
91 194 0
113 174 0
84 193 0
86 173 0
85 193 0
101 168 0
115 149 0
115 163 0
106 200 0
169 205 0
82 183 0
122 166 0
142 188 0
155 181 0
121 150 0
119 148 0
140 155 0
92 182 0
158 172 0
86 178 0
112 191 0
116 163 0
155 198 0
113 177 0
108 166 0
95 200 0
178 201 0
82 180 0
171 177 0
95 195 0
94 205 0
131 149 0
168 180 0
153 206 0
112 153 0
128 137 0
169 184 0
97 176 0
59 198 0
113 152 0
97 162 0
89 195 0
134 155 0
115 194 0
113 168 0
128 157 0
124 157 0
121 200 0
122 203 0
142 148 0
131 206 0
158 156 0
95 205 0
118 205 0
118 152 0
117 161 0
146 199 0
150 200 0
143 189 0
164 188 0
184 193 0
176 201 0
130 188 0
101 187 0
120 142 0
93 196 0
122 150 0
157 194 0
97 166 0
157 197 0
53 201 0
115 159 0
130 181 0
101 160 0
135 147 0
102 203 0
113 200 0
147 152 0
76 197 0
149 201 0
132 150 0
169 190 0
114 192 0
145 201 0
141 187 0
82 195 0
64 196 0
113 206 0
67 193 0
90 175 0
97 172 0
117 187 0
153 176 0
57 201 0
127 143 0
169 195 0
96 199 0
81 188 0
113 161 0
135 159 0
157 182 0
118 176 0
147 191 0
145 194 0
60 203 0
127 204 0
145 179 0
119 178 0
98 174 0
144 148 0
97 187 0
95 171 0
138 192 0
121 160 0
123 171 0
81 182 0
72 190 0
79 192 0
180 201 0
90 201 0
83 199 0
196 203 0
78 178 0
59 204 0
72 175 0
159 189 0
164 192 0
98 176 0
147 161 0
151 195 0
132 183 0
98 188 0
152 203 0
135 177 0
83 174 0
134 197 0
127 179 0
146 159 0
84 206 0
116 152 0
123 189 0
143 206 0
125 171 0
179 204 0
59 202 0
126 162 0
100 187 0
180 187 0
130 185 0
167 176 0
114 173 0
130 155 0
64 202 0
157 174 0
65 205 0
99 199 0
171 203 0
126 147 0
191 205 0
114 199 0
112 170 0
112 146 0
84 177 0
190 202 0
175 192 0
171 193 0
172 195 0
123 188 0
140 184 0
138 199 0
78 183 0
114 145 0
154 201 0
92 176 0
85 174 0
140 148 0
164 201 0
132 175 0
157 184 0
175 206 0
105 176 0
161 197 0
128 202 0
104 157 0
129 199 0
123 172 0
137 187 0
154 197 0
136 174 0
181 197 0
78 202 0
93 203 0
174 184 0
95 179 0
123 174 0
140 163 0
142 146 0
138 183 0
99 186 0
119 176 0
150 162 0
68 194 0
98 170 0
107 153 0
117 159 0
120 201 0
90 172 0
167 184 0
127 169 0
117 167 0
159 162 0
111 190 0
79 191 0
107 151 0
123 147 0
156 177 0
135 152 0
102 206 0
150 203 0
157 188 0
137 142 0
90 199 0
79 193 0
113 170 0
188 200 0
111 206 0
167 206 0
82 206 0
94 195 0
101 156 0
148 174 0
177 205 0
142 168 0
91 181 0
100 173 0
122 175 0
130 142 0
144 180 0
106 166 0
99 184 0
156 163 0
88 184 0
143 196 0
110 206 0
157 186 0
166 201 0
112 196 0
155 187 0
83 177 0
78 195 0
93 190 0
125 196 0
120 205 0
173 204 0
117 197 0
117 198 0
85 192 0
100 192 0
126 201 0
162 179 0
146 187 0
100 203 0
147 149 0
97 204 0
111 195 0
79 202 0
107 159 0
64 200 0
79 203 0
102 157 0
143 150 0
129 160 0
102 184 0
103 180 0
181 192 0
98 199 0
93 176 0
138 175 0
86 193 0
157 204 0
166 186 0
111 151 0
109 162 0
166 203 0
150 195 0
89 179 0
128 183 0
111 186 0
145 173 0
95 165 0
121 163 0
111 189 0
143 182 0
84 194 0
67 195 0
195 204 0
157 198 0
153 170 0
135 173 0
127 153 0
109 153 0
152 185 0
173 194 0
146 176 0
166 193 0
141 162 0
64 195 0
140 178 0
152 154 0
92 178 0
158 181 0
123 139 0
166 173 0
102 163 0
120 172 0
87 187 0
124 201 0
163 174 0
132 139 0
119 188 0
111 187 0
136 176 0
131 168 0
131 200 0
117 201 0
122 159 0
96 183 0
134 150 0
112 190 0
109 165 0
128 167 0
157 171 0
148 197 0
133 174 0
99 174 0
113 150 0
66 202 0
165 202 0
123 198 0
124 193 0
143 170 0
96 197 0
167 186 0
111 184 0
89 204 0
91 184 0
163 194 0
81 184 0
147 167 0
142 174 0
120 189 0
123 196 0
153 177 0
0 157 0
109 203 0
71 178 0
123 178 0
131 148 0
124 183 0
189 203 0
162 205 0
79 200 0
149 173 0
120 180 0
77 198 0
144 166 0
127 175 0
188 205 0
145 162 0
124 144 0
166 205 0
92 163 0
180 205 0
97 186 0
93 180 0
161 185 0
149 150 0
192 200 0
129 178 0
53 204 0
92 195 0
69 203 0
168 181 0
178 203 0
152 195 0
179 187 0
81 179 0
148 189 0
135 178 0
150 179 0
185 198 0
91 183 0
174 203 0
99 194 0
108 203 0
92 192 0
126 202 0
137 201 0
112 177 0
127 160 0
106 190 0
110 163 0
70 196 0
161 186 0
121 157 0
123 175 0
116 182 0
98 184 0
104 195 0
103 205 0
205 187 0
139 162 0
132 184 0
132 205 0
103 161 0
155 162 0
151 191 0
92 193 0
111 162 0
130 156 0
142 189 0
92 179 0
65 199 0
70 188 0
86 179 0
175 186 0
173 206 0
155 167 0
133 161 0
190 197 0
78 187 0
99 164 0
138 170 0
91 188 0
148 192 0
162 189 0
97 188 0
141 154 0
167 193 0
110 192 0
141 161 0
180 202 0
167 173 0
135 153 0
76 206 0
84 199 0
126 193 0
170 187 0
113 172 0
115 186 0
146 178 0
88 203 0
80 186 0
128 196 0
84 201 0
81 196 0
159 202 0
169 197 0
184 206 0
132 191 0
122 183 0
87 174 0
101 174 0
169 188 0
133 191 0
129 148 0
136 194 0
105 169 0
115 171 0
131 137 0
174 186 0
133 183 0
78 184 0
71 200 0
90 192 0
81 191 0
133 175 0
132 164 0
92 166 0
181 206 0
80 195 0
167 189 0
86 206 0
104 168 0
102 159 0
135 206 0
168 187 0
119 154 0
84 179 0
80 199 0
150 160 0
77 199 0
191 199 0
155 189 0
77 204 0
147 157 0
154 205 0
119 144 0
106 194 0
65 201 0
121 154 0
164 186 0
138 178 0
78 168 0
188 203 0
165 174 0
133 194 0
104 183 0
113 145 0
145 178 0
193 205 0
120 200 0
97 167 0
120 184 0
88 195 0
124 195 0
149 158 0
150 191 0
194 196 0
91 167 0
111 164 0
82 193 0
120 163 0
116 169 0
93 206 0
69 201 0
73 203 0
92 194 0
92 201 0
61 206 0
160 176 0
142 147 0
111 161 0
185 194 0
131 183 0
120 167 0
154 167 0
169 182 0
173 190 0
77 189 0
137 182 0
108 202 0
113 192 0
165 189 0
71 201 0
133 143 0
178 204 0
101 157 0
200 205 0
111 198 0
101 206 0
73 200 0
116 189 0
125 154 0
136 163 0
85 200 0
100 170 0
91 169 0
182 188 0
116 181 0
129 175 0
103 200 0
155 193 0
145 181 0
100 202 0
122 206 0
135 158 0
98 163 0
136 150 0
139 157 0
140 183 0
99 167 0
119 155 0
171 176 0
111 152 0
133 184 0
85 176 0
145 200 0
107 196 0
157 192 0
98 201 0
145 164 0
118 159 0
186 197 0
155 176 0
74 184 0
76 185 0
160 198 0
142 178 0
83 184 0
174 176 0
159 183 0
110 158 0
100 178 0
93 200 0
116 206 0
156 206 0
147 160 0
100 195 0
120 148 0
132 173 0
97 191 0
142 197 0
164 197 0
100 206 0
94 171 0
100 183 0
104 188 0
182 198 0
112 148 0
97 200 0
172 190 0
179 182 0
124 140 0
99 0 0
125 174 0
131 202 0
186 202 0
153 194 0
97 206 0
170 201 0
87 206 0
178 202 0
90 173 0
63 200 0
126 182 0
94 200 0
166 204 0
98 183 0
143 173 0
121 187 0
110 157 0
160 189 0
167 191 0
149 183 0
62 204 0
75 0 0
83 195 0
130 172 0
84 183 0
151 192 0
106 184 0
113 204 0
189 196 0
157 203 0
128 158 0
81 200 0
125 172 0
121 182 0
191 203 0
93 192 0
139 180 0
129 200 0
170 184 0
86 195 0
166 178 0
167 179 0
127 181 0
146 186 0
154 195 0
68 206 0
101 172 0
176 180 0
144 187 0
90 174 0
170 176 0
166 182 0
83 185 0
182 184 0
110 187 0
135 191 0
117 194 0
70 185 0
182 199 0
84 182 0
109 167 0
106 188 0
70 182 0
135 176 0
137 172 0
116 198 0
151 164 0
170 186 0
116 148 0
75 186 0
89 174 0
184 201 0
171 183 0
181 204 0
128 135 0
185 200 0
143 201 0
81 168 0
113 167 0
125 176 0
70 200 0
95 173 0
157 202 0
129 145 0
129 174 0
132 200 0
155 165 0
155 174 0
91 168 0
145 151 0
167 174 0
122 185 0
114 182 0
139 195 0
177 180 0
90 170 0
97 179 0
102 190 0
165 175 0
173 200 0
87 178 0
113 195 0
87 172 0
142 166 0
124 174 0
96 168 0
129 153 0
170 196 0
112 157 0
118 202 0
102 183 0
132 201 0
96 180 0
182 197 0
82 199 0
149 178 0
191 195 0
88 204 0
145 186 0
140 161 0
116 155 0
143 205 0
159 171 0
133 160 0
168 175 0
113 159 0
124 206 0
187 199 0
102 204 0
135 201 0
152 174 0
77 179 0
140 149 0
168 177 0
161 189 0
165 186 0
113 191 0
133 202 0
125 205 0
102 199 0
154 178 0
101 182 0
142 163 0
200 204 0
98 178 0
101 204 0
95 193 0
134 145 0
70 186 0
171 195 0
99 162 0
119 206 0
94 166 0
125 158 0
112 194 0
84 175 0
152 184 0
107 175 0
90 196 0
110 190 0
122 200 0
129 168 0
150 167 0
14 206 0
119 180 0
113 202 0
129 185 0
198 195 0
88 171 0
141 181 0
127 136 0
99 201 0
159 164 0
130 179 0
152 202 0
93 166 0
108 198 0
183 204 0
137 148 0
153 173 0
121 179 0
165 183 0
171 187 0
124 175 0
96 189 0
136 205 0
105 191 0
54 206 0
142 156 0
164 177 0
181 187 0
93 184 0
119 151 0
77 197 0
177 193 0
94 197 0
113 203 0
103 179 0
116 180 0
151 160 0
151 182 0
102 180 0
75 184 0
118 147 0
148 200 0
109 155 0
72 191 0
171 205 0
87 199 0
95 202 0
79 186 0
140 185 0
147 170 0
152 181 0
94 169 0
93 198 0
60 204 0
96 203 0
145 180 0
172 202 0
108 155 0
168 189 0
131 191 0
103 169 0
103 166 0
169 186 0
143 193 0
153 165 0
167 175 0
148 153 0
175 200 0
98 206 0
112 178 0
104 192 0
92 203 0
150 196 0
171 198 0
109 180 0
84 173 0
133 200 0
110 161 0
157 187 0
160 191 0
120 160 0
159 186 0
78 204 0
175 188 0
54 205 0
136 204 0
180 196 0
88 179 0
101 190 0
119 162 0
125 182 0
96 174 0
86 190 0
137 149 0
148 152 0
156 167 0
163 191 0
63 203 0
180 195 0
122 182 0
75 190 0
131 170 0
117 204 0
146 161 0
97 175 0
137 145 0
177 203 0
97 198 0
191 202 0
113 184 0
131 177 0
164 206 0
130 196 0
149 175 0
127 166 0
113 154 0
130 201 0
131 145 0
131 169 0
67 198 0
166 179 0
68 203 0
123 205 0
103 206 0
106 165 0
106 168 0
111 178 0
115 206 0
105 153 0
93 169 0
153 169 0
82 190 0
143 199 0
144 179 0
64 201 0
108 192 0
145 176 0
78 197 0
127 189 0
175 181 0
128 191 0
164 185 0
144 161 0
133 179 0
69 170 0
155 168 0
139 184 0
84 191 0
85 177 0
131 161 0
118 191 0
140 199 0
152 183 0
87 189 0
135 203 0
169 202 0
96 179 0
135 149 0
68 202 0
55 204 0
168 200 0
135 182 0
135 164 0
116 170 0
113 187 0
174 200 0
176 196 0
117 144 0
127 163 0
95 166 0
156 201 0
68 204 0
75 183 0
99 200 0
158 198 0
148 203 0
135 183 0
183 185 0
125 202 0
57 202 0
167 181 0
109 192 0
102 202 0
97 201 0
129 203 0
126 155 0
151 183 0
144 188 0
69 202 0
127 157 0
111 157 0
93 195 0
114 181 0
65 204 0
97 171 0
82 204 0
149 176 0
165 169 0
206 153 0
89 201 0
117 171 0
191 196 0
103 158 0
126 186 0
124 178 0
80 177 0
206 186 0
102 156 0
74 201 0
153 199 0
131 159 0
100 163 0
75 206 0
127 203 0
139 148 0
122 195 0
124 197 0
136 192 0
86 192 0
144 155 0
79 187 0
115 190 0
156 160 0
116 153 0
103 198 0
112 151 0
111 165 0
172 184 0
95 183 0
178 186 0
58 199 0
106 202 0
172 196 0
90 181 0
0 175 0
169 177 0
100 157 0
155 204 0
181 201 0
76 186 0
93 168 0
115 160 0
156 199 0
122 142 0
71 192 0
105 163 0
103 182 0
83 198 0
109 205 0
168 185 0
92 172 0
104 165 0
83 188 0
73 201 0
72 204 0
185 199 0
193 199 0
171 192 0
137 178 0
131 188 0
113 201 0
107 170 0
105 179 0
80 206 0
96 202 0
84 198 0
128 171 0
56 204 0
98 196 0
95 164 0
67 204 0
139 147 0
115 151 0
143 161 0
84 190 0
126 206 0
132 192 0
137 143 0
168 199 0
138 177 0
113 169 0
99 189 0
93 201 0
117 195 0
116 178 0
173 199 0
113 173 0
182 187 0
142 155 0
137 144 0
102 182 0
124 200 0
91 206 0
126 138 0
101 205 0
147 181 0
124 185 0
137 197 0
132 144 0
171 206 0
112 192 0
105 166 0
145 163 0
143 157 0
93 183 0
149 156 0
108 172 0
93 186 0
149 199 0
102 176 0
99 188 0
170 193 0
169 189 0
188 191 0
143 194 0
129 184 0
106 156 0
90 186 0
134 192 0
151 201 0
132 137 0
133 171 0
104 156 0
128 168 0
99 171 0
108 186 0
161 201 0
111 147 0
122 154 0
178 197 0
176 204 0
103 156 0
172 185 0
171 188 0
103 154 0
164 174 0
83 192 0
155 163 0
115 153 0
88 186 0
163 182 0
34 0 0
109 154 0
130 151 0
112 206 0
80 203 0
100 189 0
89 173 0
85 206 0
150 187 0
116 144 0
171 180 0
119 174 0
129 172 0
100 197 0
145 169 0
121 188 0
86 191 0
105 156 0
70 195 0
144 165 0
94 185 0
123 195 0
127 148 0
96 187 0
81 178 0
96 176 0
88 174 0
84 189 0
63 205 0
88 173 0
153 196 0
65 196 0
127 177 0
129 196 0
114 175 0
68 201 0
62 196 0
186 200 0
66 173 0
184 203 0
121 149 0
159 206 0
183 182 0
168 184 0
144 169 0
111 163 0
130 153 0
121 166 0
127 184 0
123 168 0
118 179 0
182 206 0
171 199 0
180 194 0
123 182 0
118 206 0
110 169 0
163 198 0
115 161 0
113 197 0
70 205 0
116 200 0
89 168 0
107 201 0
168 190 0
131 197 0
133 205 0
96 198 0
120 141 0
141 199 0
129 173 0
151 170 0
159 184 0
133 156 0
91 192 0
116 156 0
170 191 0
158 161 0
117 206 0
98 161 0
126 197 0
80 174 0
171 184 0
105 167 0
100 185 0
161 162 0
197 204 0
156 188 0
73 195 0
113 186 0
111 180 0
127 200 0
148 183 0
137 165 0
160 201 0
93 165 0
142 193 0
128 174 0
0 172 0
123 145 0
165 191 0
85 191 0
72 201 0
95 175 0
112 159 0
134 173 0
166 192 0
125 188 0
127 152 0
121 185 0
145 188 0
115 205 0
156 195 0
171 194 0
114 163 0
164 171 0
156 178 0
146 144 0
173 179 0
161 163 0
91 193 0
146 181 0
114 159 0
78 179 0
177 196 0
170 177 0
73 186 0
143 191 0
85 196 0
115 180 0
66 170 0
129 197 0
129 146 0
70 206 0
103 172 0
138 167 0
66 194 0
138 193 0
178 189 0
95 182 0
139 167 0
145 193 0
89 183 0
173 172 0
167 199 0
115 184 0
147 189 0
107 188 0
110 183 0
119 205 0
111 205 0
114 184 0
134 191 0
163 170 0
78 181 0
88 169 0
148 202 0
146 190 0
101 175 0
88 190 0
143 162 0
96 177 0
190 205 0
134 206 0
141 157 0
63 197 0
154 175 0
72 193 0
92 169 0
95 169 0
96 201 0
187 193 0
87 175 0
89 172 0
126 167 0
98 177 0
86 181 0
144 149 0
93 170 0
126 195 0
67 192 0
105 192 0
132 142 0
105 173 0
108 150 0
189 198 0
110 178 0
146 204 0
184 188 0
158 183 0
168 186 0
120 143 0
121 180 0
125 189 0
99 203 0
138 194 0
75 196 0
134 162 0
89 177 0
168 174 0
128 169 0
186 187 0
117 146 0
110 185 0
142 195 0
93 181 0
90 176 0
88 206 0
79 183 0
114 165 0
82 182 0
165 199 0
92 189 0
68 195 0
154 172 0
127 161 0
156 196 0
141 175 0
69 197 0
103 171 0
109 191 0
165 200 0
138 181 0
155 196 0
60 198 0
146 202 0
128 192 0
154 206 0
102 174 0
85 187 0
96 164 0
120 206 0
129 193 0
140 174 0
71 196 0
129 170 0
101 199 0
67 190 0
167 188 0
96 190 0
168 191 0
135 144 0
70 184 0
151 178 0
143 155 0
90 191 0
135 140 0
187 190 0
162 191 0
133 177 0
130 182 0
107 169 0
100 201 0
143 159 0
92 202 0
144 159 0
144 197 0
91 175 0
110 150 0
60 199 0
150 206 0
143 192 0
116 197 0
122 152 0
101 192 0
125 163 0
69 172 0
92 170 0
130 194 0
150 197 0
101 179 0
114 168 0
131 189 0
113 193 0
95 194 0
102 205 0
58 205 0
186 206 0
131 160 0
132 153 0
145 187 0
136 197 0
158 185 0
116 166 0
117 185 0
98 200 0
108 163 0
98 194 0
90 171 0
119 153 0
105 206 0
176 202 0
110 203 0
97 182 0
143 203 0
68 191 0
186 191 0
83 196 0
123 194 0
98 192 0
151 157 0
69 205 0
91 178 0
85 202 0
112 172 0
97 181 0
142 154 0
114 189 0
102 191 0
131 158 0
124 194 0
138 154 0
154 163 0
82 194 0
101 158 0
174 180 0
113 149 0
176 203 0
102 189 0
80 190 0
120 204 0
64 205 0
199 205 0
188 204 0
128 134 0
72 206 0
97 196 0
109 151 0
101 201 0
107 182 0
153 186 0
103 192 0
88 166 0
153 197 0
135 171 0
143 181 0
104 167 0
94 181 0
152 162 0
128 136 0
144 190 0
91 172 0
172 175 0
117 170 0
154 160 0
142 185 0
84 178 0
188 194 0
79 206 0
88 178 0
124 168 0
136 183 0
177 179 0
156 194 0
80 200 0
67 170 0
158 176 0
95 188 0
134 154 0
142 181 0
123 153 0
170 197 0
127 154 0
184 205 0
116 193 0
99 170 0
173 192 0
72 177 0
123 165 0
72 176 0
164 168 0
118 155 0
126 154 0
107 199 0
114 172 0
124 187 0
156 170 0
69 199 0
138 174 0
87 196 0
121 170 0
159 163 0
163 173 0
128 133 0
117 192 0
132 181 0
88 176 0
148 196 0
112 155 0
81 201 0
120 164 0
146 167 0
113 157 0
146 175 0
195 202 0
156 171 0
168 183 0
167 202 0
122 199 0
153 181 0
122 204 0
145 199 0
124 184 0
80 185 0
137 202 0
84 187 0
151 198 0
132 179 0
78 174 0
186 189 0
129 191 0
99 187 0
189 205 0
194 203 0
64 206 0
112 167 0
130 148 0
138 190 0
163 192 0
166 196 0
109 164 0
115 202 0
191 194 0
127 186 0
82 178 0
152 175 0
106 189 0
98 172 0
118 145 0
81 199 0
118 196 0
123 206 0
145 177 0
116 199 0
131 174 0
72 199 0
135 154 0
81 177 0
91 195 0
89 200 0
106 177 0
137 170 0
83 206 0
181 186 0
117 165 0
192 196 0
119 149 0
113 162 0
115 166 0
136 153 0
119 145 0
180 188 0
80 201 0
149 161 0
149 162 0
109 201 0
144 152 0
154 169 0
90 177 0
186 204 0
99 158 0
112 163 0
125 206 0
119 150 0
156 158 0
84 205 0
182 191 0
108 157 0
145 195 0
63 199 0
113 179 0
135 188 0
94 191 0
114 200 0
120 187 0
131 190 0
136 161 0
136 169 0
190 193 0
125 173 0
127 178 0
90 206 0
165 187 0
97 183 0
87 171 0
176 192 0
78 201 0
72 197 0
108 178 0
145 204 0
120 191 0
139 189 0
195 205 0
63 206 0
108 169 0
98 190 0
162 197 0
134 170 0
127 176 0
109 174 0
107 156 0
126 161 0
180 189 0
120 153 0
82 203 0
167 180 0
128 162 0
95 201 0
130 192 0
127 164 0
162 202 0
133 153 0
111 154 0
99 182 0
95 167 0
93 185 0
92 200 0
110 180 0
0 169 0
206 189 0
130 154 0
133 142 0
154 168 0
196 200 0
78 171 0
111 196 0
114 154 0
155 184 0
61 198 0
114 180 0
135 168 0
99 202 0
136 186 0
115 197 0
164 183 0
129 177 0
147 196 0
94 184 0
124 152 0
113 180 0
173 184 0
166 169 0
64 193 0
144 189 0
64 194 0
148 165 0
186 188 0
125 179 0
70 202 0
158 179 0
159 168 0
136 188 0
66 198 0
158 168 0
56 202 0
89 196 0
143 202 0
99 178 0
186 203 0
149 202 0
102 181 0
112 149 0
80 194 0
151 161 0
121 148 0
105 189 0
177 195 0
130 152 0
147 198 0
171 201 0
0 147 0
127 138 0
99 183 0
159 197 0
159 198 0
125 177 0
202 205 0
120 179 0
180 206 0
129 144 0
92 205 0
141 206 0
166 194 0
201 204 0
131 185 0
189 195 0
126 172 0
87 200 0
108 161 0
74 188 0
154 157 0
132 163 0
64 204 0
140 169 0
147 177 0
190 198 0
78 203 0
96 162 0
115 193 0
173 173 0
129 149 0
115 145 0
152 192 0
131 163 0
155 157 0
160 171 0
194 205 0
155 169 0
177 192 0
189 202 0
70 191 0
99 159 0
115 201 0
177 189 0
142 177 0
86 171 0
163 187 0
118 204 0
140 194 0
113 163 0
161 173 0
174 190 0
155 161 0
73 197 0
119 163 0
122 140 0
67 205 0
175 204 0
85 205 0
148 201 0
125 155 0
111 149 0
74 205 0
109 197 0
163 166 0
128 148 0
123 162 0
146 205 0
131 194 0
72 192 0
159 173 0
192 204 0
156 162 0
187 201 0
111 203 0
156 191 0
144 198 0
129 151 0
142 176 0
121 176 0
61 195 0
115 162 0
184 198 0
80 189 0
130 146 0
164 176 0
109 176 0
133 150 0
114 193 0
193 195 0
172 189 0
122 163 0
158 182 0
92 175 0
138 155 0
90 189 0
101 185 0
157 178 0
118 162 0
133 157 0
136 189 0
117 182 0
144 199 0
172 179 0
151 184 0
98 195 0
132 198 0
140 196 0
66 196 0
118 177 0
107 157 0
112 195 0
111 169 0
128 200 0
177 206 0
162 173 0
124 156 0
145 190 0
139 165 0
87 195 0
95 174 0
70 199 0
137 188 0
135 169 0
132 159 0
132 182 0
125 149 0
145 166 0
78 194 0
142 203 0
160 185 0
118 195 0
121 184 0
140 206 0
79 181 0
129 180 0
115 189 0
157 169 0
193 201 0
181 196 0
132 156 0
69 175 0
137 196 0
134 141 0
169 201 0
127 142 0
159 200 0
96 182 0
116 149 0
188 199 0
188 197 0
175 178 0
185 197 0
88 196 0
67 173 0
124 204 0
120 166 0
169 200 0
85 190 0
134 194 0
123 152 0
118 188 0
98 171 0
98 164 0
71 194 0
89 205 0
140 147 0
89 182 0
171 186 0
113 171 0
101 173 0
156 174 0
118 167 0
162 203 0
174 199 0
141 163 0
141 156 0
150 171 0
117 147 0
117 168 0
139 183 0
131 157 0
95 177 0
128 182 0
127 202 0
100 186 0
114 186 0
121 181 0
132 206 0
131 182 0
133 190 0
128 141 0
124 149 0
122 201 0
86 205 0
103 157 0
198 202 0
100 184 0
100 179 0
154 161 0
108 206 0
120 173 0
157 189 0
85 197 0
124 148 0
84 185 0
111 197 0
143 180 0
56 205 0
152 187 0
176 187 0
129 167 0
90 202 0
157 193 0
119 199 0
112 161 0
163 180 0
107 185 0
111 199 0
101 163 0
92 177 0
183 190 0
89 202 0
147 150 0
153 200 0
150 154 0
174 178 0
104 175 0
115 178 0
146 194 0
160 203 0
100 174 0
138 163 0
131 136 0
160 165 0
91 200 0
100 181 0
107 163 0
151 167 0
87 177 0
169 192 0
167 198 0
121 178 0
97 165 0
0 179 0
79 179 0
176 197 0
150 152 0
137 177 0
98 204 0
181 183 0
129 181 0
150 204 0
77 188 0
134 182 0
153 166 0
147 193 0
95 162 0
92 206 0
127 180 0
192 206 0
121 206 0
120 178 0
91 196 0
90 190 0
104 161 0
93 167 0
153 162 0
117 148 0
92 204 0
132 143 0
119 175 0
156 202 0
79 204 0
185 195 0
153 182 0
91 199 0
189 199 0
99 195 0
178 184 0
152 205 0
96 193 0
96 175 0
157 196 0
112 197 0
90 185 0
121 169 0
143 166 0
94 183 0
85 195 0
154 200 0
82 189 0
143 204 0
120 175 0
85 194 0
82 201 0
148 159 0
104 185 0
164 204 0
151 175 0
84 195 0
134 201 0
100 165 0
112 158 0
143 187 0
107 192 0
99 198 0
101 196 0
176 183 0
176 205 0
143 153 0
144 181 0
88 200 0
126 181 0
120 147 0
162 180 0
167 195 0
106 195 0
105 170 0
159 176 0
146 179 0
85 181 0
155 197 0
123 164 0
66 200 0
133 147 0
98 179 0
112 173 0
118 148 0
133 151 0
68 199 0
127 149 0
161 204 0
149 187 0
117 158 0
106 192 0
180 199 0
126 153 0
101 195 0
97 164 0
97 180 0
178 180 0
194 204 0
109 199 0
180 184 0
126 142 0
142 186 0
120 195 0
81 189 0
115 199 0
165 171 0
149 181 0
81 192 0
140 182 0
184 189 0
108 201 0
108 204 0
171 202 0
138 186 0
160 175 0
163 171 0
164 181 0
127 205 0
136 165 0
172 180 0
139 202 0
154 180 0
152 163 0
149 170 0
67 183 0
152 156 0
108 160 0
136 154 0
174 185 0
146 189 0
107 171 0
187 198 0
108 159 0
187 197 0
107 160 0
65 195 0
141 169 0
110 177 0
90 184 0
178 192 0
148 171 0
114 160 0
138 150 0
138 149 0
98 198 0
113 158 0
134 146 0
134 199 0
143 168 0
94 179 0
114 197 0
134 144 0
127 167 0
139 149 0
164 178 0
175 196 0
176 181 0
187 203 0
192 197 0
130 204 0
146 148 0
117 179 0
119 172 0
113 188 0
64 198 0
127 162 0
88 181 0
88 180 0
72 200 0
91 203 0
108 152 0
117 193 0
128 172 0
130 205 0
121 167 0
73 188 0
182 205 0
165 184 0
156 192 0
122 173 0
139 191 0
142 153 0
110 199 0
117 172 0
121 191 0
66 205 0
133 197 0
140 195 0
90 205 0
191 198 0
172 206 0
155 177 0
120 168 0
159 181 0
154 171 0
163 178 0
162 177 0
82 188 0
164 169 0
83 178 0
81 185 0
151 203 0
159 174 0
116 171 0
168 202 0
169 185 0
196 205 0
132 203 0
155 172 0
130 200 0
121 168 0
167 187 0
147 194 0
110 164 0
130 176 0
117 181 0
144 182 0
150 194 0
166 174 0
89 189 0
143 151 0
133 146 0
116 192 0
116 143 0
70 177 0
95 180 0
150 192 0
117 160 0
102 160 0
123 200 0
116 185 0
150 177 0
69 193 0
105 201 0
88 175 0
73 182 0
150 176 0
87 170 0
113 199 0
193 196 0
77 194 0
110 175 0
114 195 0
82 179 0
119 196 0
72 189 0
158 186 0
94 190 0
137 186 0
91 180 0
77 195 0
108 153 0
149 179 0
92 167 0
122 161 0
146 188 0
113 176 0
130 170 0
92 168 0
130 145 0
97 163 0
78 200 0
177 185 0
95 168 0
80 204 0
158 180 0
76 187 0
150 159 0
150 198 0
104 199 0
137 167 0
114 167 0
115 187 0
148 151 0
132 177 0
137 194 0
124 162 0
82 197 0
136 198 0
130 184 0
146 184 0
124 181 0
182 195 0
161 178 0
83 191 0
160 205 0
96 167 0
162 178 0
159 178 0
158 174 0
102 179 0
155 188 0
171 196 0
175 194 0
93 199 0
79 189 0
172 187 0
149 160 0
155 195 0
145 185 0
125 156 0
153 193 0
112 193 0
144 184 0
164 180 0
89 187 0
134 161 0
123 204 0
164 198 0
133 196 0
150 158 0
69 189 0
180 183 0
147 203 0
118 203 0
70 176 0
106 157 0
165 176 0
91 205 0
68 178 0
81 195 0
122 160 0
160 162 0
103 193 0
133 149 0
135 181 0
134 176 0
169 179 0
155 164 0
178 193 0
140 190 0
133 182 0
113 160 0
128 179 0
87 173 0
116 159 0
82 202 0
86 201 0
67 200 0
112 150 0
107 152 0
193 202 0
144 154 0
144 147 0
147 169 0
99 168 0
144 203 0
119 158 0
78 182 0
115 200 0
103 168 0
108 197 0
122 147 0
103 188 0
161 190 0
87 185 0
147 192 0
144 204 0
182 186 0
94 194 0
107 179 0
75 198 0
112 164 0
96 200 0
134 157 0
109 166 0
185 189 0
134 196 0
157 205 0
108 205 0
136 166 0
127 193 0
131 173 0
122 205 0
141 201 0
159 175 0
142 160 0
159 170 0
107 167 0
84 197 0
171 185 0
158 175 0
138 206 0
108 191 0
149 168 0
148 168 0
135 163 0
182 204 0
150 188 0
138 165 0
118 150 0
190 203 0
143 197 0
178 200 0
115 174 0
152 200 0
158 170 0
151 159 0
150 201 0
114 169 0
107 178 0
121 142 0
151 196 0
107 202 0
152 166 0
144 192 0
110 160 0
138 143 0
72 203 0
70 190 0
88 165 0
165 166 0
88 164 0
153 164 0
103 164 0
111 160 0
134 200 0
95 170 0
151 174 0
161 172 0
138 159 0
96 195 0
131 193 0
139 153 0
82 184 0
148 160 0
147 159 0
142 202 0
186 195 0
140 204 0
168 182 0
142 151 0
85 201 0
112 204 0
112 168 0
100 168 0
156 193 0
97 168 0
94 170 0
104 154 0
179 202 0
90 204 0
73 205 0
111 185 0
98 186 0
102 169 0
80 205 0
107 173 0
73 206 0
134 147 0
115 169 0
142 191 0
126 185 0
74 192 0
184 191 0
114 157 0
105 186 0
89 185 0
167 200 0
181 203 0
128 178 0
142 179 0
157 191 0
105 155 0
130 206 0
154 188 0
105 204 0
166 195 0
166 206 0
109 200 0
134 167 0
161 177 0
163 179 0
139 205 0
158 173 0
150 172 0
163 190 0
118 175 0
170 181 0
144 194 0
104 169 0
142 165 0
162 192 0
128 155 0
151 171 0
141 205 0
131 162 0
99 165 0
130 199 0
148 157 0
151 205 0
179 201 0
192 199 0
68 180 0
78 177 0
110 193 0
121 147 0
125 169 0
111 159 0
126 184 0
88 205 0
156 169 0
110 159 0
136 201 0
151 188 0
187 189 0
142 196 0
139 156 0
106 155 0
139 182 0
106 154 0
144 170 0
147 158 0
94 203 0
104 162 0
148 155 0
146 158 0
138 152 0
141 178 0
115 168 0
120 177 0
90 167 0
96 171 0
76 198 0
162 187 0
134 143 0
119 202 0
126 174 0
121 198 0
111 168 0
142 190 0
155 180 0
117 203 0
139 193 0
148 181 0
68 205 0
149 205 0
140 205 0
151 202 0
110 152 0
154 204 0
143 186 0
161 192 0
109 194 0
152 201 0
183 191 0
109 206 0
105 198 0
168 198 0
161 181 0
142 159 0
163 176 0
141 197 0
132 170 0
98 175 0
172 188 0
128 186 0
107 172 0
125 198 0
170 178 0
58 204 0
111 176 0
144 151 0
170 174 0
107 177 0
180 185 0
78 193 0
117 200 0
148 172 0
164 194 0
134 205 0
153 174 0
186 198 0
96 196 0
151 173 0
126 163 0
142 204 0
116 183 0
154 165 0
185 205 0
122 148 0
158 171 0
78 206 0
113 185 0
66 191 0
122 139 0
112 184 0
194 197 0
189 192 0
98 205 0
60 201 0
67 196 0
137 184 0
126 178 0
185 190 0
163 169 0
72 198 0
115 158 0
150 199 0
187 191 0
125 191 0
121 190 0
140 167 0
140 153 0
101 166 0
99 181 0
118 163 0
148 178 0
162 196 0
131 153 0
137 183 0
74 181 0
76 201 0
173 205 0
77 202 0
69 204 0
135 172 0
123 181 0
116 146 0
140 188 0
142 194 0
118 171 0
136 203 0
110 165 0
95 191 0
99 185 0
121 153 0
87 201 0
116 162 0
70 198 0
140 170 0
151 187 0
100 158 0
116 186 0
183 187 0
127 191 0
122 157 0
149 172 0
145 174 0
115 182 0
112 202 0
102 171 0
98 189 0
162 186 0
158 199 0
106 169 0
99 172 0
150 173 0
140 171 0
139 172 0
147 172 0
117 141 0
161 171 0
148 169 0
117 143 0
148 170 0
148 167 0
129 164 0
128 193 0
81 173 0
138 164 0
140 179 0
154 166 0
129 150 0
185 187 0
153 188 0
113 178 0
153 195 0
68 187 0
69 192 0
122 198 0
100 204 0
143 164 0
139 170 0
87 182 0
115 204 0
121 162 0
119 193 0
138 188 0
179 192 0
111 148 0
64 203 0
120 174 0
107 154 0
133 198 0
76 204 0
114 158 0
105 188 0
96 170 0
133 178 0
118 182 0
143 163 0
96 169 0
162 188 0
80 196 0
105 195 0
96 181 0
165 206 0
181 198 0
100 166 0
81 203 0
88 198 0
115 150 0
112 188 0
114 203 0
117 169 0
103 181 0
105 180 0
110 172 0
182 200 0
116 191 0
102 165 0
102 162 0
131 135 0
100 167 0
169 194 0
71 203 0
86 194 0
102 194 0
110 182 0
110 205 0
123 141 0
106 176 0
113 205 0
71 198 0
104 159 0
77 196 0
113 156 0
157 175 0
70 181 0
123 186 0
94 175 0
162 171 0
143 177 0
147 190 0
122 189 0
172 193 0
135 204 0
183 196 0
150 205 0
194 201 0
133 188 0
93 175 0
95 178 0
71 204 0
154 192 0
135 157 0
166 184 0
99 169 0
76 188 0
129 162 0
127 194 0
126 144 0
102 170 0
110 168 0
97 169 0
62 192 0
109 188 0
101 169 0
128 164 0
153 168 0
206 145 0
140 166 0
107 198 0
134 148 0
143 169 0
149 171 0
94 182 0
150 183 0
82 196 0
150 185 0
143 148 0
141 200 0
128 144 0
157 180 0
67 191 0
117 150 0
67 199 0
133 201 0
68 198 0
108 182 0
106 153 0
119 161 0
103 155 0
120 196 0
62 202 0
115 203 0
128 206 0
87 203 0
140 151 0
153 178 0
117 142 0
115 155 0
148 161 0
146 156 0
109 159 0
101 165 0
160 196 0
104 171 0
104 163 0
114 162 0
114 204 0
121 201 0
157 181 0
110 181 0
105 165 0
136 173 0
87 179 0
117 162 0
102 167 0
82 176 0
154 190 0
103 191 0
170 204 0
127 151 0
166 187 0
106 170 0
117 180 0
122 143 0
123 151 0
153 160 0
121 161 0
98 193 0
139 146 0
143 198 0
128 139 0
83 194 0
170 183 0
113 155 0
122 162 0
95 189 0
76 190 0
184 195 0
110 191 0
166 189 0
161 195 0
138 204 0
0 190 0
128 189 0
120 146 0
190 196 0
113 165 0
154 202 0
119 195 0
95 176 0
62 201 0
86 200 0
174 194 0
136 143 0
122 196 0
155 202 0
123 190 0
162 164 0
156 184 0
127 168 0
114 155 0
150 163 0
121 199 0
171 174 0
184 200 0
89 169 0
88 170 0
98 169 0
92 198 0
95 181 0
199 203 0
96 205 0
145 184 0
82 205 0
183 203 0
123 193 0
148 162 0
131 152 0
125 150 0
157 170 0
98 166 0
161 180 0
148 154 0
152 189 0
156 180 0
153 201 0
183 183 0
130 150 0
151 179 0
150 181 0
175 190 0
111 182 0
111 200 0
174 195 0
179 194 0
58 202 0
95 186 0
180 193 0
58 201 0
110 189 0
145 197 0
176 194 0
138 198 0
120 171 0
184 199 0
128 145 0
193 203 0
109 150 0
138 145 0
73 196 0
162 167 0
146 153 0
141 195 0
180 200 0
114 205 0
108 174 0
159 161 0
63 198 0
147 176 0
106 175 0
107 166 0
136 177 0
146 149 0
137 150 0
103 163 0
115 170 0
194 202 0
108 162 0
121 146 0
127 198 0
104 191 0
98 160 0
147 206 0
88 172 0
91 189 0
96 191 0
149 197 0
118 151 0
183 206 0
105 185 0
192 203 0
108 179 0
73 189 0
91 190 0
93 188 0
135 175 0
135 143 0
90 188 0
130 135 0
116 184 0
128 199 0
102 197 0
114 176 0
92 183 0
185 193 0
190 206 0
91 177 0
93 172 0
110 170 0
124 205 0
98 162 0
130 175 0
110 196 0
104 166 0
141 148 0
76 205 0
160 169 0
146 171 0
141 194 0
179 195 0
108 185 0
117 154 0
115 157 0
163 189 0
170 206 0
199 200 0
163 185 0
141 184 0
163 172 0
98 185 0
157 166 0
142 184 0
177 188 0
143 185 0
151 189 0
180 198 0
148 187 0
139 177 0
94 206 0
151 185 0
171 191 0
150 182 0
154 191 0
79 196 0
152 190 0
92 184 0
167 197 0
172 183 0
177 197 0
76 203 0
174 205 0
179 193 0
138 158 0
102 201 0
133 167 0
77 203 0
147 164 0
131 198 0
191 206 0
91 202 0
115 146 0
94 204 0
139 158 0
100 180 0
118 160 0
123 157 0
99 163 0
112 200 0
104 190 0
120 162 0
71 188 0
87 188 0
93 191 0
84 188 0
142 187 0
176 178 0
99 191 0
118 146 0
149 169 0
206 202 0
140 157 0
188 196 0
132 154 0
148 190 0
109 193 0
143 147 0
112 205 0
119 167 0
159 201 0
136 195 0
104 174 0
65 197 0
105 154 0
171 190 0
131 184 0
119 191 0
108 188 0
137 192 0
123 155 0
176 206 0
141 191 0
144 178 0
128 176 0
110 162 0
149 206 0
173 174 0
144 185 0
102 173 0
141 173 0
155 192 0
81 194 0
104 194 0
158 178 0
153 155 0
73 183 0
133 172 0
153 171 0
142 198 0
132 146 0
175 177 0
153 191 0
146 162 0
150 186 0
152 188 0
119 190 0
130 178 0
173 191 0
100 169 0
155 199 0
140 160 0
158 195 0
129 157 0
134 183 0
140 159 0
188 190 0
144 177 0
102 195 0
150 178 0
140 193 0
114 187 0
175 193 0
173 202 0
122 165 0
146 172 0
101 181 0
79 184 0
192 201 0
173 201 0
178 191 0
135 145 0
149 196 0
137 158 0
136 158 0
104 170 0
95 184 0
141 158 0
179 185 0
107 155 0
133 158 0
94 177 0
93 205 0
105 190 0
109 170 0
117 196 0
139 203 0
103 159 0
186 199 0
90 198 0
178 198 0
149 164 0
159 177 0
146 152 0
92 188 0
107 184 0
142 157 0
179 188 0
112 181 0
130 203 0
96 188 0
109 198 0
105 197 0
96 186 0
143 188 0
112 176 0
124 146 0
99 177 0
108 195 0
174 177 0
118 169 0
122 153 0
124 177 0
117 184 0
89 184 0
172 174 0
100 188 0
101 180 0
102 200 0
123 184 0
134 198 0
166 200 0
159 194 0
177 191 0
104 200 0
137 198 0
78 190 0
163 195 0
101 191 0
96 161 0
120 176 0
187 205 0
117 183 0
125 137 0
141 182 0
143 184 0
141 147 0
83 201 0
147 184 0
171 173 0
148 184 0
148 185 0
173 195 0
124 147 0
159 166 0
127 145 0
121 152 0
154 162 0
152 186 0
156 161 0
177 190 0
158 189 0
105 174 0
111 201 0
137 147 0
170 180 0
156 200 0
180 192 0
181 194 0
105 184 0
110 173 0
114 149 0
105 162 0
114 164 0
140 158 0
190 200 0
92 190 0
138 179 0
179 199 0
194 199 0
69 194 0
118 172 0
109 173 0
136 149 0
108 189 0
144 174 0
147 195 0
124 161 0
130 163 0
97 193 0
145 150 0
136 170 0
77 192 0
108 177 0
83 187 0
129 142 0
81 187 0
133 164 0
86 197 0
132 188 0
164 196 0
73 199 0
77 184 0
163 200 0
131 154 0
129 187 0
104 179 0
94 193 0
152 170 0
104 164 0
89 186 0
105 183 0
177 202 0
181 191 0
114 183 0
160 190 0
143 195 0
121 173 0
139 198 0
111 202 0
114 185 0
182 194 0
135 187 0
146 185 0
147 185 0
125 145 0
156 176 0
133 187 0
125 164 0
122 177 0
132 202 0
125 187 0
168 193 0
181 185 0
143 146 0
142 182 0
164 182 0
75 189 0
192 205 0
182 189 0
138 144 0
123 149 0
98 191 0
146 196 0
157 177 0
114 166 0
124 167 0
138 205 0
84 203 0
68 184 0
105 157 0
76 192 0
121 172 0
109 204 0
105 164 0
73 202 0
82 198 0
69 191 0
104 176 0
83 186 0
81 181 0
127 192 0
63 202 0
139 145 0
110 198 0
151 165 0
117 149 0
147 188 0
146 150 0
130 186 0
132 162 0
75 197 0
110 184 0
116 165 0
141 204 0
144 162 0
160 200 0
127 141 0
122 187 0
181 193 0
89 197 0
126 152 0
151 172 0
173 198 0
147 186 0
107 158 0
110 156 0
117 151 0
128 166 0
126 139 0
130 141 0
172 178 0
94 201 0
137 191 0
134 153 0
162 199 0
164 173 0
193 204 0
165 182 0
173 189 0
139 181 0
122 174 0
153 202 0
140 192 0
103 201 0
111 170 0
174 206 0
139 192 0
121 165 0
161 187 0
82 175 0
169 187 0
165 188 0
106 197 0
75 200 0
157 168 0
158 203 0
172 198 0
140 173 0
91 176 0
121 164 0
109 184 0
132 190 0
147 199 0
120 165 0
69 200 0
114 170 0
148 163 0
69 185 0
133 159 0
114 206 0
164 170 0
167 178 0
80 183 0
151 154 0
153 163 0
129 204 0
86 196 0
75 199 0
77 200 0
188 192 0
122 197 0
107 186 0
113 164 0
120 152 0
121 204 0
134 168 0
113 196 0
120 161 0
88 202 0
150 184 0
131 195 0
149 182 0
164 193 0
172 177 0
124 203 0
100 193 0
128 175 0
143 174 0
146 164 0
125 165 0
139 164 0
83 190 0
122 191 0
146 201 0
159 191 0
127 190 0
101 186 0
81 171 0
178 187 0
161 182 0
139 179 0
115 192 0
137 152 0
178 190 0
161 166 0
155 186 0
151 155 0
63 201 0
136 185 0
62 200 0
132 187 0
184 190 0
132 161 0
105 177 0
133 176 0
103 177 0
60 202 0
138 201 0
69 188 0
69 187 0
142 169 0
91 204 0
159 195 0
93 178 0
163 197 0
143 156 0
117 164 0
82 185 0
149 177 0
122 164 0
131 205 0
123 163 0
81 198 0
79 175 0
128 151 0
114 161 0
139 154 0
124 180 0
64 197 0
105 178 0
122 170 0
62 195 0
122 202 0
152 193 0
126 169 0
124 154 0
152 161 0
67 203 0
123 180 0
94 199 0
149 200 0
81 197 0
134 169 0
161 196 0
117 188 0
158 197 0
166 199 0
114 190 0
173 181 0
141 164 0
124 170 0
96 204 0
116 151 0
162 168 0
137 175 0
181 195 0
169 199 0
118 201 0
147 187 0
163 181 0
138 189 0
166 172 0
116 174 0
178 185 0
165 194 0
106 151 0
116 205 0
106 183 0
119 166 0
69 186 0
82 200 0
116 150 0
130 171 0
72 186 0
158 193 0
166 183 0
192 195 0
174 201 0
77 193 0
140 191 0
79 197 0
91 197 0
125 151 0
128 187 0
119 179 0
137 154 0
89 170 0
117 157 0
108 190 0
165 172 0
120 151 0
90 168 0
104 155 0
108 193 0
118 181 0
78 192 0
115 191 0
134 179 0
111 193 0
162 194 0
160 197 0
134 181 0
169 193 0
151 200 0
147 154 0
86 198 0
147 155 0
139 163 0
145 152 0
160 202 0
146 166 0
195 199 0
143 200 0
123 161 0
128 163 0
130 183 0
158 205 0
138 180 0
147 162 0
129 159 0
70 194 0
61 204 0
141 159 0
63 204 0
165 197 0
150 153 0
70 197 0
89 180 0
130 164 0
123 185 0
118 190 0
143 160 0
177 201 0
158 169 0
107 161 0
75 188 0
126 177 0
106 182 0
128 198 0
157 173 0
179 191 0
148 150 0
110 167 0
101 184 0
74 186 0
154 194 0
128 170 0
74 200 0
116 204 0
69 198 0
170 192 0
101 194 0
115 152 0
138 160 0
111 191 0
128 201 0
112 201 0
138 182 0
138 203 0
135 190 0
143 154 0
117 178 0
131 164 0
122 188 0
162 204 0
178 183 0
155 205 0
166 198 0
135 194 0
59 205 0
125 166 0
199 202 0
196 202 0
151 193 0
167 205 0
61 199 0
165 204 0
160 199 0
174 179 0
91 174 0
171 189 0
100 171 0
121 151 0
126 203 0
120 159 0
169 198 0
153 189 0
148 164 0
147 163 0
93 197 0
116 160 0
150 174 0
89 178 0
97 161 0
145 159 0
132 178 0
105 159 0
127 137 0
128 177 0
190 192 0
123 140 0
124 171 0
123 203 0
109 190 0
99 192 0
101 188 0
132 180 0
117 155 0
131 144 0
144 175 0
114 198 0
149 154 0
107 181 0
121 202 0
155 166 0
151 158 0
163 201 0
163 203 0
168 204 0
107 183 0
114 153 0
85 186 0
145 149 0
145 148 0
145 153 0
129 186 0
132 149 0
182 190 0
123 160 0
157 176 0
87 202 0
146 160 0
114 194 0
141 155 0
137 146 0
92 0 0
61 197 0
89 199 0
105 161 0
129 156 0
125 193 0
134 186 0
118 144 0
123 199 0
147 182 0
113 175 0
123 202 0
136 182 0
137 203 0
138 187 0
127 199 0
144 150 0
137 160 0
103 176 0
137 162 0
163 206 0
96 194 0
158 177 0
112 165 0
142 145 0
108 175 0
112 183 0
189 204 0
101 162 0
153 203 0
192 198 0
119 204 0
167 172 0
105 160 0
103 165 0
107 195 0
159 196 0
94 176 0
151 166 0
118 186 0
131 181 0
166 188 0
124 176 0
166 202 0
121 177 0
144 146 0
129 169 0
87 181 0
122 194 0
92 185 0
137 166 0
200 203 0
141 170 0
120 169 0
133 140 0
71 181 0
139 185 0
148 188 0
94 186 0
153 158 0
132 204 0
89 191 0
61 203 0
198 205 0
127 195 0
94 178 0
120 185 0
144 191 0
191 197 0
108 199 0
147 178 0
137 164 0
166 176 0
166 168 0
135 192 0
155 203 0
156 175 0
159 169 0
167 204 0
162 172 0
129 163 0
124 202 0
152 197 0
64 199 0
90 195 0
116 172 0
70 192 0
130 144 0
162 174 0
161 202 0
164 175 0
75 177 0
160 172 0
134 195 0
129 171 0
132 171 0
137 159 0
133 181 0
128 152 0
130 169 0
157 167 0
164 203 0
125 170 0
178 205 0
112 198 0
110 200 0
95 187 0
114 196 0
145 198 0
136 156 0
118 142 0
109 195 0
158 204 0
117 189 0
83 189 0
109 179 0
131 176 0
103 184 0
152 198 0
101 170 0
127 185 0
117 199 0
164 202 0
125 167 0
167 203 0
163 193 0
130 137 0
51 206 0
140 165 0
128 142 0
124 190 0
141 150 0
100 164 0
126 164 0
108 200 0
151 153 0
174 192 0
98 165 0
125 148 0
122 169 0
160 187 0
136 184 0
118 185 0
110 176 0
166 185 0
118 184 0
114 178 0
170 190 0
197 200 0
196 199 0
145 167 0
99 176 0
126 137 0
105 182 0
81 202 0
106 204 0
116 194 0
121 203 0
107 191 0
135 155 0
120 182 0
89 193 0
168 201 0
130 162 0
139 204 0
107 193 0
140 168 0
137 168 0
87 193 0
122 138 0
122 146 0
99 166 0
123 144 0
149 153 0
132 166 0
122 145 0
94 198 0
85 178 0
162 175 0
163 175 0
165 173 0
90 203 0
100 177 0
152 157 0
74 195 0
101 177 0
102 177 0
150 189 0
93 187 0
148 205 0
118 187 0
127 182 0
100 176 0
126 198 0
115 173 0
111 188 0
168 192 0
181 199 0
165 178 0
95 190 0
129 192 0
123 150 0
119 142 0
154 173 0
120 193 0
115 185 0
153 161 0
136 167 0
125 143 0
158 196 0
123 183 0
109 189 0
86 172 0
153 198 0
122 193 0
100 199 0
105 202 0
101 198 0
127 188 0
141 172 0
141 146 0
143 171 0
144 183 0
125 139 0
129 138 0
152 160 0
135 189 0
96 206 0
160 167 0
142 172 0
184 197 0
161 174 0
133 193 0
185 191 0
127 196 0
130 173 0
141 149 0
81 183 0
110 153 0
100 198 0
123 142 0
100 175 0
180 191 0
71 182 0
145 182 0
106 180 0
54 204 0
122 158 0
133 192 0
0 173 0
118 154 0
118 149 0
147 171 0
144 202 0
119 203 0
126 188 0
123 192 0
75 202 0
120 194 0
129 201 0
114 152 0
142 171 0
135 170 0
143 145 0
89 190 0
133 180 0
156 185 0
128 188 0
182 202 0
122 144 0
143 149 0
170 195 0
81 180 0
155 194 0
78 199 0
132 193 0
158 191 0
125 152 0
121 140 0
173 188 0
121 186 0
56 203 0
122 149 0
125 190 0
182 201 0
161 199 0
157 206 0
136 199 0
114 191 0
176 182 0
125 181 0
114 201 0
145 156 0
109 185 0
128 190 0
125 201 0
121 195 0
96 192 0
118 194 0
129 135 0
130 187 0
79 198 0
105 200 0
179 183 0
71 190 0
154 187 0
113 181 0
140 172 0
144 172 0
138 171 0
130 165 0
154 158 0
140 162 0
61 196 0
164 167 0
137 173 0
142 149 0
139 173 0
144 171 0
188 193 0
89 188 0
138 172 0
141 179 0
154 181 0
128 181 0
103 174 0
154 199 0
65 198 0
86 199 0
190 201 0
185 192 0
90 200 0
97 177 0
160 192 0
173 187 0
78 196 0
177 184 0
174 198 0
98 181 0
155 183 0
174 202 0
78 180 0
150 155 0
106 187 0
100 191 0
161 167 0
160 166 0
152 172 0
111 177 0
118 200 0
122 181 0
116 202 0
66 206 0
134 139 0
147 151 0
137 180 0
145 203 0
133 189 0
176 179 0
179 203 0
133 186 0
156 182 0
170 172 0
91 187 0
144 173 0
144 176 0
151 204 0
162 163 0
170 202 0
138 176 0
127 187 0
78 189 0
68 189 0
80 188 0
139 159 0
174 187 0
176 188 0
176 191 0
164 166 0
175 191 0
146 182 0
182 185 0
122 155 0
124 179 0
115 179 0
131 172 0
115 165 0
132 147 0
159 199 0
104 205 0
185 196 0
148 198 0
107 205 0
108 183 0
129 194 0
181 188 0
111 194 0
65 203 0
148 194 0
173 183 0
144 201 0
152 206 0
171 181 0
119 168 0
162 162 0
97 190 0
78 191 0
75 205 0
77 191 0
144 158 0
151 169 0
178 195 0
142 161 0
128 165 0
138 153 0
106 174 0
175 189 0
132 140 0
133 138 0
79 194 0
135 139 0
76 200 0
134 138 0
109 169 0
134 171 0
136 155 0
127 183 0
137 140 0
62 197 0
137 151 0
110 155 0
160 179 0
96 178 0
132 199 0
62 203 0
137 204 0
154 189 0
82 186 0
157 201 0
84 200 0
71 205 0
171 200 0
71 206 0
173 186 0
124 163 0
174 189 0
145 175 0
164 172 0
100 172 0
134 163 0
152 169 0
177 178 0
172 182 0
126 189 0
90 182 0
150 168 0
190 204 0
55 205 0
77 190 0
74 199 0
157 172 0
177 182 0
134 172 0
196 204 0
186 190 0
158 184 0
156 181 0
158 165 0
58 200 0
138 142 0
118 158 0
65 192 0
119 157 0
105 172 0
105 171 0
87 192 0
76 199 0
99 205 0
88 201 0
133 195 0
169 171 0
137 200 0
135 196 0
84 186 0
165 203 0
146 165 0
112 189 0
176 189 0
189 201 0
124 182 0
175 180 0
119 186 0
129 137 0
154 184 0
128 194 0
167 196 0
76 193 0
97 203 0
143 167 0
93 179 0
171 204 0
73 190 0
85 182 0
92 173 0
165 180 0
140 201 0
189 191 0
165 195 0
116 154 0
156 172 0
139 178 0
103 196 0
119 156 0
117 156 0
118 157 0
118 183 0
99 175 0
66 201 0
70 203 0
118 156 0
126 156 0
165 167 0
126 157 0
113 166 0
139 168 0
124 150 0
99 161 0
162 200 0
129 195 0
136 164 0
112 147 0
124 143 0
107 187 0
90 179 0
89 181 0
106 198 0
154 174 0
134 204 0
170 179 0
117 186 0
155 175 0
132 138 0
187 192 0
153 204 0
168 178 0
116 190 0
169 176 0
129 205 0
126 135 0
153 159 0
147 183 0
143 172 0
148 195 0
132 168 0
133 204 0
80 184 0
146 203 0
137 169 0
130 191 0
159 204 0
125 197 0
108 168 0
132 174 0
170 188 0
180 197 0
116 188 0
179 200 0
163 164 0
88 182 0
138 195 0
185 188 0
99 180 0
176 193 0
109 177 0
125 153 0
195 201 0
146 177 0
141 152 0
184 194 0
160 173 0
190 194 0
75 185 0
188 202 0
130 167 0
155 173 0
188 201 0
177 204 0
150 170 0
184 196 0
99 160 0
109 202 0
118 173 0
166 181 0
122 141 0
113 194 0
102 185 0
136 196 0
106 161 0
134 187 0
179 198 0
169 174 0
166 197 0
140 180 0
156 198 0
97 185 0
123 179 0
184 186 0
123 169 0
125 147 0
128 159 0
146 183 0
178 194 0
117 177 0
140 197 0
82 187 0
187 202 0
146 168 0
184 187 0
131 171 0
71 195 0
104 178 0
73 185 0
131 167 0
94 192 0
94 174 0
88 191 0
93 177 0
88 188 0
77 185 0
139 151 0
152 182 0
191 200 0
140 203 0
154 183 0
141 189 0
126 183 0
137 195 0
183 197 0
103 160 0
139 161 0
109 175 0
157 195 0
119 189 0
175 199 0
156 179 0
121 174 0
91 191 0
98 168 0
168 203 0
181 184 0
63 196 0
186 194 0
130 160 0
86 186 0
110 201 0
187 195 0
148 179 0
140 143 0
62 198 0
106 158 0
108 187 0
142 183 0
143 176 0
119 181 0
120 183 0
100 182 0
139 150 0
182 196 0
142 167 0
159 190 0
134 193 0
114 148 0
110 204 0
170 189 0
87 184 0
134 158 0
122 190 0
77 186 0
127 135 0
186 196 0
105 168 0
89 198 0
66 197 0
191 201 0
102 158 0
114 156 0
107 165 0
102 187 0
139 169 0
146 197 0
103 190 0
103 203 0
141 202 0
148 173 0
156 187 0
102 192 0
137 157 0
119 183 0
114 177 0
124 186 0
118 153 0
109 186 0
88 197 0
170 198 0
124 158 0
181 182 0
97 189 0
191 193 0
137 156 0
69 190 0
174 193 0
157 160 0
136 175 0
107 197 0
135 165 0
119 200 0
147 179 0
168 176 0
127 156 0
147 180 0
120 199 0
124 138 0
190 195 0
74 204 0
126 158 0
133 170 0
131 175 0
126 205 0
157 159 0
136 140 0
138 184 0
139 142 0
125 180 0
172 197 0
97 195 0
182 183 0
118 197 0
129 136 0
180 182 0
172 192 0
61 205 0
89 175 0
129 189 0
179 190 0
175 195 0
172 191 0
101 189 0
68 200 0
86 174 0
156 173 0
94 196 0
110 174 0
146 206 0
161 203 0
82 191 0
160 188 0
108 173 0
142 180 0
194 198 0
111 171 0
55 203 0
121 158 0
121 145 0
120 145 0
112 175 0
149 185 0
138 141 0
121 205 0
126 136 0
106 201 0
133 169 0
138 169 0
177 199 0
94 189 0
120 190 0
152 168 0
160 161 0
153 172 0
89 206 0
147 197 0
175 187 0
86 184 0
150 164 0
135 141 0
134 166 0
103 197 0
155 201 0
184 192 0
153 157 0
149 190 0
107 180 0
73 198 0
116 173 0
125 178 0
128 204 0
125 0 0
123 0 0
200 0 0
206 6 0
0 205 0
0 120 0
10 0 0
0 9 0
206 81 0
0 191 0
206 71 0
0 71 0
142 0 0
155 0 0
206 144 0
0 68 0
206 177 0
16 206 0
206 126 0
0 46 0
206 57 0
206 44 0
0 67 0
206 181 0
25 206 0
0 66 0
206 65 0
0 59 0
0 203 0
161 0 0
160 0 0
74 0 0
20 206 0
0 41 0
206 139 0
0 83 0
11 206 0
206 39 0
206 24 0
0 63 0
70 0 0
206 156 0
0 64 0
54 0 0
53 0 0
206 56 0
180 0 0
206 62 0
202 206 0
0 84 0
206 26 0
172 0 0
0 39 0
206 106 0
0 126 0
200 206 0
46 206 0
0 36 0
134 0 0
0 127 0
45 206 0
206 36 0
0 96 0
206 148 0
10 206 0
206 9 0
206 54 0
206 119 0
0 199 0
0 18 0
164 0 0
206 18 0
206 17 0
203 206 0
206 138 0
85 0 0
206 96 0
0 20 0
206 16 0
0 138 0
84 0 0
119 0 0
178 0 0
149 0 0
147 0 0
0 115 0
14 0 0
0 30 0
98 0 0
0 162 0
206 113 0
0 200 0
57 206 0
182 0 0
187 206 0
22 0 0
0 165 0
206 20 0
0 186 0
174 0 0
13 206 0
0 6 0
69 206 0
206 93 0
0 143 0
173 0 0
186 0 0
206 154 0
206 116 0
80 0 0
206 4 0
135 0 0
206 199 0
56 0 0
0 35 0
91 0 0
206 130 0
206 131 0
206 115 0
0 167 0
151 0 0
0 54 0
202 0 0
33 206 0
206 129 0
20 0 0
196 206 0
109 0 0
206 88 0
0 113 0
45 0 0
21 206 0
204 206 0
34 206 0
0 89 0
0 156 0
0 90 0
152 0 0
206 89 0
206 72 0
0 73 0
206 63 0
206 151 0
0 98 0
35 206 0
0 17 0
13 0 0
3 206 0
163 0 0
26 206 0
193 206 0
120 0 0
94 0 0
184 0 0
0 130 0
0 31 0
206 140 0
206 142 0
198 206 0
0 87 0
136 0 0
7 206 0
76 0 0
137 0 0
197 206 0
0 65 0
49 0 0
128 0 0
0 48 0
33 0 0
206 99 0
0 181 0
138 0 0
0 194 0
206 21 0
51 0 0
0 76 0
196 0 0
0 151 0
206 33 0
0 101 0
63 0 0
133 0 0
42 206 0
0 4 0
143 0 0
79 0 0
0 38 0
206 19 0
0 81 0
0 201 0
0 154 0
206 58 0
41 0 0
206 136 0
206 95 0
206 124 0
206 108 0
206 68 0
0 51 0
206 182 0
206 174 0
157 0 0
206 141 0
58 206 0
96 0 0
159 0 0
7 0 0
118 0 0
60 0 0
191 0 0
0 137 0
0 85 0
0 146 0
0 121 0
101 0 0
12 0 0
205 206 0
12 206 0
0 91 0
206 100 0
206 91 0
47 0 0
17 206 0
206 12 0
206 55 0
206 60 0
206 79 0
206 35 0
206 50 0
206 150 0
0 184 0
67 0 0
0 82 0
206 152 0
64 0 0
87 0 0
48 206 0
199 206 0
0 94 0
0 150 0
22 206 0
206 74 0
148 0 0
206 125 0
0 160 0
0 49 0
203 0 0
0 53 0
158 0 0
179 0 0
44 206 0
153 0 0
73 0 0
206 85 0
206 22 0
206 37 0
0 145 0
0 69 0
0 177 0
206 127 0
47 206 0
0 129 0
206 45 0
32 0 0
206 8 0
21 0 0
206 200 0
0 122 0
206 13 0
8 0 0
18 206 0
43 0 0
59 0 0
0 193 0
89 0 0
206 203 0
188 206 0
206 97 0
0 202 0
189 206 0
0 88 0
206 160 0
40 206 0
181 0 0
206 82 0
0 170 0
206 146 0
206 179 0
0 14 0
46 0 0
0 134 0
206 69 0
0 197 0
206 78 0
0 3 0
0 139 0
0 72 0
104 0 0
0 136 0
30 0 0
0 128 0
44 0 0
0 2 0
206 102 0
111 0 0
175 0 0
0 155 0
100 0 0
0 192 0
206 169 0
0 110 0
68 0 0
0 135 0
0 61 0
206 109 0
190 0 0
156 0 0
206 70 0
0 92 0
206 107 0
0 27 0
114 0 0
0 33 0
206 137 0
72 0 0
83 0 0
206 15 0
0 62 0
0 1 0
102 0 0
140 0 0
206 41 0
206 163 0
0 198 0
176 0 0
206 52 0
35 0 0
36 0 0
30 206 0
0 178 0
206 49 0
103 0 0
0 161 0
6 206 0
0 22 0
53 206 0
0 45 0
52 0 0
206 180 0
206 67 0
0 123 0
0 100 0
28 206 0
0 117 0
0 75 0
206 1 0
0 77 0
206 75 0
5 206 0
0 114 0
206 118 0
0 78 0
194 0 0
206 80 0
50 206 0
15 0 0
0 13 0
0 7 0
0 159 0
206 196 0
0 171 0
1 0 0
206 171 0
113 0 0
206 46 0
0 164 0
93 0 0
206 114 0
150 0 0
0 47 0
95 0 0
27 0 0
0 109 0
67 206 0
0 187 0
205 0 0
0 32 0
206 165 0
206 122 0
187 0 0
206 192 0
0 26 0
0 19 0
0 8 0
40 0 0
0 132 0
206 76 0
81 0 0
206 117 0
206 185 0
206 205 0
206 184 0
69 0 0
206 193 0
206 158 0
0 103 0
0 23 0
206 166 0
0 11 0
170 0 0
185 0 0
206 197 0
110 0 0
206 128 0
38 206 0
194 206 0
18 0 0
0 95 0
206 3 0
41 206 0
206 194 0
122 0 0
206 43 0
24 206 0
204 0 0
0 24 0
0 183 0
26 0 0
0 12 0
139 0 0
206 23 0
189 0 0
131 0 0
0 131 0
17 0 0
206 159 0
206 47 0
199 0 0
206 167 0
27 206 0
117 0 0
115 0 0
107 0 0
8 206 0
195 206 0
0 140 0
206 162 0
0 21 0
206 92 0
4 206 0
25 0 0
0 166 0
206 53 0
129 0 0
206 5 0
0 34 0
206 34 0
0 149 0
130 0 0
206 120 0
50 0 0
0 55 0
0 163 0
31 206 0
2 206 0
206 121 0
0 57 0
29 0 0
206 29 0
11 0 0
90 0 0
165 0 0
188 0 0
206 14 0
0 28 0
0 74 0
206 170 0
0 180 0
193 0 0
206 123 0
42 0 0
0 158 0
16 0 0
105 0 0
162 0 0
206 187 0
127 0 0
1 206 0
206 31 0
206 104 0
198 0 0
206 190 0
82 0 0
15 206 0
206 132 0
39 0 0
36 206 0
206 161 0
206 32 0
0 125 0
206 94 0
0 182 0
206 135 0
0 168 0
206 30 0
0 185 0
106 0 0
19 206 0
0 116 0
206 25 0
88 0 0
108 0 0
0 152 0
0 16 0
166 0 0
206 84 0
28 0 0
195 0 0
206 98 0
56 206 0
201 0 0
0 42 0
0 124 0
57 0 0
206 178 0
0 106 0
206 64 0
206 103 0
0 148 0
206 42 0
206 188 0
144 0 0
206 10 0
197 0 0
0 141 0
0 58 0
31 0 0
32 206 0
206 40 0
2 0 0
9 0 0
0 93 0
206 111 0
206 133 0
206 164 0
177 0 0
55 206 0
0 108 0
206 112 0
39 206 0
104 206 0
206 168 0
124 0 0
206 176 0
171 0 0
19 0 0
206 2 0
206 173 0
0 118 0
206 183 0
0 112 0
206 7 0
146 0 0
206 28 0
0 79 0
112 0 0
29 206 0
121 0 0
0 133 0
206 149 0
206 38 0
206 105 0
0 195 0
206 77 0
206 48 0
169 0 0
0 43 0
0 37 0
37 0 0
78 0 0
154 0 0
167 0 0
0 10 0
206 134 0
0 188 0
0 60 0
0 5 0
206 198 0
183 0 0
206 172 0
206 191 0
23 0 0
206 59 0
0 15 0
0 105 0
0 102 0
0 80 0
23 206 0
206 155 0
0 44 0
206 61 0
192 0 0
0 52 0
0 25 0
77 0 0
0 40 0
206 204 0
58 0 0
141 0 0
0 104 0
6 0 0
206 66 0
86 0 0
37 206 0
0 111 0
206 157 0
116 0 0
206 110 0
0 119 0
0 144 0
206 143 0
206 27 0
0 29 0
126 0 0
0 153 0
0 189 0
0 70 0
0 50 0
0 174 0
55 0 0
132 0 0
206 11 0
0 204 0
24 0 0
9 206 0
0 176 0
49 206 0
62 0 0
0 99 0
48 0 0
38 0 0
0 97 0
0 107 0
206 51 0
206 147 0
97 0 0
61 0 0
206 83 0
206 73 0
206 86 0
206 101 0
206 195 0
0 86 0
168 0 0
206 87 0
0 56 0
145 0 0
0 142 0
60 206 0
low, high, current -1 -1 8
Confirming Router Algorithm: TIMING_DRIVEN.
T_crit: 1.21098e-07.
T_crit: 1.20607e-07.
T_crit: 1.20815e-07.
T_crit: 1.23178e-07.
T_crit: 1.20926e-07.
T_crit: 1.25687e-07.
T_crit: 1.26988e-07.
T_crit: 1.27913e-07.
T_crit: 1.38856e-07.
T_crit: 1.39522e-07.
T_crit: 1.36567e-07.
T_crit: 1.38311e-07.
T_crit: 1.50614e-07.
T_crit: 1.49135e-07.
T_crit: 1.45547e-07.
T_crit: 1.46174e-07.
T_crit: 1.47112e-07.
T_crit: 1.48356e-07.
T_crit: 1.48461e-07.
T_crit: 1.49287e-07.
T_crit: 1.49597e-07.
T_crit: 1.52806e-07.
T_crit: 1.52911e-07.
T_crit: 1.53225e-07.
T_crit: 1.57697e-07.
T_crit: 1.53952e-07.
T_crit: 1.54073e-07.
T_crit: 1.66064e-07.
T_crit: 1.56862e-07.
T_crit: 1.6216e-07.
T_crit: 1.63494e-07.
T_crit: 1.63394e-07.
T_crit: 1.59569e-07.
T_crit: 1.63199e-07.
T_crit: 1.59989e-07.
T_crit: 1.6214e-07.
T_crit: 1.59873e-07.
T_crit: 1.61823e-07.
T_crit: 1.5853e-07.
T_crit: 1.63079e-07.
T_crit: 1.59464e-07.
T_crit: 1.65987e-07.
T_crit: 1.605e-07.
T_crit: 1.6476e-07.
T_crit: 1.59885e-07.
T_crit: 1.63818e-07.
T_crit: 1.60711e-07.
T_crit: 1.61442e-07.
T_crit: 1.62648e-07.
T_crit: 1.60394e-07.
Routing failed.
low, high, current 8 -1 16
Confirming Router Algorithm: TIMING_DRIVEN.
T_crit: 1.21304e-07.
T_crit: 1.20816e-07.
T_crit: 1.20505e-07.
T_crit: 1.2092e-07.
T_crit: 1.20713e-07.
T_crit: 1.2092e-07.
T_crit: 1.20816e-07.
T_crit: 1.23692e-07.
T_crit: 1.22185e-07.
T_crit: 1.27322e-07.
T_crit: 1.28672e-07.
T_crit: 1.30786e-07.
T_crit: 1.41079e-07.
T_crit: 1.33397e-07.
T_crit: 1.38059e-07.
T_crit: 1.43316e-07.
T_crit: 1.3867e-07.
T_crit: 1.49802e-07.
T_crit: 1.45452e-07.
T_crit: 1.45443e-07.
T_crit: 1.51344e-07.
T_crit: 1.47827e-07.
T_crit: 1.6069e-07.
T_crit: 1.48556e-07.
T_crit: 1.55732e-07.
T_crit: 1.51347e-07.
T_crit: 1.50731e-07.
T_crit: 1.58427e-07.
T_crit: 1.54069e-07.
T_crit: 1.61413e-07.
T_crit: 1.56235e-07.
T_crit: 1.6019e-07.
T_crit: 1.58017e-07.
T_crit: 1.57707e-07.
T_crit: 1.57907e-07.
T_crit: 1.60512e-07.
T_crit: 1.66821e-07.
T_crit: 1.61551e-07.
T_crit: 1.76847e-07.
T_crit: 1.61009e-07.
T_crit: 1.64426e-07.
T_crit: 1.63081e-07.
T_crit: 1.66609e-07.
T_crit: 1.63598e-07.
T_crit: 1.68385e-07.
T_crit: 1.66722e-07.
T_crit: 1.66522e-07.
T_crit: 1.68392e-07.
T_crit: 1.72313e-07.
T_crit: 1.71387e-07.
Routing failed.
low, high, current 16 -1 32
Confirming Router Algorithm: TIMING_DRIVEN.
T_crit: 1.21411e-07.
T_crit: 1.20709e-07.
T_crit: 1.20711e-07.
T_crit: 1.20713e-07.
T_crit: 1.20608e-07.
T_crit: 1.2088e-07.
T_crit: 1.20713e-07.
T_crit: 1.20819e-07.
T_crit: 1.20506e-07.
T_crit: 1.20506e-07.
T_crit: 1.20716e-07.
T_crit: 1.20508e-07.
T_crit: 1.20612e-07.
T_crit: 1.20611e-07.
T_crit: 1.20611e-07.
T_crit: 1.21027e-07.
T_crit: 1.21027e-07.
T_crit: 1.2113e-07.
T_crit: 1.22701e-07.
T_crit: 1.21958e-07.
T_crit: 1.25179e-07.
T_crit: 1.32152e-07.
T_crit: 1.46979e-07.
T_crit: 1.44787e-07.
T_crit: 1.48515e-07.
T_crit: 1.5041e-07.
T_crit: 1.49582e-07.
T_crit: 1.52909e-07.
T_crit: 1.49583e-07.
T_crit: 1.49583e-07.
T_crit: 1.52689e-07.
T_crit: 1.57235e-07.
T_crit: 1.58126e-07.
T_crit: 1.57332e-07.
T_crit: 1.57963e-07.
T_crit: 1.63847e-07.
T_crit: 1.64055e-07.
T_crit: 1.62581e-07.
T_crit: 1.63419e-07.
T_crit: 1.62907e-07.
T_crit: 1.62884e-07.
T_crit: 1.63902e-07.
T_crit: 1.63923e-07.
T_crit: 1.64719e-07.
T_crit: 1.65689e-07.
T_crit: 1.62404e-07.
T_crit: 1.62226e-07.
T_crit: 1.62881e-07.
T_crit: 1.65792e-07.
T_crit: 1.64446e-07.
Routing failed.
low, high, current 32 -1 64
Confirming Router Algorithm: TIMING_DRIVEN.
T_crit: 1.21409e-07.
T_crit: 1.20815e-07.
T_crit: 1.20921e-07.
T_crit: 1.20504e-07.
T_crit: 1.20504e-07.
T_crit: 1.20815e-07.
T_crit: 1.20709e-07.
T_crit: 1.20815e-07.
T_crit: 1.20814e-07.
T_crit: 1.20711e-07.
T_crit: 1.20712e-07.
T_crit: 1.20712e-07.
T_crit: 1.20712e-07.
T_crit: 1.20712e-07.
T_crit: 1.20712e-07.
T_crit: 1.20712e-07.
T_crit: 1.20712e-07.
T_crit: 1.20712e-07.
Successfully routed after 19 routing iterations.
Completed net delay value cross check successfully.
low, high, current 32 64 48
Confirming Router Algorithm: TIMING_DRIVEN.
T_crit: 1.21202e-07.
T_crit: 1.20816e-07.
T_crit: 1.20816e-07.
T_crit: 1.20818e-07.
T_crit: 1.20712e-07.
T_crit: 1.20505e-07.
T_crit: 1.20815e-07.
T_crit: 1.20713e-07.
T_crit: 1.20608e-07.
T_crit: 1.20608e-07.
T_crit: 1.20815e-07.
T_crit: 1.20816e-07.
T_crit: 1.20816e-07.
T_crit: 1.20921e-07.
T_crit: 1.20921e-07.
T_crit: 1.20921e-07.
T_crit: 1.21129e-07.
T_crit: 1.21025e-07.
T_crit: 1.21025e-07.
T_crit: 1.21025e-07.
T_crit: 1.21025e-07.
T_crit: 1.21025e-07.
T_crit: 1.21025e-07.
T_crit: 1.21025e-07.
T_crit: 1.21025e-07.
T_crit: 1.21025e-07.
T_crit: 1.21025e-07.
T_crit: 1.21025e-07.
T_crit: 1.21755e-07.
T_crit: 1.21858e-07.
T_crit: 1.22691e-07.
T_crit: 1.23106e-07.
T_crit: 1.22899e-07.
T_crit: 1.22899e-07.
T_crit: 1.22769e-07.
T_crit: 1.22587e-07.
T_crit: 1.22587e-07.
T_crit: 1.24068e-07.
T_crit: 1.22587e-07.
T_crit: 1.23107e-07.
T_crit: 1.2834e-07.
T_crit: 1.2834e-07.
T_crit: 1.28446e-07.
T_crit: 1.28446e-07.
T_crit: 1.28341e-07.
T_crit: 1.28235e-07.
T_crit: 1.28235e-07.
T_crit: 1.28235e-07.
T_crit: 1.28235e-07.
T_crit: 1.28235e-07.
Routing failed.
low, high, current 48 64 56
Confirming Router Algorithm: TIMING_DRIVEN.
T_crit: 1.21306e-07.
T_crit: 1.20816e-07.
T_crit: 1.20712e-07.
T_crit: 1.20712e-07.
T_crit: 1.20711e-07.
T_crit: 1.20713e-07.
T_crit: 1.20607e-07.
T_crit: 1.20716e-07.
T_crit: 1.2061e-07.
T_crit: 1.20714e-07.
T_crit: 1.20714e-07.
T_crit: 1.20819e-07.
T_crit: 1.20716e-07.
T_crit: 1.20713e-07.
T_crit: 1.20713e-07.
T_crit: 1.20713e-07.
T_crit: 1.20713e-07.
T_crit: 1.20713e-07.
T_crit: 1.20713e-07.
Successfully routed after 20 routing iterations.
Completed net delay value cross check successfully.
low, high, current 48 56 52
Confirming Router Algorithm: TIMING_DRIVEN.
T_crit: 1.21041e-07.
T_crit: 1.19936e-07.
T_crit: 1.20569e-07.
T_crit: 1.20476e-07.
T_crit: 1.20586e-07.
T_crit: 1.20388e-07.
T_crit: 1.20524e-07.
T_crit: 1.20655e-07.
T_crit: 1.2076e-07.
T_crit: 1.21062e-07.
T_crit: 1.21084e-07.
T_crit: 1.21083e-07.
T_crit: 1.21083e-07.
T_crit: 1.21084e-07.
T_crit: 1.21084e-07.
T_crit: 1.21084e-07.
T_crit: 1.21084e-07.
T_crit: 1.21084e-07.
T_crit: 1.21083e-07.
T_crit: 1.21083e-07.
T_crit: 1.21083e-07.
T_crit: 1.21083e-07.
T_crit: 1.21083e-07.
T_crit: 1.21083e-07.
T_crit: 1.21083e-07.
T_crit: 1.21083e-07.
T_crit: 1.21083e-07.
T_crit: 1.21083e-07.
T_crit: 1.21083e-07.
T_crit: 1.21083e-07.
T_crit: 1.21083e-07.
Successfully routed after 32 routing iterations.
Completed net delay value cross check successfully.
low, high, current 48 52 50
Warning (check_all_tracks_reach_pins):  track 48 does not 
	connect to any FB IPINs.
Warning (check_all_tracks_reach_pins):  track 49 does not 
	connect to any FB IPINs.
Confirming Router Algorithm: TIMING_DRIVEN.
T_crit: 1.2143e-07.
T_crit: 1.21022e-07.
T_crit: 1.20871e-07.
T_crit: 1.20905e-07.
T_crit: 1.21079e-07.
T_crit: 1.20957e-07.
T_crit: 1.21069e-07.
T_crit: 1.21248e-07.
T_crit: 1.21238e-07.
T_crit: 1.21155e-07.
T_crit: 1.21169e-07.
T_crit: 1.21099e-07.
T_crit: 1.21175e-07.
T_crit: 1.21071e-07.
T_crit: 1.2107e-07.
T_crit: 1.2107e-07.
T_crit: 1.2107e-07.
T_crit: 1.2117e-07.
T_crit: 1.2117e-07.
T_crit: 1.2117e-07.
T_crit: 1.2117e-07.
T_crit: 1.2117e-07.
T_crit: 1.2117e-07.
T_crit: 1.2117e-07.
T_crit: 1.2117e-07.
T_crit: 1.2117e-07.
T_crit: 1.2117e-07.
T_crit: 1.2117e-07.
T_crit: 1.2117e-07.
T_crit: 1.2117e-07.
T_crit: 1.2117e-07.
T_crit: 1.21606e-07.
T_crit: 1.21606e-07.
T_crit: 1.21606e-07.
T_crit: 1.21606e-07.
T_crit: 1.21606e-07.
T_crit: 1.21606e-07.
T_crit: 1.21606e-07.
T_crit: 1.21606e-07.
T_crit: 1.21606e-07.
T_crit: 1.21606e-07.
T_crit: 1.21606e-07.
T_crit: 1.21606e-07.
T_crit: 1.21606e-07.
T_crit: 1.21606e-07.
T_crit: 1.21606e-07.
T_crit: 1.21606e-07.
T_crit: 1.21606e-07.
T_crit: 1.21606e-07.
T_crit: 1.21606e-07.
Routing failed.

Checking to ensure routing is legal ...
Completed routing consistency check successfully.

Serial number (magic cookie) for the routing is: 670438953
Best routing used a channel width factor of 52.


Average number of bends per net: 12.6821  Maximum # of bends: 399


The number of routed nets (nonglobal): 5987
Wirelength results (all in units of 1 clb segments):
	Total wirelength: 537510   Average net length: 89.7795
	Maximum net length: 1373

Wirelength results in terms of physical segments:
	Total wiring segments used: 269271   Av. wire segments per net: 44.9759
	Maximum segments used by a net: 688


X - Directed channels:

j	max occ	av_occ		capacity
0	16	9.40488  	52
1	9	4.49268  	52
2	3	0.985366 	52
3	4	0.800000 	52
4	3	0.360976 	52
5	3	0.936585 	52
6	1	0.00487805	52
7	3	0.736585 	52
8	2	0.804878 	52
9	2	1.02439  	52
10	2	0.819512 	52
11	1	0.780488 	52
12	2	0.0731707	52
13	2	0.921951 	52
14	1	0.512195 	52
15	2	1.02927  	52
16	2	0.380488 	52
17	4	0.809756 	52
18	2	0.663415 	52
19	4	1.10732  	52
20	1	0.507317 	52
21	2	1.19512  	52
22	2	0.814634 	52
23	2	0.551220 	52
24	4	0.897561 	52
25	2	1.17073  	52
26	2	0.0146341	52
27	1	0.0146341	52
28	3	0.380488 	52
29	4	0.819512 	52
30	1	0.663415 	52
31	2	1.28293  	52
32	2	0.790244 	52
33	1	0.424390 	52
34	3	0.0195122	52
35	2	0.985366 	52
36	2	1.00488  	52
37	1	0.970732 	52
38	2	0.580488 	52
39	1	0.707317 	52
40	1	0.839024 	52
41	2	0.590244 	52
42	2	1.15610  	52
43	3	0.785366 	52
44	2	0.775610 	52
45	3	1.09268  	52
46	2	0.785366 	52
47	1	0.824390 	52
48	2	1.04878  	52
49	1	0.843902 	52
50	2	0.673171 	52
51	2	0.0487805	52
52	3	0.834146 	52
53	1	0.0634146	52
54	3	0.878049 	52
55	1	0.970732 	52
56	3	0.921951 	52
57	1	0.814634 	52
58	6	0.780488 	52
59	4	0.243902 	52
60	3	0.751220 	52
61	4	1.01951  	52
62	2	0.692683 	52
63	2	1.01463  	52
64	1	0.858537 	52
65	2	0.717073 	52
66	3	1.02439  	52
67	3	0.926829 	52
68	2	1.21951  	52
69	2	1.08780  	52
70	1	0.00975610	52
71	2	0.0341463	52
72	2	0.468293 	52
73	1	0.00975610	52
74	3	0.0487805	52
75	4	0.692683 	52
76	3	0.224390 	52
77	3	0.404878 	52
78	2	0.507317 	52
79	6	0.673171 	52
80	1	0.156098 	52
81	3	0.404878 	52
82	2	1.03902  	52
83	2	1.07805  	52
84	5	0.790244 	52
85	3	0.404878 	52
86	2	0.497561 	52
87	2	0.697561 	52
88	1	0.619512 	52
89	5	0.112195 	52
90	2	0.0682927	52
91	3	0.600000 	52
92	3	0.390244 	52
93	3	0.619512 	52
94	1	0.136585 	52
95	2	0.873171 	52
96	2	0.697561 	52
97	2	0.658537 	52
98	2	0.926829 	52
99	2	0.0146341	52
100	4	0.0439024	52
101	4	0.970732 	52
102	3	0.390244 	52
103	4	0.443902 	52
104	4	0.448780 	52
105	2	0.941463 	52
106	2	1.07805  	52
107	1	0.473171 	52
108	4	0.990244 	52
109	2	0.165854 	52
110	3	0.751220 	52
111	2	1.06341  	52
112	1	0.00975610	52
113	2	0.892683 	52
114	1	0.0439024	52
115	2	0.0536585	52
116	3	1.54634  	52
117	2	0.507317 	52
118	2	0.741463 	52
119	2	0.892683 	52
120	3	0.0439024	52
121	1	0.951219 	52
122	3	0.468293 	52
123	2	1.06341  	52
124	2	0.443902 	52
125	2	0.0634146	52
126	3	0.180488 	52
127	3	1.41951  	52
128	3	0.336585 	52
129	3	0.775610 	52
130	3	0.497561 	52
131	2	0.321951 	52
132	1	0.312195 	52
133	3	0.756098 	52
134	5	0.941463 	52
135	11	1.63415  	52
136	12	3.31707  	52
137	15	2.93171  	52
138	23	7.38049  	52
139	19	3.57073  	52
140	29	6.05854  	52
141	28	8.37073  	52
142	38	8.80000  	52
143	43	10.7268  	52
144	39	9.39512  	52
145	43	9.09268  	52
146	48	9.38537  	52
147	47	10.7707  	52
148	46	12.2976  	52
149	48	12.4195  	52
150	48	13.8195  	52
151	47	14.2878  	52
152	49	13.9122  	52
153	48	14.0634  	52
154	49	14.3122  	52
155	49	13.6146  	52
156	48	13.8000  	52
157	50	15.8049  	52
158	49	14.8341  	52
159	49	16.9171  	52
160	50	17.4341  	52
161	49	18.7415  	52
162	50	16.6049  	52
163	50	18.3024  	52
164	49	17.3512  	52
165	50	18.8488  	52
166	50	17.3951  	52
167	49	19.6976  	52
168	50	19.2293  	52
169	51	20.6683  	52
170	50	19.6878  	52
171	50	20.7415  	52
172	50	20.2732  	52
173	49	20.7902  	52
174	51	19.8634  	52
175	48	21.6780  	52
176	50	20.6195  	52
177	51	21.1366  	52
178	49	20.5122  	52
179	49	21.9220  	52
180	50	21.8195  	52
181	50	21.7122  	52
182	50	22.7854  	52
183	50	22.9707  	52
184	51	23.2927  	52
185	50	22.5659  	52
186	52	24.0341  	52
187	50	24.4585  	52
188	49	23.7073  	52
189	50	23.7951  	52
190	51	23.6927  	52
191	49	24.0537  	52
192	51	24.4732  	52
193	49	24.8098  	52
194	51	26.6439  	52
195	50	24.5463  	52
196	50	26.1220  	52
197	50	25.8585  	52
198	49	24.7317  	52
199	50	26.1512  	52
200	48	25.9122  	52
201	52	26.7707  	52
202	50	27.5220  	52
203	50	27.9951  	52
204	51	27.5707  	52
205	51	29.3512  	52

Y - Directed channels:

i	max occ	av_occ		capacity
0	17	9.93659  	52
1	16	6.80488  	52
2	7	1.86341  	52
3	12	2.84878  	52
4	2	0.278049 	52
5	3	0.678049 	52
6	2	1.02927  	52
7	3	0.868293 	52
8	1	0.834146 	52
9	1	0.146341 	52
10	2	0.0829268	52
11	3	0.824390 	52
12	2	0.0341463	52
13	2	0.858537 	52
14	1	0.0780488	52
15	3	0.0926829	52
16	2	0.975610 	52
17	2	0.965854 	52
18	2	0.180488 	52
19	1	0.0634146	52
20	2	0.0439024	52
21	2	0.956098 	52
22	2	0.146341 	52
23	1	0.00487805	52
24	2	0.0341463	52
25	1	0.0146341	52
26	4	0.126829 	52
27	2	0.956098 	52
28	2	0.985366 	52
29	2	1.00976  	52
30	2	1.02439  	52
31	2	0.0634146	52
32	2	0.980488 	52
33	1	0.0439024	52
34	3	0.858537 	52
35	1	0.814634 	52
36	2	0.863415 	52
37	3	0.0487805	52
38	3	0.995122 	52
39	1	0.965854 	52
40	2	0.956098 	52
41	1	0.790244 	52
42	2	0.902439 	52
43	2	0.809756 	52
44	3	0.848781 	52
45	2	0.0975610	52
46	2	0.902439 	52
47	4	0.0975610	52
48	2	0.980488 	52
49	2	0.956098 	52
50	2	1.10244  	52
51	1	0.0146341	52
52	4	1.10732  	52
53	7	1.85366  	52
54	3	0.229268 	52
55	7	2.77073  	52
56	9	1.55122  	52
57	9	2.11220  	52
58	10	2.31707  	52
59	14	1.74634  	52
60	13	1.46829  	52
61	14	3.00976  	52
62	18	3.73171  	52
63	16	3.79024  	52
64	16	2.83902  	52
65	25	3.82927  	52
66	24	2.63415  	52
67	22	2.59024  	52
68	27	3.71707  	52
69	27	4.13659  	52
70	25	4.49756  	52
71	23	5.70732  	52
72	29	3.65366  	52
73	33	5.91707  	52
74	28	5.62927  	52
75	30	4.63902  	52
76	35	4.55122  	52
77	33	5.91220  	52
78	35	6.51707  	52
79	30	5.08293  	52
80	33	6.03415  	52
81	35	6.56098  	52
82	39	7.07317  	52
83	35	6.08780  	52
84	33	7.33659  	52
85	31	7.63415  	52
86	38	7.14634  	52
87	35	6.48293  	52
88	38	7.85854  	52
89	42	7.84390  	52
90	35	7.64878  	52
91	41	7.21951  	52
92	38	8.28780  	52
93	40	10.4195  	52
94	38	7.43902  	52
95	43	9.01463  	52
96	41	9.25366  	52
97	38	8.53171  	52
98	42	11.5561  	52
99	43	9.51707  	52
100	42	9.99024  	52
101	42	8.57073  	52
102	43	9.50732  	52
103	40	11.3073  	52
104	41	10.0683  	52
105	41	9.54146  	52
106	41	10.3171  	52
107	43	10.0244  	52
108	39	9.60488  	52
109	42	12.2683  	52
110	44	10.3512  	52
111	42	9.66341  	52
112	41	11.3317  	52
113	43	11.1902  	52
114	44	10.7707  	52
115	43	9.93171  	52
116	44	11.2341  	52
117	44	12.0341  	52
118	42	12.3512  	52
119	42	11.0341  	52
120	42	12.1024  	52
121	44	12.7171  	52
122	44	11.5268  	52
123	41	11.7805  	52
124	45	13.9073  	52
125	43	11.7463  	52
126	43	10.6049  	52
127	42	10.6732  	52
128	45	14.6683  	52
129	42	11.1902  	52
130	45	13.0293  	52
131	43	12.5024  	52
132	42	11.3854  	52
133	42	10.9951  	52
134	41	10.9561  	52
135	44	12.7756  	52
136	43	11.2634  	52
137	42	10.5317  	52
138	42	12.7171  	52
139	42	12.2293  	52
140	41	11.7122  	52
141	42	11.7805  	52
142	41	11.2049  	52
143	45	10.1415  	52
144	43	11.9122  	52
145	42	10.2000  	52
146	44	11.1854  	52
147	43	11.5024  	52
148	45	11.7268  	52
149	43	11.0683  	52
150	41	11.5415  	52
151	40	11.3951  	52
152	42	9.40976  	52
153	45	11.4878  	52
154	43	9.46341  	52
155	41	10.5707  	52
156	41	9.16098  	52
157	41	11.3366  	52
158	40	9.94146  	52
159	39	10.9951  	52
160	42	11.7707  	52
161	39	9.08293  	52
162	37	9.01463  	52
163	42	10.1951  	52
164	37	7.21951  	52
165	38	8.51220  	52
166	39	9.35122  	52
167	37	7.14634  	52
168	36	6.91707  	52
169	38	8.03902  	52
170	38	7.51220  	52
171	36	7.03902  	52
172	37	7.36098  	52
173	35	8.33171  	52
174	39	6.41463  	52
175	34	7.31220  	52
176	36	5.59024  	52
177	38	7.21463  	52
178	33	5.39512  	52
179	33	5.39512  	52
180	28	4.26341  	52
181	32	5.15610  	52
182	25	2.98049  	52
183	22	3.85854  	52
184	25	4.12683  	52
185	24	2.86829  	52
186	24	3.66341  	52
187	20	4.47805  	52
188	21	2.86829  	52
189	23	4.15610  	52
190	21	3.02439  	52
191	17	3.02439  	52
192	20	2.74634  	52
193	13	1.45854  	52
194	12	2.63902  	52
195	12	2.20000  	52
196	16	1.95122  	52
197	11	3.28293  	52
198	9	1.10244  	52
199	4	1.23902  	52
200	7	0.868293 	52
201	6	1.00000  	52
202	13	4.17073  	52
203	15	4.73659  	52
204	17	8.71220  	52
205	19	13.1805  	52

Total Tracks in X-direction: 10712  in Y-direction: 10712

Logic Area (in minimum width transistor areas):
Total Logic Area: 1.26075e+09  Per 1x1 logic tile: 30000

Routing area (in minimum width transistor areas):
Total Routing Area: 2.73980e+08  Per logic tile: 6519.44

Segment usage by type (index):
Segment type       Fractional utilization
------------       ----------------------
       0                  0.122

Segment usage by length:
Segment length       Fractional utilization
--------------       ----------------------
        2                   0.122

Critical Path: 1.21083e-07 (s)

Time elapsed (PLACE&ROUTE): 106740019.003000 ms


Time elapsed (Fernando): 106740019.015000 ms

