
VPR FPGA Placement and Routing.
Version: Version 5.0.2
Compiled: Dec 11 2020.
Original VPR by V. Betz.
Timing-driven placement enhancements by A. Marquardt.
Single-drivers enhancements by Andy Ye with additions by.
Mark Fang, Jason Luu, Ted Campbell
Heterogeneous stucture support by Jason Luu and Ted Campbell.
This code is licensed only for non-commercial use.

Auto-sizing FPGA, try x = 50 y = 50
Auto-sizing FPGA, try x = 100 y = 100
Auto-sizing FPGA, try x = 200 y = 200
Auto-sizing FPGA, try x = 400 y = 400
Auto-sizing FPGA, try x = 200 y = 200
Auto-sizing FPGA, try x = 300 y = 300
Auto-sizing FPGA, try x = 250 y = 250
Auto-sizing FPGA, try x = 225 y = 225
Auto-sizing FPGA, try x = 237 y = 237
Auto-sizing FPGA, try x = 243 y = 243
Auto-sizing FPGA, try x = 240 y = 240
Auto-sizing FPGA, try x = 238 y = 238
Auto-sizing FPGA, try x = 239 y = 239
Auto-sizing FPGA, try x = 239 y = 239
FPGA auto-sized to, x = 240 y = 240

Resource Usage:
Netlist      0	blocks of type <EMPTY>
Architecture 4	blocks of type <EMPTY>
Netlist      957	blocks of type .io
Architecture 960	blocks of type .io
Netlist      1539	blocks of type .clb
Architecture 57600	blocks of type .clb

Timing analysis: ON

Operation:  ROUTE_ONLY

PlacerOpts.place_freq:  PLACE_NEVER

RouterOpts.route_type:  DETAILED
RouterOpts.router_algorithm:  TIMING_DRIVEN
RouterOpts.base_cost_type:  DELAY_NORMALIZED
RouterOpts.fixed_channel_width:  NO_FIXED_CHANNEL_WIDTH
RouterOpts.acc_fac:  1.000000
RouterOpts.bb_factor:  3
RouterOpts.bend_cost:  0.000000
RouterOpts.first_iter_pres_fac:  0.500000
RouterOpts.initial_pres_fac:  0.500000
RouterOpts.pres_fac_mult:  1.300000
RouterOpts.max_router_iterations:  50
RouterOpts.astar_fac:  1.200000
RouterOpts.criticality_exp:  1.000000
RouterOpts.max_criticality:  0.990000

RoutingArch.directionality:  UNI_DIRECTIONAL
RoutingArch.switch_block_type:  WILTON
RoutingArch.Fs:  3

The circuit will be mapped into a 240 x 240 array of clbs.

Netlist num_nets:  2373
Netlist num_blocks:  2496
Netlist inputs pins:  834
Netlist output pins:  123

137 138 0
134 137 0
137 137 0
137 139 0
139 135 0
138 171 0
137 167 0
138 182 0
134 165 0
0 34 0
134 33 0
133 31 0
132 31 0
138 176 0
130 154 0
159 231 0
160 226 0
136 173 0
159 228 0
125 136 0
135 16 0
135 143 0
187 241 0
138 192 0
124 142 0
35 240 0
133 155 0
152 220 0
57 241 0
148 1 0
135 0 0
0 32 0
138 104 0
0 201 0
62 241 0
0 128 0
60 241 0
240 104 0
131 1 0
12 0 0
240 198 0
133 23 0
136 74 0
133 25 0
241 187 0
125 137 0
79 5 0
71 2 0
91 2 0
135 168 0
136 155 0
138 139 0
134 2 0
135 148 0
125 24 0
0 179 0
241 153 0
138 92 0
27 0 0
0 184 0
137 153 0
240 110 0
123 1 0
0 182 0
131 152 0
108 3 0
210 241 0
178 241 0
132 159 0
0 99 0
132 151 0
127 144 0
123 136 0
131 150 0
133 143 0
128 154 0
128 134 0
0 173 0
128 140 0
0 163 0
127 17 0
133 158 0
129 155 0
128 147 0
125 0 0
133 180 0
0 162 0
161 236 0
241 157 0
98 0 0
0 153 0
0 154 0
14 0 0
241 154 0
126 135 0
139 204 0
129 139 0
128 148 0
241 215 0
130 148 0
103 133 0
129 149 0
121 148 0
1 132 0
129 7 0
241 169 0
241 168 0
123 5 0
241 164 0
130 153 0
117 140 0
127 140 0
95 241 0
129 151 0
202 0 0
125 132 0
100 0 0
131 155 0
134 141 0
125 8 0
161 227 0
133 141 0
130 3 0
132 155 0
131 137 0
170 241 0
134 140 0
138 161 0
137 122 0
136 72 0
129 0 0
138 127 0
61 241 0
131 30 0
87 1 0
241 161 0
143 2 0
118 2 0
66 0 0
134 159 0
139 203 0
134 147 0
134 32 0
108 0 0
128 146 0
241 12 0
138 152 0
58 241 0
139 174 0
136 166 0
130 24 0
133 27 0
139 209 0
129 24 0
2 207 0
133 22 0
133 157 0
124 4 0
0 188 0
148 216 0
241 124 0
130 17 0
160 234 0
78 1 0
113 235 0
156 220 0
122 2 0
241 127 0
127 12 0
241 31 0
128 13 0
129 19 0
130 182 0
124 241 0
11 0 0
104 132 0
0 113 0
131 159 0
137 15 0
133 140 0
0 239 0
133 20 0
130 21 0
241 170 0
131 20 0
115 0 0
144 0 0
138 140 0
114 0 0
127 26 0
0 194 0
119 0 0
83 3 0
0 195 0
240 86 0
120 0 0
136 138 0
130 12 0
84 2 0
181 0 0
209 241 0
168 240 0
117 1 0
182 241 0
131 215 0
121 3 0
89 1 0
161 0 0
134 113 0
166 230 0
83 0 0
126 157 0
162 0 0
151 0 0
0 77 0
117 0 0
128 137 0
139 194 0
138 187 0
81 0 0
43 241 0
69 241 0
87 0 0
131 31 0
121 1 0
128 8 0
131 158 0
129 222 0
74 0 0
131 107 0
0 117 0
136 0 0
76 0 0
208 0 0
73 0 0
136 169 0
75 0 0
7 1 0
77 0 0
75 2 0
90 0 0
9 1 0
69 1 0
1 35 0
131 128 0
26 241 0
138 188 0
241 150 0
17 241 0
44 241 0
114 241 0
125 3 0
138 160 0
128 2 0
134 34 0
105 1 0
94 0 0
108 1 0
158 226 0
132 133 0
122 137 0
164 0 0
53 0 0
91 0 0
122 7 0
135 156 0
126 133 0
127 135 0
97 0 0
158 1 0
127 154 0
145 0 0
128 186 0
147 0 0
132 5 0
131 22 0
186 241 0
2 140 0
102 1 0
131 17 0
240 17 0
126 10 0
89 3 0
123 15 0
62 0 0
132 152 0
0 59 0
129 110 0
124 20 0
199 0 0
152 0 0
200 241 0
135 151 0
149 0 0
241 167 0
195 1 0
145 206 0
121 13 0
241 159 0
0 170 0
125 2 0
238 91 0
137 0 0
150 0 0
95 0 0
152 219 0
158 0 0
162 1 0
140 209 0
157 0 0
207 0 0
142 1 0
210 0 0
125 134 0
139 1 0
138 40 0
18 0 0
0 156 0
138 151 0
130 184 0
123 12 0
0 88 0
128 14 0
1 90 0
136 168 0
134 1 0
240 215 0
128 15 0
130 181 0
157 220 0
134 27 0
128 28 0
193 1 0
0 150 0
96 1 0
128 150 0
129 103 0
159 0 0
79 2 0
37 0 0
113 3 0
79 1 0
127 25 0
111 241 0
122 13 0
171 237 0
83 1 0
134 29 0
125 23 0
73 1 0
137 82 0
69 0 0
127 14 0
136 85 0
132 28 0
146 1 0
0 18 0
24 0 0
81 5 0
70 2 0
215 0 0
125 26 0
211 241 0
136 141 0
134 128 0
31 0 0
241 110 0
192 0 0
185 0 0
193 0 0
0 37 0
129 25 0
124 24 0
135 199 0
241 152 0
29 1 0
175 241 0
77 3 0
241 149 0
174 0 0
78 2 0
126 12 0
74 2 0
241 129 0
241 133 0
135 154 0
80 3 0
241 59 0
134 156 0
130 120 0
73 2 0
68 1 0
107 130 0
65 0 0
52 241 0
0 36 0
134 17 0
241 185 0
135 149 0
58 0 0
137 190 0
47 238 0
60 0 0
80 4 0
135 50 0
0 185 0
61 1 0
123 19 0
121 0 0
126 25 0
135 110 0
132 2 0
65 1 0
124 131 0
61 0 0
134 151 0
130 159 0
77 1 0
241 26 0
83 241 0
64 0 0
133 177 0
0 152 0
128 17 0
184 0 0
74 3 0
126 23 0
124 19 0
241 130 0
0 67 0
181 1 0
64 1 0
143 241 0
105 0 0
145 216 0
122 155 0
79 4 0
129 213 0
149 241 0
0 177 0
78 4 0
137 194 0
153 225 0
232 241 0
120 143 0
0 122 0
82 3 0
133 164 0
154 0 0
123 28 0
129 28 0
89 2 0
156 0 0
93 1 0
125 20 0
2 81 0
241 156 0
131 116 0
240 99 0
128 156 0
134 197 0
124 0 0
132 179 0
137 168 0
88 1 0
140 203 0
92 1 0
1 88 0
159 241 0
134 35 0
104 1 0
85 4 0
135 157 0
135 187 0
178 1 0
137 144 0
0 54 0
1 180 0
241 7 0
130 30 0
131 177 0
163 241 0
138 154 0
89 0 0
0 180 0
122 134 0
136 61 0
169 1 0
136 214 0
0 68 0
133 186 0
135 53 0
165 1 0
241 135 0
60 1 0
12 241 0
157 1 0
137 141 0
71 0 0
217 241 0
127 176 0
132 100 0
21 0 0
163 240 0
134 40 0
241 36 0
190 0 0
129 102 0
134 129 0
0 12 0
129 106 0
101 0 0
135 113 0
157 228 0
0 171 0
131 14 0
151 1 0
131 185 0
138 155 0
139 197 0
241 75 0
0 3 0
121 241 0
88 0 0
128 223 0
135 62 0
99 0 0
195 241 0
0 76 0
135 171 0
133 101 0
155 241 0
144 217 0
132 25 0
241 181 0
0 119 0
133 121 0
178 0 0
136 1 0
217 0 0
130 25 0
135 56 0
133 15 0
241 213 0
132 154 0
92 0 0
80 2 0
134 102 0
132 22 0
49 0 0
128 110 0
128 16 0
240 146 0
157 2 0
138 80 0
170 1 0
156 222 0
160 1 0
140 208 0
138 44 0
130 112 0
241 78 0
109 1 0
138 87 0
138 107 0
134 110 0
1 95 0
129 1 0
132 26 0
0 183 0
133 100 0
137 73 0
82 4 0
138 68 0
0 121 0
29 0 0
241 94 0
137 155 0
0 69 0
241 108 0
132 101 0
241 163 0
135 131 0
0 79 0
70 0 0
241 40 0
80 6 0
90 2 0
241 71 0
0 110 0
241 107 0
1 93 0
153 0 0
241 98 0
115 1 0
122 4 0
241 102 0
138 136 0
106 133 0
241 97 0
241 198 0
138 60 0
107 2 0
0 226 0
1 105 0
136 118 0
136 151 0
134 154 0
0 97 0
13 1 0
125 21 0
0 103 0
131 101 0
202 241 0
138 137 0
145 1 0
161 1 0
0 102 0
241 100 0
131 112 0
119 143 0
130 26 0
135 211 0
2 99 0
136 134 0
0 98 0
126 141 0
100 241 0
106 130 0
0 199 0
138 185 0
148 0 0
128 18 0
128 25 0
68 2 0
122 1 0
111 1 0
0 158 0
81 4 0
0 6 0
103 1 0
0 181 0
0 80 0
135 114 0
146 0 0
0 137 0
136 84 0
136 90 0
125 1 0
76 4 0
133 113 0
135 163 0
101 2 0
241 122 0
137 76 0
135 117 0
241 214 0
197 0 0
123 22 0
138 133 0
131 104 0
0 87 0
137 199 0
241 134 0
135 34 0
0 140 0
240 106 0
241 235 0
86 3 0
132 14 0
138 112 0
131 0 0
0 164 0
100 1 0
111 0 0
133 187 0
130 102 0
135 37 0
126 158 0
138 170 0
241 103 0
109 0 0
133 194 0
241 166 0
1 99 0
234 91 0
123 13 0
0 100 0
119 134 0
124 157 0
7 0 0
137 188 0
134 138 0
136 126 0
127 27 0
131 111 0
1 89 0
132 40 0
137 34 0
132 185 0
132 106 0
129 10 0
137 91 0
134 152 0
35 0 0
138 93 0
126 20 0
137 119 0
137 197 0
138 195 0
71 241 0
84 4 0
0 136 0
133 120 0
241 8 0
219 0 0
136 114 0
127 15 0
138 8 0
0 139 0
127 13 0
22 0 0
113 226 0
115 241 0
123 25 0
134 108 0
133 134 0
132 111 0
183 0 0
240 101 0
137 169 0
127 23 0
241 137 0
240 16 0
130 210 0
241 91 0
136 189 0
134 120 0
135 115 0
129 17 0
0 235 0
0 109 0
67 241 0
138 169 0
136 167 0
234 110 0
241 80 0
130 23 0
125 131 0
241 162 0
72 2 0
137 143 0
0 124 0
136 212 0
241 221 0
241 101 0
86 1 0
125 22 0
133 116 0
134 115 0
28 0 0
136 150 0
0 90 0
1 79 0
151 221 0
131 32 0
241 11 0
103 0 0
0 115 0
134 121 0
138 148 0
140 202 0
130 29 0
129 112 0
132 162 0
128 178 0
241 89 0
135 158 0
0 78 0
72 1 0
237 110 0
133 129 0
128 229 0
135 118 0
240 122 0
126 1 0
159 223 0
138 173 0
186 0 0
241 205 0
131 114 0
127 30 0
132 175 0
241 224 0
103 129 0
9 0 0
126 134 0
204 0 0
133 30 0
138 142 0
151 2 0
0 84 0
45 1 0
241 69 0
132 116 0
90 241 0
127 20 0
241 3 0
174 241 0
134 135 0
133 28 0
112 0 0
129 183 0
76 3 0
241 178 0
166 0 0
1 241 0
241 50 0
133 105 0
137 128 0
0 56 0
135 38 0
136 120 0
134 88 0
143 0 0
133 185 0
241 113 0
136 160 0
126 232 0
125 138 0
152 241 0
1 23 0
240 234 0
77 5 0
0 229 0
241 125 0
134 111 0
159 1 0
3 90 0
138 81 0
173 238 0
134 85 0
138 109 0
241 63 0
188 0 0
0 166 0
136 136 0
136 157 0
114 2 0
177 241 0
241 202 0
241 104 0
117 2 0
63 0 0
132 182 0
0 105 0
132 166 0
67 0 0
241 86 0
132 157 0
126 137 0
120 4 0
129 229 0
130 163 0
134 116 0
127 137 0
135 141 0
138 116 0
95 1 0
136 139 0
129 141 0
44 0 0
128 222 0
241 106 0
201 0 0
126 19 0
134 124 0
196 238 0
121 2 0
215 241 0
134 157 0
241 117 0
118 1 0
28 241 0
139 2 0
241 109 0
240 154 0
129 216 0
241 118 0
51 241 0
0 101 0
130 150 0
134 153 0
0 55 0
0 125 0
241 123 0
131 108 0
241 60 0
241 145 0
137 176 0
0 108 0
132 102 0
132 189 0
138 85 0
135 178 0
133 167 0
132 165 0
241 232 0
239 0 0
0 169 0
182 0 0
134 132 0
55 241 0
138 58 0
241 138 0
0 160 0
130 109 0
79 3 0
106 2 0
0 82 0
0 92 0
238 0 0
138 84 0
241 179 0
237 91 0
130 7 0
0 161 0
241 132 0
139 89 0
241 139 0
128 22 0
126 235 0
171 0 0
94 241 0
137 60 0
240 103 0
240 91 0
1 103 0
157 227 0
124 6 0
126 2 0
131 145 0
127 19 0
129 104 0
241 148 0
134 139 0
113 2 0
2 147 0
138 144 0
132 139 0
132 110 0
123 0 0
171 1 0
132 17 0
130 104 0
135 2 0
135 39 0
187 0 0
1 146 0
136 135 0
241 196 0
241 140 0
134 109 0
0 114 0
241 115 0
0 198 0
137 66 0
240 111 0
0 66 0
134 127 0
107 1 0
68 0 0
0 212 0
0 61 0
79 6 0
0 89 0
42 0 0
130 158 0
130 15 0
136 165 0
241 52 0
153 220 0
76 2 0
94 2 0
136 203 0
130 106 0
133 29 0
133 0 0
145 2 0
129 107 0
203 0 0
133 26 0
0 7 0
137 150 0
148 218 0
240 114 0
131 117 0
240 76 0
137 212 0
195 0 0
172 1 0
205 1 0
136 64 0
0 123 0
176 0 0
128 12 0
137 85 0
134 112 0
125 140 0
134 180 0
168 0 0
138 120 0
220 0 0
150 216 0
131 28 0
110 241 0
169 0 0
145 203 0
123 142 0
170 0 0
155 2 0
119 147 0
240 223 0
240 115 0
131 25 0
230 0 0
0 2 0
83 4 0
0 24 0
241 70 0
136 73 0
138 124 0
134 57 0
109 241 0
160 230 0
127 141 0
0 193 0
150 2 0
237 66 0
135 128 0
126 136 0
239 2 0
241 10 0
133 153 0
75 1 0
138 88 0
138 164 0
54 0 0
76 1 0
241 17 0
133 117 0
90 1 0
115 144 0
34 0 0
241 226 0
136 129 0
0 116 0
153 223 0
241 2 0
160 0 0
122 144 0
1 101 0
135 122 0
241 228 0
241 96 0
175 0 0
132 112 0
122 3 0
241 35 0
179 0 0
144 207 0
172 0 0
130 20 0
135 86 0
241 66 0
0 5 0
132 30 0
46 0 0
132 103 0
181 241 0
134 126 0
241 64 0
241 223 0
130 16 0
136 125 0
134 216 0
241 79 0
0 10 0
125 156 0
138 61 0
241 58 0
138 52 0
41 0 0
47 241 0
0 70 0
240 80 0
132 214 0
241 68 0
56 241 0
6 0 0
0 135 0
134 158 0
90 3 0
146 2 0
123 157 0
241 87 0
108 133 0
240 0 0
81 2 0
241 1 0
238 1 0
157 240 0
130 177 0
241 211 0
133 183 0
137 1 0
154 2 0
133 85 0
148 2 0
0 145 0
0 240 0
1 5 0
134 21 0
25 0 0
226 0 0
135 87 0
241 112 0
137 79 0
129 26 0
241 6 0
85 1 0
139 0 0
214 241 0
137 165 0
132 150 0
138 90 0
131 12 0
240 83 0
0 149 0
138 89 0
0 144 0
241 57 0
104 2 0
0 91 0
241 20 0
241 146 0
241 90 0
238 241 0
134 114 0
1 92 0
135 139 0
74 1 0
241 116 0
0 38 0
241 83 0
116 2 0
241 54 0
134 84 0
234 0 0
126 138 0
138 76 0
158 230 0
106 0 0
203 241 0
241 201 0
138 82 0
136 156 0
132 136 0
0 83 0
131 182 0
0 146 0
237 83 0
138 26 0
133 115 0
135 186 0
1 102 0
135 146 0
129 214 0
138 83 0
103 2 0
241 81 0
241 76 0
241 92 0
0 111 0
0 62 0
0 106 0
240 70 0
56 0 0
142 217 0
130 180 0
142 2 0
135 132 0
0 112 0
129 142 0
0 35 0
130 214 0
131 176 0
147 1 0
133 108 0
0 104 0
138 1 0
134 87 0
71 1 0
241 220 0
160 2 0
128 21 0
8 0 0
123 11 0
136 92 0
113 238 0
124 18 0
237 65 0
131 173 0
133 13 0
173 0 0
137 241 0
135 241 0
134 119 0
165 0 0
137 185 0
133 111 0
241 218 0
215 1 0
13 0 0
142 203 0
135 14 0
136 172 0
73 3 0
155 0 0
0 93 0
241 93 0
241 99 0
241 197 0
1 163 0
126 21 0
127 160 0
138 119 0
135 40 0
14 241 0
241 88 0
125 135 0
167 241 0
129 224 0
134 60 0
0 86 0
116 141 0
138 241 0
138 86 0
136 86 0
132 109 0
0 143 0
126 28 0
0 28 0
241 188 0
133 159 0
237 86 0
138 100 0
189 0 0
138 96 0
125 133 0
0 95 0
125 5 0
3 0 0
75 4 0
0 9 0
138 64 0
57 0 0
227 0 0
159 225 0
110 0 0
137 38 0
131 166 0
119 1 0
133 55 0
138 138 0
228 0 0
137 147 0
152 218 0
241 204 0
199 241 0
136 186 0
118 3 0
135 174 0
129 156 0
132 16 0
128 26 0
135 135 0
69 2 0
123 4 0
28 1 0
131 147 0
133 241 0
83 2 0
149 2 0
80 1 0
109 2 0
135 136 0
132 18 0
164 232 0
85 2 0
87 2 0
110 1 0
138 72 0
126 238 0
108 2 0
59 0 0
56 1 0
240 84 0
130 19 0
136 162 0
97 1 0
159 232 0
52 0 0
63 1 0
48 0 0
241 16 0
133 138 0
138 132 0
84 3 0
241 120 0
77 2 0
50 0 0
93 0 0
133 103 0
74 4 0
120 1 0
135 184 0
126 22 0
12 1 0
124 14 0
205 0 0
47 0 0
129 182 0
135 4 0
118 148 0
40 0 0
129 140 0
123 2 0
133 18 0
129 240 0
241 114 0
137 140 0
43 0 0
138 14 0
136 29 0
38 0 0
36 0 0
241 126 0
85 3 0
129 5 0
0 118 0
94 1 0
105 2 0
86 0 0
178 240 0
1 0 0
133 58 0
0 8 0
133 191 0
123 241 0
134 214 0
198 0 0
33 241 0
241 212 0
107 0 0
87 3 0
130 241 0
241 74 0
101 129 0
86 4 0
121 145 0
0 39 0
126 24 0
130 144 0
131 146 0
129 232 0
0 217 0
136 143 0
133 114 0
126 3 0
150 220 0
136 159 0
133 150 0
135 160 0
132 15 0
241 44 0
134 20 0
133 128 0
138 48 0
132 130 0
138 7 0
154 220 0
62 1 0
138 16 0
196 240 0
134 241 0
131 19 0
0 21 0
0 20 0
241 21 0
126 18 0
0 172 0
124 155 0
241 19 0
1 20 0
24 241 0
240 19 0
241 105 0
163 230 0
129 20 0
241 131 0
0 17 0
128 143 0
128 19 0
102 0 0
127 18 0
121 14 0
139 199 0
241 23 0
0 14 0
137 214 0
241 24 0
0 26 0
129 158 0
133 2 0
106 1 0
134 14 0
134 19 0
133 17 0
240 98 0
241 144 0
129 235 0
132 21 0
221 0 0
216 0 0
119 241 0
113 232 0
212 0 0
213 0 0
200 1 0
150 218 0
135 3 0
133 112 0
202 1 0
134 188 0
112 139 0
206 0 0
128 20 0
134 22 0
134 3 0
241 4 0
135 21 0
138 12 0
138 24 0
137 18 0
241 5 0
135 1 0
132 129 0
80 0 0
138 28 0
136 197 0
133 135 0
126 194 0
129 162 0
72 0 0
20 241 0
128 24 0
97 241 0
135 15 0
133 14 0
0 94 0
2 23 0
107 241 0
191 0 0
130 123 0
130 126 0
130 22 0
129 23 0
241 172 0
1 72 0
241 28 0
153 221 0
0 73 0
240 171 0
0 71 0
0 29 0
0 27 0
130 125 0
0 178 0
129 238 0
152 222 0
129 150 0
128 23 0
127 21 0
240 22 0
129 22 0
129 21 0
0 25 0
241 25 0
0 23 0
240 124 0
241 22 0
0 15 0
75 3 0
241 29 0
145 219 0
135 201 0
0 16 0
241 111 0
205 241 0
77 241 0
23 0 0
134 146 0
241 14 0
124 192 0
0 138 0
241 13 0
106 129 0
129 13 0
135 59 0
0 167 0
124 2 0
70 1 0
163 0 0
132 124 0
1 3 0
208 241 0
133 126 0
241 225 0
155 219 0
241 84 0
126 0 0
136 188 0
124 148 0
131 124 0
0 196 0
0 151 0
30 0 0
134 123 0
132 125 0
240 165 0
136 153 0
1 1 0
240 168 0
241 95 0
131 180 0
138 9 0
240 173 0
1 172 0
241 171 0
237 0 0
116 0 0
0 174 0
241 173 0
0 175 0
241 174 0
241 175 0
130 155 0
129 14 0
133 189 0
138 145 0
124 3 0
133 182 0
211 0 0
241 143 0
225 0 0
122 0 0
131 15 0
127 2 0
135 125 0
137 193 0
240 1 0
131 130 0
132 127 0
1 80 0
130 129 0
156 225 0
136 20 0
138 108 0
138 201 0
131 131 0
134 117 0
135 19 0
132 19 0
138 128 0
91 1 0
221 241 0
127 179 0
0 85 0
135 23 0
206 241 0
104 131 0
128 5 0
136 171 0
134 18 0
129 16 0
129 8 0
169 240 0
128 3 0
219 241 0
136 154 0
130 5 0
130 4 0
0 1 0
236 0 0
160 241 0
235 0 0
241 9 0
127 177 0
124 1 0
131 110 0
129 189 0
128 1 0
122 5 0
233 0 0
17 0 0
130 27 0
232 0 0
16 0 0
139 179 0
135 142 0
127 7 0
133 127 0
127 0 0
130 0 0
122 10 0
176 240 0
118 145 0
136 19 0
133 10 0
134 15 0
241 82 0
0 232 0
129 175 0
135 20 0
133 8 0
128 184 0
135 18 0
124 17 0
135 13 0
54 1 0
1 97 0
1 239 0
149 214 0
82 0 0
136 16 0
240 241 0
0 134 0
0 46 0
132 4 0
0 45 0
237 101 0
105 241 0
45 0 0
137 21 0
127 157 0
140 0 0
141 0 0
85 241 0
133 7 0
171 240 0
133 5 0
124 21 0
133 1 0
138 193 0
191 241 0
0 132 0
132 3 0
128 151 0
134 0 0
132 0 0
129 153 0
241 43 0
0 44 0
127 1 0
136 22 0
138 29 0
137 24 0
129 152 0
168 241 0
136 241 0
138 23 0
218 0 0
133 21 0
131 21 0
74 241 0
130 10 0
128 162 0
121 4 0
132 217 0
131 5 0
136 140 0
135 26 0
131 134 0
127 134 0
81 1 0
135 25 0
119 2 0
139 216 0
138 20 0
138 32 0
138 172 0
128 227 0
134 31 0
136 32 0
139 176 0
134 28 0
135 155 0
133 132 0
132 138 0
135 185 0
138 4 0
135 152 0
137 142 0
133 156 0
138 208 0
134 155 0
38 241 0
138 141 0
46 241 0
139 205 0
241 119 0
135 137 0
136 117 0
115 3 0
241 199 0
136 137 0
77 4 0
152 221 0
185 241 0
138 156 0
138 135 0
1 130 0
80 5 0
137 166 0
39 241 0
138 166 0
138 165 0
150 219 0
169 239 0
129 223 0
162 231 0
209 0 0
166 233 0
156 219 0
127 241 0
0 133 0
23 241 0
158 223 0
133 19 0
113 223 0
50 241 0
153 222 0
155 223 0
154 221 0
151 218 0
155 220 0
9 241 0
154 218 0
132 190 0
135 190 0
128 183 0
125 157 0
131 188 0
129 188 0
241 190 0
40 241 0
241 191 0
137 175 0
0 218 0
174 240 0
0 189 0
16 241 0
241 189 0
132 141 0
169 233 0
134 12 0
0 190 0
122 146 0
127 183 0
241 217 0
0 187 0
130 186 0
0 96 0
241 216 0
82 2 0
241 184 0
241 183 0
151 215 0
0 216 0
196 237 0
129 180 0
151 220 0
147 218 0
204 241 0
200 240 0
216 241 0
135 165 0
138 216 0
197 237 0
131 23 0
207 241 0
214 0 0
1 25 0
170 235 0
76 241 0
218 241 0
241 182 0
167 232 0
213 241 0
212 241 0
133 32 0
154 219 0
127 24 0
111 139 0
0 223 0
137 172 0
129 185 0
134 184 0
128 176 0
132 180 0
0 157 0
133 118 0
133 213 0
199 238 0
138 106 0
160 224 0
126 191 0
192 241 0
136 194 0
129 192 0
142 209 0
27 241 0
113 141 0
240 193 0
134 191 0
52 1 0
241 193 0
241 209 0
241 208 0
156 228 0
241 192 0
131 189 0
0 206 0
79 0 0
136 195 0
130 18 0
113 143 0
197 241 0
241 195 0
241 147 0
86 241 0
166 1 0
241 210 0
132 160 0
141 217 0
123 3 0
126 192 0
125 191 0
110 135 0
0 197 0
82 5 0
138 167 0
125 193 0
136 142 0
134 179 0
72 241 0
51 0 0
81 3 0
0 165 0
138 134 0
138 10 0
73 241 0
70 241 0
115 141 0
123 191 0
66 241 0
68 241 0
125 192 0
194 241 0
241 67 0
144 201 0
132 20 0
93 241 0
138 199 0
139 201 0
143 208 0
140 206 0
201 241 0
141 201 0
241 207 0
241 200 0
241 206 0
137 200 0
138 220 0
138 198 0
180 0 0
83 240 0
241 27 0
196 241 0
78 241 0
81 241 0
82 241 0
104 241 0
79 241 0
103 132 0
151 222 0
145 209 0
143 205 0
86 2 0
146 208 0
129 208 0
136 192 0
139 200 0
140 199 0
228 241 0
131 181 0
239 241 0
159 222 0
146 211 0
240 89 0
160 227 0
172 241 0
133 16 0
161 226 0
129 15 0
131 214 0
136 36 0
132 216 0
139 183 0
168 234 0
169 236 0
133 188 0
132 177 0
130 213 0
129 220 0
133 216 0
114 1 0
110 238 0
130 216 0
133 214 0
89 241 0
137 213 0
134 39 0
88 241 0
176 241 0
87 241 0
155 224 0
78 3 0
184 241 0
183 241 0
170 238 0
88 2 0
129 18 0
131 172 0
132 215 0
166 236 0
180 241 0
179 241 0
230 241 0
162 241 0
84 241 0
231 241 0
233 241 0
45 241 0
135 192 0
133 190 0
132 178 0
0 224 0
104 3 0
135 189 0
171 241 0
131 179 0
225 241 0
226 241 0
0 225 0
164 241 0
1 218 0
135 162 0
227 241 0
0 155 0
134 190 0
131 18 0
140 241 0
130 188 0
136 200 0
133 197 0
0 57 0
138 214 0
92 241 0
96 240 0
241 227 0
0 129 0
135 217 0
133 184 0
173 240 0
134 215 0
135 204 0
121 142 0
156 226 0
136 213 0
136 216 0
132 27 0
133 210 0
59 241 0
137 218 0
135 214 0
136 217 0
147 220 0
133 212 0
135 24 0
114 141 0
165 241 0
117 241 0
166 241 0
135 213 0
134 16 0
98 241 0
91 241 0
153 240 0
136 170 0
112 141 0
139 217 0
118 241 0
237 63 0
138 11 0
161 241 0
158 241 0
124 5 0
126 208 0
140 204 0
31 240 0
134 142 0
157 241 0
107 128 0
156 241 0
103 241 0
129 211 0
138 219 0
136 211 0
133 211 0
128 241 0
148 219 0
137 211 0
127 3 0
241 18 0
99 241 0
136 89 0
189 241 0
188 241 0
138 217 0
136 215 0
193 241 0
190 241 0
104 0 0
169 241 0
129 154 0
101 241 0
102 241 0
134 212 0
138 213 0
41 241 0
127 152 0
137 215 0
135 212 0
0 63 0
22 241 0
166 229 0
154 222 0
196 0 0
136 219 0
132 1 0
0 53 0
138 204 0
132 117 0
149 218 0
167 231 0
135 195 0
241 237 0
170 240 0
153 219 0
82 1 0
130 171 0
149 217 0
229 0 0
147 213 0
0 31 0
139 182 0
136 180 0
138 200 0
173 241 0
134 162 0
0 208 0
133 160 0
144 1 0
135 170 0
130 194 0
123 143 0
108 131 0
151 241 0
110 142 0
116 144 0
138 158 0
129 159 0
131 163 0
107 132 0
106 128 0
0 130 0
137 136 0
0 131 0
135 134 0
118 140 0
134 136 0
118 0 0
104 130 0
0 127 0
0 200 0
241 128 0
103 131 0
105 131 0
29 241 0
0 126 0
7 241 0
120 2 0
101 131 0
241 65 0
241 53 0
129 241 0
141 240 0
53 240 0
131 125 0
134 166 0
146 240 0
131 164 0
128 182 0
2 149 0
147 241 0
1 36 0
150 241 0
132 181 0
148 241 0
146 241 0
99 1 0
11 241 0
131 9 0
144 240 0
112 241 0
113 241 0
118 154 0
128 163 0
36 241 0
129 163 0
135 198 0
129 165 0
106 241 0
153 241 0
154 241 0
131 113 0
107 240 0
241 233 0
134 150 0
129 157 0
241 33 0
130 161 0
129 221 0
0 11 0
109 133 0
128 188 0
107 129 0
104 129 0
35 241 0
143 238 0
129 179 0
130 14 0
102 130 0
124 145 0
0 19 0
120 140 0
240 66 0
96 241 0
116 138 0
113 142 0
125 150 0
116 143 0
113 227 0
113 0 0
115 140 0
115 139 0
19 241 0
118 143 0
0 58 0
0 43 0
18 241 0
118 142 0
0 186 0
15 241 0
26 240 0
138 212 0
21 241 0
115 154 0
124 138 0
30 241 0
84 1 0
118 139 0
142 0 0
13 241 0
118 147 0
115 142 0
167 0 0
122 147 0
122 150 0
131 29 0
122 149 0
123 149 0
118 240 0
128 0 0
131 178 0
75 241 0
141 241 0
116 241 0
135 17 0
120 241 0
122 241 0
135 153 0
125 241 0
241 158 0
134 183 0
88 3 0
114 142 0
112 142 0
1 94 0
108 241 0
8 241 0
131 26 0
80 241 0
10 241 0
155 217 0
117 138 0
129 226 0
131 16 0
107 131 0
126 154 0
111 137 0
113 229 0
241 219 0
123 146 0
125 4 0
85 0 0
123 144 0
114 143 0
135 10 0
117 143 0
124 23 0
0 81 0
115 143 0
126 152 0
129 161 0
105 130 0
131 160 0
132 183 0
127 153 0
103 130 0
135 188 0
133 102 0
134 189 0
127 178 0
128 173 0
5 0 0
128 174 0
126 4 0
128 233 0
49 241 0
0 210 0
48 241 0
130 160 0
53 241 0
0 209 0
0 207 0
0 215 0
136 185 0
0 220 0
241 165 0
42 241 0
0 219 0
0 221 0
128 145 0
0 213 0
127 22 0
0 211 0
0 147 0
124 154 0
130 189 0
32 241 0
34 241 0
121 154 0
132 191 0
148 215 0
131 191 0
41 238 0
125 153 0
126 153 0
198 241 0
220 241 0
127 159 0
131 184 0
128 179 0
235 241 0
135 90 0
136 77 0
129 178 0
0 4 0
241 234 0
0 234 0
226 1 0
133 163 0
241 236 0
131 183 0
0 237 0
135 215 0
0 236 0
236 241 0
139 241 0
135 240 0
0 238 0
241 239 0
126 236 0
130 183 0
129 181 0
0 227 0
129 233 0
132 128 0
131 241 0
134 186 0
144 241 0
142 241 0
130 240 0
132 241 0
241 186 0
126 241 0
224 241 0
223 241 0
131 162 0
134 182 0
136 87 0
134 185 0
163 233 0
128 224 0
162 238 0
138 56 0
128 230 0
137 191 0
132 184 0
131 156 0
132 186 0
137 170 0
137 174 0
138 177 0
128 225 0
138 51 0
136 163 0
137 182 0
138 186 0
138 189 0
133 89 0
138 174 0
138 17 0
138 184 0
138 196 0
101 1 0
138 168 0
123 240 0
138 180 0
241 45 0
132 29 0
31 241 0
138 190 0
138 36 0
138 35 0
135 164 0
132 158 0
161 229 0
137 135 0
241 49 0
241 203 0
0 205 0
0 222 0
0 33 0
229 241 0
32 0 0
241 160 0
241 51 0
0 50 0
241 151 0
0 168 0
10 0 0
223 0 0
241 32 0
241 37 0
0 41 0
241 180 0
241 41 0
241 72 0
0 72 0
222 0 0
0 48 0
2 0 0
78 0 0
19 0 0
0 75 0
0 47 0
177 0 0
241 73 0
241 15 0
0 228 0
39 0 0
241 155 0
200 0 0
96 0 0
26 0 0
241 34 0
194 0 0
0 74 0
0 107 0
241 42 0
0 204 0
241 121 0
241 38 0
241 141 0
241 48 0
241 39 0
241 238 0
0 64 0
241 61 0
241 229 0
145 241 0
0 120 0
241 85 0
0 49 0
0 22 0
0 159 0
0 203 0
54 241 0
241 136 0
0 65 0
64 241 0
241 62 0
0 142 0
0 60 0
0 148 0
241 240 0
241 230 0
241 46 0
0 40 0
0 42 0
241 55 0
224 0 0
55 0 0
20 0 0
4 0 0
0 192 0
0 202 0
63 241 0
25 241 0
0 141 0
65 241 0
241 177 0
241 30 0
241 176 0
241 142 0
84 0 0
0 13 0
138 0 0
33 0 0
0 191 0
3 241 0
241 222 0
0 30 0
241 194 0
241 56 0
0 230 0
0 231 0
15 0 0
241 231 0
234 241 0
0 233 0
0 176 0
37 241 0
0 52 0
2 241 0
241 77 0
0 51 0
222 241 0
231 0 0
241 47 0
237 241 0
0 214 0
low, high, current -1 -1 8
Confirming Router Algorithm: TIMING_DRIVEN.
T_crit: 7.61467e-08.
T_crit: 7.62539e-08.
T_crit: 7.62539e-08.
T_crit: 7.60458e-08.
T_crit: 7.60446e-08.
T_crit: 7.60458e-08.
T_crit: 7.60458e-08.
T_crit: 7.60458e-08.
T_crit: 7.58378e-08.
T_crit: 7.58353e-08.
T_crit: 7.58365e-08.
T_crit: 7.58365e-08.
T_crit: 7.58366e-08.
T_crit: 7.58366e-08.
T_crit: 7.58366e-08.
T_crit: 7.58461e-08.
T_crit: 7.58353e-08.
T_crit: 7.59399e-08.
T_crit: 7.59399e-08.
T_crit: 7.6042e-08.
T_crit: 7.62501e-08.
T_crit: 7.69738e-08.
T_crit: 7.70772e-08.
T_crit: 7.72853e-08.
T_crit: 7.74912e-08.
T_crit: 7.8217e-08.
T_crit: 7.84225e-08.
T_crit: 7.88323e-08.
T_crit: 7.94563e-08.
T_crit: 7.9769e-08.
T_crit: 8.04953e-08.
T_crit: 8.01864e-08.
T_crit: 7.96682e-08.
T_crit: 7.99796e-08.
T_crit: 7.97703e-08.
T_crit: 8.00716e-08.
T_crit: 7.9672e-08.
T_crit: 7.99859e-08.
T_crit: 8.13362e-08.
T_crit: 8.1335e-08.
T_crit: 8.09176e-08.
T_crit: 8.15405e-08.
T_crit: 8.14333e-08.
T_crit: 8.20562e-08.
T_crit: 8.20574e-08.
T_crit: 8.13312e-08.
T_crit: 8.11244e-08.
T_crit: 8.13312e-08.
T_crit: 8.14333e-08.
T_crit: 8.09151e-08.
Routing failed.
low, high, current 8 -1 16
Confirming Router Algorithm: TIMING_DRIVEN.
T_crit: 7.60421e-08.
T_crit: 7.62539e-08.
T_crit: 7.61505e-08.
T_crit: 7.61505e-08.
T_crit: 7.61505e-08.
T_crit: 7.60458e-08.
T_crit: 7.60458e-08.
T_crit: 7.60458e-08.
T_crit: 7.61505e-08.
T_crit: 7.61505e-08.
T_crit: 7.61505e-08.
T_crit: 7.61505e-08.
T_crit: 7.61505e-08.
T_crit: 7.61492e-08.
T_crit: 7.6148e-08.
T_crit: 7.6148e-08.
T_crit: 7.6148e-08.
T_crit: 7.6148e-08.
T_crit: 7.6148e-08.
T_crit: 7.6148e-08.
T_crit: 7.6148e-08.
T_crit: 7.6148e-08.
T_crit: 7.6148e-08.
T_crit: 7.6148e-08.
T_crit: 7.6148e-08.
T_crit: 7.6148e-08.
T_crit: 7.6148e-08.
T_crit: 7.6148e-08.
T_crit: 7.6148e-08.
Successfully routed after 30 routing iterations.
Completed net delay value cross check successfully.
low, high, current 8 16 12
Confirming Router Algorithm: TIMING_DRIVEN.
T_crit: 7.59235e-08.
T_crit: 7.57274e-08.
T_crit: 7.55276e-08.
T_crit: 7.56228e-08.
T_crit: 7.56228e-08.
T_crit: 7.58308e-08.
T_crit: 7.57249e-08.
T_crit: 7.57262e-08.
T_crit: 7.58225e-08.
T_crit: 7.56228e-08.
T_crit: 7.56228e-08.
T_crit: 7.56228e-08.
T_crit: 7.57287e-08.
T_crit: 7.57287e-08.
T_crit: 7.57287e-08.
T_crit: 7.57287e-08.
T_crit: 7.57287e-08.
T_crit: 7.57287e-08.
T_crit: 7.57287e-08.
T_crit: 7.57287e-08.
T_crit: 7.57287e-08.
T_crit: 7.57287e-08.
T_crit: 7.57287e-08.
T_crit: 7.573e-08.
T_crit: 7.57288e-08.
T_crit: 7.60402e-08.
T_crit: 7.61449e-08.
T_crit: 7.60402e-08.
T_crit: 7.60402e-08.
T_crit: 7.60402e-08.
T_crit: 7.6039e-08.
T_crit: 7.59381e-08.
T_crit: 7.6039e-08.
T_crit: 7.67627e-08.
T_crit: 7.68736e-08.
T_crit: 7.73906e-08.
T_crit: 7.75973e-08.
T_crit: 7.84396e-08.
T_crit: 7.75028e-08.
T_crit: 7.75028e-08.
T_crit: 7.73918e-08.
T_crit: 7.72764e-08.
T_crit: 7.71731e-08.
T_crit: 7.68698e-08.
T_crit: 7.73836e-08.
T_crit: 7.80197e-08.
T_crit: 7.81244e-08.
T_crit: 7.74883e-08.
T_crit: 7.7707e-08.
T_crit: 7.83108e-08.
Routing failed.
low, high, current 12 16 14
Confirming Router Algorithm: TIMING_DRIVEN.
T_crit: 7.57559e-08.
T_crit: 7.5863e-08.
T_crit: 7.56575e-08.
T_crit: 7.57621e-08.
T_crit: 7.58655e-08.
T_crit: 7.57621e-08.
T_crit: 7.566e-08.
T_crit: 7.57634e-08.
T_crit: 7.56587e-08.
T_crit: 7.57583e-08.
T_crit: 7.57609e-08.
T_crit: 7.57609e-08.
T_crit: 7.56575e-08.
T_crit: 7.56575e-08.
T_crit: 7.56575e-08.
T_crit: 7.56562e-08.
T_crit: 7.56562e-08.
T_crit: 7.56562e-08.
T_crit: 7.56562e-08.
T_crit: 7.56562e-08.
T_crit: 7.59046e-08.
T_crit: 7.59046e-08.
T_crit: 7.59046e-08.
T_crit: 7.58523e-08.
T_crit: 7.58523e-08.
T_crit: 7.58523e-08.
T_crit: 7.58523e-08.
T_crit: 7.58523e-08.
T_crit: 7.58523e-08.
T_crit: 7.58523e-08.
T_crit: 7.58523e-08.
T_crit: 7.58523e-08.
T_crit: 7.58523e-08.
T_crit: 7.58523e-08.
T_crit: 7.58523e-08.
T_crit: 7.58523e-08.
T_crit: 7.58523e-08.
T_crit: 7.58523e-08.
T_crit: 7.59173e-08.
T_crit: 7.59084e-08.
T_crit: 7.59084e-08.
T_crit: 7.59569e-08.
T_crit: 7.59084e-08.
T_crit: 7.59569e-08.
T_crit: 7.59569e-08.
T_crit: 7.59569e-08.
T_crit: 7.62608e-08.
T_crit: 7.64801e-08.
T_crit: 7.64801e-08.
T_crit: 7.64801e-08.
Routing failed.

Checking to ensure routing is legal ...
Completed routing consistency check successfully.

Serial number (magic cookie) for the routing is: 522540725
Best routing used a channel width factor of 16.


Average number of bends per net: 7.29878  Maximum # of bends: 35


The number of routed nets (nonglobal): 2373
Wirelength results (all in units of 1 clb segments):
	Total wirelength: 223477   Average net length: 94.1749
	Maximum net length: 697

Wirelength results in terms of physical segments:
	Total wiring segments used: 112091   Av. wire segments per net: 47.2360
	Maximum segments used by a net: 349


X - Directed channels:

j	max occ	av_occ		capacity
0	16	9.11667  	16
1	16	9.45833  	16
2	16	7.70833  	16
3	15	7.24167  	16
4	14	7.14583  	16
5	16	7.92083  	16
6	15	7.34583  	16
7	14	5.73333  	16
8	11	6.27083  	16
9	15	4.55000  	16
10	15	4.99583  	16
11	15	2.62917  	16
12	13	2.30000  	16
13	14	2.45417  	16
14	15	2.70833  	16
15	14	5.18750  	16
16	16	3.52500  	16
17	16	3.79583  	16
18	14	4.62500  	16
19	14	3.75417  	16
20	14	4.45000  	16
21	16	5.71667  	16
22	15	5.31667  	16
23	15	4.80000  	16
24	15	4.32917  	16
25	14	4.05000  	16
26	14	1.72917  	16
27	13	1.65833  	16
28	13	2.53333  	16
29	11	2.73333  	16
30	10	2.02083  	16
31	8	0.383333 	16
32	7	1.86250  	16
33	10	1.49583  	16
34	5	0.166667 	16
35	7	0.654167 	16
36	5	2.88750  	16
37	6	0.650000 	16
38	7	1.25417  	16
39	7	1.15417  	16
40	5	3.92083  	16
41	3	0.0666667	16
42	2	1.00000  	16
43	2	0.0333333	16
44	3	1.11667  	16
45	0	0.00000  	16
46	1	0.404167 	16
47	2	0.487500 	16
48	1	0.558333 	16
49	3	1.39167  	16
50	3	0.491667 	16
51	2	0.450000 	16
52	4	0.620833 	16
53	2	0.0500000	16
54	4	1.50417  	16
55	3	0.0583333	16
56	5	1.17083  	16
57	8	0.633333 	16
58	7	1.93333  	16
59	8	0.558333 	16
60	8	1.61667  	16
61	6	0.866667 	16
62	6	1.64583  	16
63	6	1.47083  	16
64	3	1.66250  	16
65	7	3.81667  	16
66	3	2.00833  	16
67	3	0.483333 	16
68	1	0.0333333	16
69	3	0.0208333	16
70	4	0.0458333	16
71	5	1.18333  	16
72	7	2.09583  	16
73	5	0.133333 	16
74	6	0.116667 	16
75	7	1.27083  	16
76	5	3.52083  	16
77	5	1.07083  	16
78	5	1.21250  	16
79	8	3.55417  	16
80	7	2.67917  	16
81	7	1.97500  	16
82	9	4.57500  	16
83	10	4.08750  	16
84	9	2.02500  	16
85	9	2.16250  	16
86	12	3.49167  	16
87	8	2.18333  	16
88	12	3.37083  	16
89	7	2.53750  	16
90	11	5.66667  	16
91	6	3.09167  	16
92	7	1.12500  	16
93	5	0.0791667	16
94	4	0.650000 	16
95	4	0.0666667	16
96	4	0.654167 	16
97	5	2.07083  	16
98	6	4.08750  	16
99	7	3.16250  	16
100	8	2.73333  	16
101	12	5.33750  	16
102	9	4.19167  	16
103	9	2.68333  	16
104	6	3.17500  	16
105	7	2.35417  	16
106	8	3.40833  	16
107	8	1.66250  	16
108	11	1.30417  	16
109	12	3.43750  	16
110	14	4.83750  	16
111	15	2.44583  	16
112	10	0.866667 	16
113	13	3.03333  	16
114	12	0.741667 	16
115	9	0.725000 	16
116	12	0.316667 	16
117	10	2.05833  	16
118	8	1.54583  	16
119	11	1.87500  	16
120	7	2.09583  	16
121	8	2.14583  	16
122	8	1.64167  	16
123	9	1.62917  	16
124	11	1.80000  	16
125	12	2.12500  	16
126	8	3.39583  	16
127	10	1.00000  	16
128	11	2.14167  	16
129	12	5.14167  	16
130	9	3.00417  	16
131	11	3.87917  	16
132	12	2.46667  	16
133	10	2.03333  	16
134	14	0.700000 	16
135	12	1.36667  	16
136	11	1.21667  	16
137	12	2.20000  	16
138	13	3.29167  	16
139	13	2.65833  	16
140	13	3.53750  	16
141	12	2.88750  	16
142	11	3.21667  	16
143	11	2.39583  	16
144	12	1.18750  	16
145	12	5.27083  	16
146	12	3.98333  	16
147	10	4.10000  	16
148	12	3.47083  	16
149	13	1.65000  	16
150	12	5.05417  	16
151	11	2.52083  	16
152	14	2.22083  	16
153	13	3.33750  	16
154	15	3.02083  	16
155	11	3.27083  	16
156	14	2.87500  	16
157	13	3.72917  	16
158	14	3.18750  	16
159	14	2.70000  	16
160	11	2.45000  	16
161	12	0.500000 	16
162	11	3.14583  	16
163	11	1.97083  	16
164	11	1.80833  	16
165	10	0.483333 	16
166	8	1.99167  	16
167	12	1.02500  	16
168	5	1.55000  	16
169	9	1.44583  	16
170	7	1.37083  	16
171	8	1.75833  	16
172	11	3.28750  	16
173	8	1.40000  	16
174	8	0.370833 	16
175	10	1.15833  	16
176	15	2.82083  	16
177	13	2.54167  	16
178	14	3.36667  	16
179	15	2.62917  	16
180	13	1.74167  	16
181	14	1.84167  	16
182	14	3.20833  	16
183	15	2.65417  	16
184	15	3.92500  	16
185	14	2.50000  	16
186	13	3.03750  	16
187	13	2.11667  	16
188	15	3.47083  	16
189	15	4.43333  	16
190	12	4.13750  	16
191	14	3.45417  	16
192	10	2.52917  	16
193	8	2.15000  	16
194	12	1.82500  	16
195	6	1.86250  	16
196	8	1.44583  	16
197	9	2.08333  	16
198	10	1.95833  	16
199	10	1.94167  	16
200	11	1.46250  	16
201	10	1.79583  	16
202	9	1.55000  	16
203	9	0.266667 	16
204	7	1.79167  	16
205	5	0.187500 	16
206	3	0.629167 	16
207	7	1.56250  	16
208	10	2.05417  	16
209	11	1.53333  	16
210	11	1.82083  	16
211	12	1.04167  	16
212	14	2.53333  	16
213	12	1.57083  	16
214	12	4.57083  	16
215	14	2.71667  	16
216	11	3.19167  	16
217	12	2.66250  	16
218	14	2.87917  	16
219	13	2.00000  	16
220	13	2.23750  	16
221	12	2.65833  	16
222	14	3.42917  	16
223	12	1.16667  	16
224	12	1.92500  	16
225	9	2.43333  	16
226	8	1.50000  	16
227	4	1.95833  	16
228	7	1.40417  	16
229	7	1.38750  	16
230	7	1.17083  	16
231	7	1.38333  	16
232	7	3.44167  	16
233	9	3.14583  	16
234	6	0.725000 	16
235	7	0.700000 	16
236	6	0.729167 	16
237	10	3.42917  	16
238	10	3.90417  	16
239	11	4.59167  	16
240	12	7.82500  	16

Y - Directed channels:

i	max occ	av_occ		capacity
0	14	8.12917  	16
1	11	4.25417  	16
2	11	5.05833  	16
3	6	1.28750  	16
4	6	2.35833  	16
5	2	0.100000 	16
6	3	0.975000 	16
7	1	0.00833333	16
8	3	0.829167 	16
9	2	0.425000 	16
10	3	0.441667 	16
11	2	0.416667 	16
12	5	0.141667 	16
13	4	0.120833 	16
14	2	0.0750000	16
15	2	1.32500  	16
16	1	0.00833333	16
17	1	0.433333 	16
18	1	0.408333 	16
19	1	0.412500 	16
20	2	0.487500 	16
21	3	1.25833  	16
22	1	0.0166667	16
23	1	0.429167 	16
24	1	0.00833333	16
25	3	0.562500 	16
26	3	0.504167 	16
27	3	0.458333 	16
28	4	0.387500 	16
29	5	1.12500  	16
30	2	0.154167 	16
31	3	0.175000 	16
32	2	0.495833 	16
33	1	0.0291667	16
34	3	0.404167 	16
35	2	0.0583333	16
36	2	0.816667 	16
37	2	0.691667 	16
38	1	0.362500 	16
39	2	0.229167 	16
40	3	0.154167 	16
41	3	0.508333 	16
42	2	0.354167 	16
43	2	0.320833 	16
44	3	0.400000 	16
45	3	0.391667 	16
46	3	0.404167 	16
47	3	0.395833 	16
48	3	0.408333 	16
49	3	0.300000 	16
50	2	0.308333 	16
51	3	0.279167 	16
52	4	0.554167 	16
53	3	0.0416667	16
54	4	0.650000 	16
55	4	0.0750000	16
56	4	1.16250  	16
57	2	0.0333333	16
58	3	0.400000 	16
59	3	0.391667 	16
60	4	0.933333 	16
61	7	1.09167  	16
62	5	0.958333 	16
63	5	1.13333  	16
64	7	0.954167 	16
65	5	0.0958333	16
66	3	0.0750000	16
67	7	0.491667 	16
68	7	0.112500 	16
69	6	0.566667 	16
70	11	0.270833 	16
71	7	0.420833 	16
72	8	0.337500 	16
73	9	0.762500 	16
74	14	0.520833 	16
75	10	0.591667 	16
76	10	0.675000 	16
77	12	0.679167 	16
78	14	0.562500 	16
79	13	1.04583  	16
80	15	0.454167 	16
81	11	0.566667 	16
82	13	0.550000 	16
83	13	0.958333 	16
84	13	0.491667 	16
85	13	0.758333 	16
86	14	1.04167  	16
87	12	0.579167 	16
88	12	0.395833 	16
89	9	0.241667 	16
90	9	0.241667 	16
91	8	0.454167 	16
92	7	0.525000 	16
93	12	0.520833 	16
94	10	0.466667 	16
95	5	0.287500 	16
96	3	0.0791667	16
97	3	0.466667 	16
98	6	0.0708333	16
99	2	0.0750000	16
100	5	0.229167 	16
101	9	0.587500 	16
102	8	0.395833 	16
103	8	1.04583  	16
104	10	0.745833 	16
105	10	0.916667 	16
106	9	0.633333 	16
107	9	0.795833 	16
108	9	0.758333 	16
109	6	0.995833 	16
110	6	1.25417  	16
111	7	1.15000  	16
112	12	3.45417  	16
113	9	2.22500  	16
114	12	2.80833  	16
115	10	2.00833  	16
116	10	2.66667  	16
117	10	2.03333  	16
118	10	2.72083  	16
119	13	3.81250  	16
120	14	3.90833  	16
121	14	3.52500  	16
122	15	5.79167  	16
123	15	4.10000  	16
124	14	6.48333  	16
125	15	7.67083  	16
126	14	7.85417  	16
127	14	7.20417  	16
128	15	8.81250  	16
129	15	8.91667  	16
130	16	9.50417  	16
131	16	9.56667  	16
132	15	8.50833  	16
133	16	9.74167  	16
134	16	9.03750  	16
135	15	9.55000  	16
136	15	9.43333  	16
137	14	8.95417  	16
138	15	8.67083  	16
139	16	8.28333  	16
140	15	7.71667  	16
141	13	5.71250  	16
142	14	5.08333  	16
143	11	3.49583  	16
144	11	3.32500  	16
145	10	1.57917  	16
146	11	1.72083  	16
147	12	1.55000  	16
148	8	1.03333  	16
149	10	0.570833 	16
150	11	0.804167 	16
151	10	1.36667  	16
152	11	0.816667 	16
153	11	0.687500 	16
154	11	1.02917  	16
155	10	1.72083  	16
156	10	0.641667 	16
157	8	2.09167  	16
158	8	1.93333  	16
159	5	1.24583  	16
160	6	0.583333 	16
161	7	0.700000 	16
162	6	0.433333 	16
163	4	0.450000 	16
164	7	0.545833 	16
165	7	0.837500 	16
166	8	1.62500  	16
167	5	0.433333 	16
168	6	0.620833 	16
169	9	0.508333 	16
170	9	0.820833 	16
171	5	0.166667 	16
172	6	0.529167 	16
173	3	0.0875000	16
174	4	0.429167 	16
175	3	0.287500 	16
176	3	0.358333 	16
177	3	0.362500 	16
178	4	0.466667 	16
179	3	0.291667 	16
180	2	0.270833 	16
181	3	0.108333 	16
182	3	0.220833 	16
183	3	0.129167 	16
184	3	0.287500 	16
185	4	0.0583333	16
186	2	0.745833 	16
187	1	0.100000 	16
188	2	0.179167 	16
189	4	0.420833 	16
190	2	0.308333 	16
191	2	0.145833 	16
192	5	0.337500 	16
193	3	0.220833 	16
194	4	0.608333 	16
195	5	0.866667 	16
196	6	0.945833 	16
197	4	0.600000 	16
198	4	0.491667 	16
199	4	0.250000 	16
200	4	0.458333 	16
201	3	0.316667 	16
202	4	0.345833 	16
203	2	0.266667 	16
204	2	0.283333 	16
205	3	0.212500 	16
206	1	0.0416667	16
207	1	0.0166667	16
208	2	0.0208333	16
209	2	0.0333333	16
210	3	0.166667 	16
211	2	0.108333 	16
212	2	0.195833 	16
213	3	0.266667 	16
214	2	0.187500 	16
215	2	0.175000 	16
216	2	0.166667 	16
217	1	0.0750000	16
218	2	0.300000 	16
219	1	0.0750000	16
220	3	0.262500 	16
221	4	0.0916667	16
222	2	0.0166667	16
223	3	0.470833 	16
224	1	0.266667 	16
225	3	0.295833 	16
226	2	0.254167 	16
227	2	0.0333333	16
228	2	0.295833 	16
229	2	0.0250000	16
230	2	0.0250000	16
231	3	0.133333 	16
232	4	0.0500000	16
233	3	0.525000 	16
234	4	1.01667  	16
235	6	1.44167  	16
236	5	2.47917  	16
237	7	2.05833  	16
238	8	3.90000  	16
239	10	3.80417  	16
240	12	7.40833  	16

Total Tracks in X-direction: 3856  in Y-direction: 3856

Logic Area (in minimum width transistor areas):
Total Logic Area: 1.728e+09  Per 1x1 logic tile: 30000

Routing area (in minimum width transistor areas):
Total Routing Area: 1.21385e+08  Per logic tile: 2107.37

Segment usage by type (index):
Segment type       Fractional utilization
------------       ----------------------
       0                  0.121

Segment usage by length:
Segment length       Fractional utilization
--------------       ----------------------
        2                   0.121

Critical Path: 7.6148e-08 (s)

Time elapsed (PLACE&ROUTE): 12447738.291000 ms


Time elapsed (Fernando): 12447738.319000 ms

