
VPR FPGA Placement and Routing.
Version: Version 5.0.2
Compiled: Dec 11 2020.
Original VPR by V. Betz.
Timing-driven placement enhancements by A. Marquardt.
Single-drivers enhancements by Andy Ye with additions by.
Mark Fang, Jason Luu, Ted Campbell
Heterogeneous stucture support by Jason Luu and Ted Campbell.
This code is licensed only for non-commercial use.

Auto-sizing FPGA, try x = 50 y = 50
Auto-sizing FPGA, try x = 100 y = 100
Auto-sizing FPGA, try x = 200 y = 200
Auto-sizing FPGA, try x = 400 y = 400
Auto-sizing FPGA, try x = 200 y = 200
Auto-sizing FPGA, try x = 300 y = 300
Auto-sizing FPGA, try x = 250 y = 250
Auto-sizing FPGA, try x = 225 y = 225
Auto-sizing FPGA, try x = 237 y = 237
Auto-sizing FPGA, try x = 243 y = 243
Auto-sizing FPGA, try x = 240 y = 240
Auto-sizing FPGA, try x = 238 y = 238
Auto-sizing FPGA, try x = 239 y = 239
Auto-sizing FPGA, try x = 239 y = 239
FPGA auto-sized to, x = 240 y = 240

Resource Usage:
Netlist      0	blocks of type <EMPTY>
Architecture 4	blocks of type <EMPTY>
Netlist      957	blocks of type .io
Architecture 960	blocks of type .io
Netlist      1539	blocks of type .clb
Architecture 57600	blocks of type .clb

Timing analysis: ON

Operation:  ROUTE_ONLY

PlacerOpts.place_freq:  PLACE_NEVER

RouterOpts.route_type:  DETAILED
RouterOpts.router_algorithm:  TIMING_DRIVEN
RouterOpts.base_cost_type:  DELAY_NORMALIZED
RouterOpts.fixed_channel_width:  NO_FIXED_CHANNEL_WIDTH
RouterOpts.acc_fac:  1.000000
RouterOpts.bb_factor:  3
RouterOpts.bend_cost:  0.000000
RouterOpts.first_iter_pres_fac:  0.500000
RouterOpts.initial_pres_fac:  0.500000
RouterOpts.pres_fac_mult:  1.300000
RouterOpts.max_router_iterations:  50
RouterOpts.astar_fac:  1.200000
RouterOpts.criticality_exp:  1.000000
RouterOpts.max_criticality:  0.990000

RoutingArch.directionality:  UNI_DIRECTIONAL
RoutingArch.switch_block_type:  WILTON
RoutingArch.Fs:  3

The circuit will be mapped into a 240 x 240 array of clbs.

Netlist num_nets:  2373
Netlist num_blocks:  2496
Netlist inputs pins:  834
Netlist output pins:  123

175 180 0
173 145 0
173 148 0
174 164 0
174 158 0
175 87 0
174 161 0
158 240 0
169 236 0
217 241 0
169 237 0
170 237 0
169 235 0
175 92 0
159 11 0
132 1 0
172 36 0
173 155 0
172 135 0
172 236 0
156 227 0
173 222 0
140 0 0
175 79 0
150 7 0
167 57 0
151 222 0
170 48 0
241 226 0
87 240 0
0 232 0
0 224 0
170 146 0
241 230 0
231 241 0
211 0 0
0 228 0
240 77 0
137 216 0
121 241 0
170 210 0
164 227 0
171 149 0
172 169 0
22 0 0
150 220 0
163 116 0
175 145 0
162 109 0
169 135 0
151 223 0
173 151 0
133 238 0
170 218 0
169 240 0
227 241 0
223 241 0
169 140 0
0 144 0
0 219 0
166 97 0
163 82 0
153 238 0
0 220 0
169 197 0
168 117 0
164 0 0
81 0 0
152 189 0
0 22 0
150 217 0
151 234 0
150 219 0
161 195 0
171 194 0
149 189 0
153 191 0
155 241 0
158 192 0
241 194 0
164 231 0
149 187 0
165 194 0
146 185 0
166 241 0
171 74 0
0 194 0
139 1 0
241 188 0
60 241 0
0 187 0
241 185 0
5 241 0
0 189 0
149 185 0
172 48 0
154 190 0
150 188 0
10 0 0
158 195 0
157 6 0
151 192 0
122 1 0
240 149 0
117 235 0
241 211 0
0 214 0
164 159 0
0 205 0
155 192 0
155 7 0
159 194 0
143 0 0
152 192 0
192 241 0
147 190 0
64 241 0
148 192 0
171 207 0
175 101 0
116 1 0
173 196 0
174 185 0
151 187 0
165 234 0
132 0 0
175 179 0
174 97 0
163 89 0
173 165 0
165 241 0
173 154 0
232 241 0
149 231 0
142 227 0
241 195 0
171 143 0
174 160 0
0 202 0
172 213 0
175 48 0
173 221 0
170 91 0
76 241 0
150 232 0
122 241 0
174 92 0
241 225 0
174 82 0
174 169 0
175 113 0
146 233 0
175 45 0
147 223 0
169 62 0
167 159 0
151 189 0
143 231 0
13 0 0
148 4 0
241 99 0
147 229 0
136 1 0
141 225 0
118 2 0
171 42 0
128 236 0
209 0 0
144 228 0
241 224 0
146 229 0
144 227 0
173 57 0
113 0 0
125 241 0
158 6 0
0 20 0
159 7 0
171 190 0
173 197 0
236 0 0
166 232 0
145 230 0
0 211 0
147 227 0
111 241 0
114 241 0
174 89 0
112 241 0
143 228 0
172 0 0
116 241 0
162 110 0
219 241 0
240 169 0
119 241 0
175 176 0
119 238 0
172 140 0
241 127 0
163 0 0
135 1 0
125 234 0
103 0 0
94 2 0
96 240 0
139 228 0
94 241 0
163 87 0
126 1 0
95 241 0
166 58 0
93 241 0
87 241 0
0 91 0
113 241 0
152 191 0
175 32 0
174 10 0
96 241 0
0 59 0
171 0 0
88 241 0
149 232 0
138 229 0
118 234 0
174 73 0
239 71 0
104 241 0
171 110 0
0 90 0
0 229 0
105 241 0
184 241 0
103 241 0
161 4 0
106 241 0
106 236 0
107 241 0
106 240 0
89 241 0
105 237 0
140 225 0
164 112 0
155 229 0
241 132 0
167 9 0
0 186 0
117 0 0
241 55 0
0 56 0
107 236 0
174 88 0
139 220 0
146 234 0
76 235 0
52 241 0
130 217 0
173 158 0
175 190 0
150 215 0
196 241 0
241 38 0
72 241 0
128 219 0
151 228 0
168 195 0
150 190 0
61 241 0
172 163 0
143 4 0
67 241 0
170 19 0
65 241 0
171 179 0
65 240 0
141 0 0
240 31 0
76 232 0
147 224 0
197 240 0
175 102 0
240 119 0
133 217 0
241 181 0
164 195 0
124 0 0
240 85 0
135 222 0
80 241 0
84 241 0
159 0 0
152 235 0
83 241 0
0 216 0
87 236 0
153 1 0
129 215 0
241 189 0
0 210 0
142 220 0
173 160 0
241 229 0
85 241 0
56 241 0
175 83 0
55 241 0
166 142 0
175 31 0
48 241 0
186 241 0
55 240 0
187 241 0
150 187 0
134 220 0
147 234 0
239 241 0
0 193 0
175 183 0
170 67 0
134 228 0
241 110 0
144 230 0
1 121 0
173 238 0
138 218 0
11 1 0
174 99 0
168 44 0
171 39 0
163 235 0
143 225 0
134 214 0
222 241 0
168 121 0
167 196 0
161 81 0
53 241 0
173 128 0
0 200 0
175 106 0
171 128 0
175 125 0
111 0 0
134 219 0
102 2 0
175 152 0
170 120 0
240 178 0
175 155 0
168 145 0
241 145 0
141 230 0
174 142 0
175 109 0
133 214 0
203 241 0
241 142 0
174 141 0
175 148 0
129 241 0
175 140 0
166 0 0
175 196 0
160 90 0
0 139 0
0 85 0
0 147 0
241 197 0
241 146 0
241 43 0
171 144 0
240 139 0
118 3 0
241 220 0
174 140 0
146 0 0
173 139 0
241 212 0
241 129 0
236 141 0
137 228 0
240 141 0
218 0 0
0 30 0
172 200 0
174 144 0
0 103 0
167 205 0
160 237 0
175 144 0
2 174 0
155 9 0
241 202 0
0 61 0
241 113 0
175 238 0
241 217 0
157 94 0
0 179 0
175 16 0
168 61 0
0 178 0
172 126 0
237 130 0
221 241 0
170 128 0
240 138 0
150 241 0
166 123 0
164 93 0
163 232 0
172 133 0
1 210 0
241 180 0
219 238 0
240 206 0
106 238 0
172 241 0
137 0 0
241 196 0
165 3 0
0 192 0
145 229 0
0 197 0
175 158 0
167 123 0
240 196 0
215 0 0
241 152 0
171 133 0
171 135 0
0 75 0
74 241 0
147 3 0
168 59 0
1 178 0
90 1 0
206 0 0
171 241 0
163 113 0
172 13 0
174 57 0
86 0 0
153 5 0
241 95 0
2 42 0
169 141 0
51 241 0
175 143 0
174 127 0
174 123 0
49 241 0
165 121 0
135 223 0
228 112 0
0 190 0
173 97 0
240 26 0
173 152 0
173 42 0
159 241 0
99 1 0
173 161 0
173 125 0
175 25 0
167 122 0
1 122 0
148 0 0
170 125 0
66 240 0
167 119 0
173 211 0
169 73 0
171 134 0
159 94 0
222 0 0
1 219 0
0 119 0
175 129 0
91 1 0
150 0 0
166 95 0
92 241 0
241 227 0
150 216 0
168 144 0
165 144 0
149 3 0
241 163 0
169 75 0
234 130 0
172 160 0
0 31 0
2 180 0
241 4 0
165 139 0
159 93 0
241 140 0
22 241 0
160 2 0
240 96 0
0 142 0
157 2 0
165 95 0
0 46 0
241 138 0
161 84 0
160 94 0
241 114 0
163 97 0
63 241 0
1 26 0
132 2 0
0 209 0
144 229 0
137 218 0
164 1 0
174 103 0
175 23 0
241 96 0
241 160 0
114 0 0
90 241 0
173 77 0
169 163 0
62 241 0
0 1 0
0 96 0
172 144 0
238 93 0
46 0 0
151 2 0
147 233 0
241 219 0
241 91 0
168 92 0
0 127 0
135 218 0
132 241 0
229 113 0
165 142 0
174 190 0
11 0 0
166 190 0
97 241 0
175 128 0
157 91 0
147 230 0
0 37 0
240 84 0
145 227 0
1 93 0
170 144 0
164 130 0
2 131 0
175 60 0
240 130 0
172 49 0
172 116 0
168 98 0
241 90 0
163 114 0
169 146 0
171 154 0
163 85 0
155 95 0
136 214 0
174 90 0
0 221 0
240 94 0
223 113 0
163 115 0
167 136 0
241 93 0
241 136 0
241 107 0
175 105 0
0 153 0
241 82 0
236 92 0
241 207 0
171 158 0
0 95 0
0 145 0
10 241 0
175 160 0
167 125 0
0 124 0
0 26 0
241 22 0
154 88 0
50 241 0
241 20 0
145 232 0
131 219 0
241 81 0
175 181 0
158 5 0
241 19 0
241 209 0
167 132 0
164 116 0
63 0 0
237 78 0
240 28 0
153 95 0
168 198 0
241 13 0
145 226 0
155 231 0
241 26 0
1 28 0
38 0 0
173 89 0
87 239 0
168 140 0
0 27 0
241 24 0
240 88 0
155 5 0
146 230 0
151 1 0
168 101 0
173 88 0
0 17 0
150 224 0
53 0 0
157 7 0
0 226 0
175 82 0
86 241 0
164 232 0
143 222 0
2 177 0
166 160 0
162 112 0
241 187 0
163 112 0
0 49 0
79 232 0
0 218 0
241 167 0
173 166 0
68 241 0
241 89 0
2 170 0
167 138 0
166 159 0
173 140 0
165 88 0
172 196 0
165 117 0
0 87 0
163 125 0
161 93 0
7 0 0
82 241 0
240 140 0
174 102 0
169 103 0
241 108 0
154 1 0
241 28 0
175 149 0
241 32 0
1 24 0
228 0 0
1 48 0
171 176 0
173 156 0
0 235 0
241 206 0
80 232 0
38 241 0
170 62 0
168 97 0
156 95 0
168 58 0
173 85 0
241 79 0
41 241 0
175 39 0
241 215 0
169 98 0
234 112 0
75 240 0
241 27 0
171 212 0
167 58 0
102 241 0
174 83 0
163 92 0
237 148 0
169 123 0
162 86 0
165 128 0
168 107 0
147 236 0
168 5 0
167 99 0
118 235 0
174 139 0
171 198 0
0 34 0
168 141 0
140 222 0
175 173 0
174 47 0
168 1 0
34 0 0
168 118 0
0 29 0
166 94 0
241 119 0
131 241 0
164 88 0
142 229 0
133 236 0
0 89 0
174 101 0
241 141 0
156 4 0
112 0 0
175 146 0
163 93 0
173 149 0
165 96 0
0 183 0
169 94 0
172 142 0
87 235 0
0 81 0
204 240 0
147 1 0
241 111 0
170 80 0
1 94 0
173 169 0
172 184 0
225 0 0
241 23 0
168 0 0
173 237 0
173 163 0
163 88 0
0 111 0
175 110 0
146 188 0
241 183 0
174 147 0
175 192 0
241 97 0
155 2 0
0 55 0
0 82 0
174 150 0
135 221 0
164 96 0
161 88 0
0 146 0
151 226 0
0 121 0
154 94 0
171 46 0
171 91 0
108 241 0
66 241 0
241 30 0
1 96 0
175 186 0
180 1 0
149 230 0
170 97 0
171 142 0
161 2 0
0 120 0
149 226 0
241 94 0
139 225 0
163 91 0
157 226 0
170 77 0
167 95 0
158 91 0
163 155 0
171 33 0
175 89 0
0 196 0
3 0 0
163 86 0
172 129 0
173 83 0
96 0 0
206 1 0
100 241 0
171 236 0
190 241 0
175 132 0
174 153 0
172 149 0
0 172 0
1 41 0
0 166 0
163 94 0
61 0 0
137 222 0
241 155 0
54 0 0
158 90 0
174 109 0
39 241 0
162 3 0
171 126 0
241 222 0
0 106 0
237 241 0
105 0 0
239 92 0
174 155 0
71 0 0
152 95 0
167 96 0
165 135 0
115 241 0
169 4 0
0 33 0
175 188 0
171 77 0
228 240 0
77 0 0
153 227 0
161 3 0
237 118 0
92 0 0
241 100 0
167 94 0
165 140 0
172 166 0
164 128 0
86 1 0
166 138 0
173 159 0
0 163 0
241 178 0
0 215 0
173 92 0
173 195 0
174 151 0
84 0 0
4 0 0
0 79 0
125 235 0
0 182 0
168 68 0
241 77 0
240 134 0
241 203 0
241 169 0
1 205 0
163 190 0
174 93 0
170 74 0
169 136 0
162 87 0
149 224 0
173 231 0
173 157 0
173 122 0
1 92 0
151 188 0
241 40 0
172 76 0
0 25 0
241 18 0
137 221 0
1 98 0
171 53 0
140 229 0
24 241 0
151 225 0
0 99 0
139 229 0
241 102 0
235 150 0
241 83 0
2 189 0
88 2 0
0 98 0
241 78 0
241 25 0
167 193 0
164 205 0
241 5 0
0 86 0
0 101 0
170 105 0
0 104 0
0 94 0
175 81 0
0 15 0
155 90 0
170 18 0
168 135 0
175 8 0
117 2 0
117 3 0
0 134 0
241 166 0
241 208 0
241 126 0
159 92 0
241 223 0
232 150 0
241 88 0
0 188 0
162 89 0
173 141 0
1 40 0
0 113 0
241 112 0
0 123 0
163 128 0
226 241 0
237 112 0
163 157 0
0 184 0
0 150 0
149 235 0
241 31 0
86 240 0
166 72 0
241 123 0
59 0 0
165 138 0
2 78 0
240 112 0
169 100 0
171 37 0
145 222 0
142 221 0
149 227 0
194 240 0
161 78 0
224 241 0
2 91 0
175 107 0
151 237 0
174 87 0
175 182 0
240 82 0
152 241 0
163 143 0
175 177 0
161 80 0
132 236 0
159 95 0
241 182 0
2 92 0
174 154 0
26 241 0
0 88 0
163 90 0
0 24 0
0 83 0
215 241 0
169 157 0
162 84 0
241 131 0
175 191 0
126 215 0
241 144 0
201 0 0
241 172 0
240 118 0
0 114 0
241 41 0
150 192 0
146 222 0
173 234 0
223 0 0
144 2 0
237 141 0
166 120 0
163 4 0
240 87 0
149 233 0
0 233 0
169 142 0
161 87 0
194 241 0
169 238 0
0 47 0
169 97 0
37 1 0
161 91 0
173 96 0
163 127 0
156 1 0
195 241 0
1 131 0
181 240 0
169 160 0
241 98 0
0 129 0
148 229 0
169 151 0
156 92 0
150 223 0
159 13 0
241 124 0
173 98 0
133 241 0
170 13 0
146 231 0
108 0 0
0 125 0
170 44 0
146 4 0
241 122 0
171 146 0
129 2 0
95 1 0
161 92 0
80 231 0
240 241 0
241 154 0
1 39 0
143 241 0
0 167 0
173 168 0
164 89 0
240 124 0
109 0 0
114 1 0
150 226 0
220 241 0
174 174 0
171 141 0
171 155 0
151 191 0
2 154 0
241 115 0
173 210 0
138 225 0
168 132 0
174 85 0
0 39 0
107 238 0
201 241 0
158 96 0
164 119 0
152 7 0
0 199 0
65 0 0
237 151 0
9 241 0
175 53 0
0 154 0
54 241 0
154 4 0
169 96 0
240 151 0
31 0 0
241 14 0
241 130 0
165 97 0
109 235 0
241 44 0
0 128 0
175 30 0
0 130 0
161 225 0
174 170 0
241 153 0
241 151 0
146 228 0
0 36 0
237 91 0
83 0 0
161 94 0
0 164 0
186 0 0
159 240 0
240 148 0
125 1 0
241 109 0
241 117 0
172 72 0
167 134 0
0 160 0
167 142 0
0 41 0
241 60 0
0 162 0
175 142 0
158 2 0
0 161 0
0 223 0
99 241 0
241 29 0
170 205 0
240 114 0
229 150 0
167 59 0
0 169 0
149 7 0
0 155 0
173 142 0
0 156 0
169 144 0
148 1 0
163 2 0
202 0 0
173 80 0
50 240 0
172 148 0
1 113 0
172 146 0
0 212 0
241 238 0
169 145 0
163 240 0
0 143 0
163 241 0
173 162 0
241 86 0
163 126 0
175 108 0
241 118 0
142 228 0
0 231 0
179 0 0
175 163 0
163 195 0
169 143 0
170 174 0
172 164 0
225 241 0
168 138 0
0 213 0
0 6 0
164 115 0
0 118 0
205 241 0
0 93 0
0 117 0
235 0 0
1 91 0
240 170 0
175 193 0
107 239 0
0 19 0
0 45 0
0 173 0
171 140 0
219 0 0
172 158 0
241 162 0
151 190 0
165 132 0
134 2 0
77 241 0
39 0 0
184 0 0
163 124 0
173 218 0
175 187 0
0 108 0
170 8 0
241 214 0
226 113 0
167 156 0
240 81 0
171 56 0
240 27 0
240 91 0
88 1 0
1 173 0
1 43 0
0 107 0
241 104 0
0 112 0
241 85 0
0 171 0
241 21 0
168 152 0
0 181 0
149 4 0
167 65 0
235 147 0
171 153 0
0 84 0
156 191 0
0 116 0
89 1 0
165 1 0
87 238 0
153 89 0
0 78 0
188 240 0
166 137 0
140 226 0
0 53 0
167 144 0
154 234 0
98 241 0
134 225 0
166 140 0
119 2 0
240 180 0
1 163 0
171 76 0
2 232 0
0 131 0
231 0 0
241 70 0
172 112 0
241 105 0
173 8 0
233 92 0
42 0 0
161 228 0
123 241 0
175 52 0
164 174 0
173 170 0
1 47 0
47 241 0
241 171 0
241 106 0
0 23 0
241 210 0
166 193 0
138 230 0
172 81 0
173 101 0
162 95 0
70 0 0
0 170 0
145 188 0
158 0 0
168 65 0
169 154 0
241 168 0
158 3 0
230 0 0
165 130 0
173 138 0
167 97 0
146 241 0
175 136 0
173 241 0
20 0 0
168 194 0
231 112 0
170 145 0
241 139 0
170 142 0
150 193 0
0 109 0
2 159 0
241 161 0
169 120 0
241 120 0
167 133 0
241 179 0
0 240 0
171 27 0
8 241 0
147 235 0
201 1 0
125 233 0
173 171 0
174 159 0
241 239 0
171 98 0
173 55 0
27 241 0
160 0 0
172 12 0
175 161 0
175 78 0
150 191 0
162 240 0
174 96 0
175 175 0
2 142 0
148 222 0
1 144 0
149 221 0
241 69 0
175 124 0
175 174 0
175 156 0
162 111 0
172 141 0
163 236 0
104 1 0
163 120 0
165 112 0
172 117 0
166 134 0
240 69 0
170 116 0
0 180 0
166 117 0
165 129 0
157 238 0
173 230 0
171 122 0
133 1 0
241 39 0
169 126 0
241 36 0
206 241 0
173 186 0
175 178 0
240 41 0
241 15 0
240 144 0
0 40 0
91 241 0
233 93 0
172 120 0
125 232 0
168 70 0
138 222 0
106 237 0
77 239 0
193 241 0
0 38 0
170 42 0
179 240 0
129 1 0
0 42 0
152 190 0
148 240 0
167 240 0
168 67 0
0 32 0
175 184 0
0 43 0
162 227 0
151 240 0
241 199 0
0 35 0
241 80 0
1 38 0
167 162 0
0 92 0
165 114 0
165 118 0
70 241 0
93 3 0
241 46 0
174 173 0
0 48 0
170 11 0
115 0 0
84 1 0
79 241 0
241 57 0
200 0 0
78 241 0
172 123 0
0 74 0
0 97 0
2 150 0
170 119 0
155 4 0
241 45 0
138 221 0
156 194 0
150 229 0
169 72 0
15 0 0
173 226 0
162 88 0
156 239 0
146 3 0
173 214 0
172 195 0
169 196 0
174 186 0
236 241 0
174 192 0
157 225 0
172 115 0
173 189 0
185 240 0
171 45 0
1 179 0
165 230 0
172 43 0
0 70 0
161 227 0
209 241 0
212 241 0
208 241 0
208 240 0
156 241 0
168 64 0
210 241 0
161 226 0
122 0 0
160 227 0
241 76 0
114 2 0
162 226 0
0 151 0
207 241 0
150 235 0
191 240 0
69 241 0
154 233 0
129 217 0
150 1 0
202 241 0
124 241 0
152 1 0
200 241 0
170 241 0
172 150 0
134 238 0
76 238 0
129 240 0
178 238 0
135 240 0
240 21 0
164 241 0
167 72 0
174 238 0
134 241 0
188 241 0
127 0 0
120 1 0
189 241 0
128 241 0
177 239 0
173 60 0
182 240 0
240 78 0
176 240 0
171 48 0
149 5 0
191 241 0
145 228 0
164 228 0
165 233 0
0 157 0
181 238 0
172 193 0
166 237 0
167 234 0
1 241 0
134 237 0
173 188 0
241 201 0
160 236 0
173 45 0
172 143 0
174 37 0
171 145 0
241 147 0
116 0 0
159 233 0
145 0 0
171 189 0
139 239 0
241 170 0
168 239 0
74 0 0
241 137 0
161 237 0
162 239 0
164 240 0
164 239 0
158 241 0
175 240 0
180 241 0
175 69 0
178 241 0
156 240 0
179 241 0
181 241 0
175 241 0
160 239 0
241 221 0
167 69 0
172 53 0
149 192 0
164 238 0
156 233 0
142 238 0
161 240 0
156 236 0
142 241 0
169 241 0
141 241 0
164 94 0
140 241 0
139 241 0
175 159 0
135 241 0
150 4 0
120 3 0
138 241 0
241 84 0
37 0 0
0 3 0
0 141 0
151 231 0
136 241 0
170 1 0
241 87 0
137 241 0
167 137 0
157 236 0
165 141 0
241 216 0
157 237 0
1 145 0
71 241 0
157 233 0
169 117 0
178 0 0
157 231 0
99 0 0
174 81 0
0 175 0
241 159 0
175 20 0
152 8 0
155 232 0
214 241 0
241 186 0
0 140 0
168 95 0
155 238 0
155 234 0
222 238 0
1 50 0
156 234 0
0 110 0
167 2 0
184 240 0
156 232 0
157 229 0
154 241 0
157 241 0
110 241 0
161 241 0
149 241 0
162 241 0
160 241 0
148 241 0
172 73 0
157 232 0
105 1 0
175 189 0
156 237 0
174 53 0
185 241 0
147 241 0
145 241 0
151 241 0
152 239 0
157 240 0
238 150 0
175 44 0
168 143 0
172 189 0
142 239 0
1 90 0
165 239 0
170 43 0
166 235 0
172 154 0
175 49 0
162 237 0
1 89 0
165 240 0
165 238 0
174 156 0
94 240 0
241 54 0
159 3 0
0 174 0
165 236 0
41 0 0
168 142 0
162 238 0
172 151 0
172 181 0
172 185 0
168 170 0
100 2 0
167 165 0
241 66 0
173 198 0
163 154 0
2 240 0
241 47 0
4 241 0
149 0 0
3 241 0
241 240 0
160 3 0
1 158 0
170 108 0
166 53 0
155 226 0
166 157 0
0 158 0
241 157 0
174 98 0
241 156 0
0 159 0
127 1 0
173 229 0
166 169 0
174 187 0
167 241 0
168 241 0
125 219 0
85 1 0
128 2 0
168 176 0
165 153 0
163 151 0
241 173 0
0 136 0
240 67 0
164 156 0
3 232 0
169 14 0
164 155 0
134 224 0
164 173 0
162 108 0
155 93 0
164 172 0
170 16 0
241 116 0
164 175 0
0 237 0
241 150 0
241 237 0
168 179 0
0 236 0
169 93 0
241 134 0
241 35 0
165 152 0
165 55 0
241 232 0
0 230 0
102 0 0
165 151 0
100 1 0
162 151 0
240 179 0
1 233 0
167 8 0
139 0 0
210 0 0
169 179 0
149 186 0
0 234 0
241 233 0
170 73 0
235 241 0
241 235 0
165 231 0
162 155 0
165 155 0
162 152 0
170 72 0
153 0 0
234 0 0
167 236 0
130 241 0
162 236 0
161 238 0
35 0 0
169 172 0
169 134 0
141 228 0
95 2 0
169 178 0
175 97 0
172 97 0
165 237 0
171 240 0
138 228 0
152 228 0
125 238 0
154 3 0
167 237 0
155 236 0
175 96 0
159 16 0
171 90 0
149 238 0
124 1 0
170 122 0
174 189 0
173 192 0
175 185 0
168 76 0
183 240 0
173 194 0
173 190 0
167 192 0
165 2 0
173 206 0
241 65 0
174 162 0
0 60 0
175 46 0
13 241 0
175 172 0
174 171 0
175 164 0
0 225 0
174 166 0
164 113 0
171 44 0
90 0 0
174 91 0
173 90 0
156 9 0
163 109 0
169 70 0
241 52 0
174 181 0
174 178 0
175 72 0
98 2 0
239 70 0
118 1 0
183 241 0
113 1 0
175 64 0
0 73 0
0 149 0
123 0 0
171 30 0
167 168 0
157 3 0
0 68 0
175 56 0
172 52 0
174 56 0
169 46 0
171 50 0
107 0 0
172 55 0
170 21 0
174 48 0
170 22 0
171 70 0
171 21 0
20 1 0
16 0 0
241 64 0
14 0 0
169 67 0
17 0 0
83 1 0
19 0 0
0 8 0
21 0 0
171 195 0
112 1 0
164 153 0
18 0 0
153 3 0
9 1 0
23 0 0
26 0 0
169 74 0
0 16 0
25 0 0
171 138 0
27 0 0
9 0 0
169 43 0
12 0 0
174 59 0
170 45 0
172 58 0
173 53 0
40 0 0
172 50 0
43 0 0
174 175 0
149 1 0
171 47 0
118 238 0
165 0 0
127 241 0
168 240 0
103 2 0
162 0 0
23 241 0
181 0 0
102 1 0
180 0 0
161 0 0
146 225 0
171 54 0
166 240 0
152 5 0
95 0 0
170 71 0
171 24 0
174 50 0
231 1 0
174 62 0
0 185 0
239 82 0
152 2 0
173 48 0
172 152 0
175 47 0
173 37 0
135 0 0
174 31 0
174 34 0
175 40 0
241 133 0
156 3 0
174 1 0
166 54 0
163 107 0
174 0 0
173 0 0
177 0 0
166 1 0
176 0 0
171 11 0
28 241 0
0 201 0
175 37 0
145 220 0
137 2 0
0 2 0
25 241 0
241 213 0
100 0 0
240 127 0
29 241 0
167 195 0
151 3 0
156 238 0
173 32 0
171 1 0
157 5 0
213 241 0
163 110 0
174 163 0
34 1 0
173 202 0
168 73 0
32 0 0
241 37 0
172 128 0
0 206 0
173 91 0
187 240 0
33 0 0
167 0 0
150 6 0
172 35 0
169 0 0
170 0 0
174 32 0
0 9 0
0 165 0
171 22 0
157 235 0
60 0 0
170 41 0
172 24 0
172 46 0
172 44 0
182 0 0
160 1 0
5 0 0
6 0 0
2 0 0
169 39 0
158 1 0
170 38 0
241 128 0
1 9 0
177 241 0
241 1 0
1 0 0
240 0 0
0 4 0
241 135 0
239 0 0
159 6 0
171 49 0
175 36 0
175 28 0
175 120 0
174 33 0
147 2 0
174 14 0
175 24 0
157 1 0
62 0 0
163 1 0
238 0 0
172 47 0
175 33 0
164 131 0
171 36 0
55 0 0
172 178 0
175 50 0
97 238 0
121 1 0
171 127 0
119 1 0
140 1 0
103 1 0
94 1 0
106 1 0
92 1 0
91 2 0
240 70 0
99 2 0
162 115 0
111 1 0
98 1 0
87 1 0
97 0 0
175 6 0
157 95 0
98 0 0
87 0 0
85 0 0
148 3 0
175 141 0
101 0 0
94 0 0
89 2 0
173 119 0
164 225 0
169 3 0
90 2 0
91 3 0
104 0 0
82 0 0
93 0 0
152 0 0
154 0 0
91 0 0
89 0 0
241 61 0
173 4 0
171 18 0
93 1 0
187 0 0
163 117 0
174 6 0
131 0 0
167 5 0
68 0 0
67 0 0
64 0 0
157 0 0
2 65 0
172 168 0
66 0 0
241 184 0
170 4 0
158 238 0
233 0 0
161 5 0
101 3 0
63 1 0
0 7 0
175 4 0
58 0 0
61 1 0
30 0 0
217 0 0
96 2 0
170 66 0
92 2 0
130 1 0
96 1 0
154 7 0
135 2 0
154 2 0
156 2 0
146 226 0
149 2 0
230 241 0
159 2 0
153 2 0
144 1 0
145 2 0
145 1 0
163 237 0
120 2 0
155 0 0
128 0 0
156 0 0
146 1 0
165 227 0
144 0 0
57 0 0
147 5 0
169 69 0
152 4 0
148 2 0
126 0 0
170 141 0
162 230 0
151 0 0
47 0 0
1 159 0
147 6 0
173 50 0
165 70 0
172 209 0
45 0 0
112 2 0
48 0 0
49 0 0
145 3 0
155 1 0
152 3 0
155 3 0
0 77 0
146 2 0
56 1 0
159 236 0
199 241 0
56 0 0
172 139 0
147 0 0
185 0 0
151 4 0
150 5 0
138 0 0
136 0 0
75 241 0
134 0 0
149 188 0
133 0 0
130 0 0
150 2 0
175 9 0
0 66 0
169 66 0
150 3 0
175 5 0
0 105 0
121 0 0
128 1 0
142 1 0
81 241 0
97 2 0
56 238 0
221 0 0
166 4 0
161 96 0
133 2 0
109 1 0
101 1 0
196 0 0
97 1 0
175 68 0
171 139 0
172 78 0
174 68 0
2 241 0
175 76 0
241 231 0
137 1 0
175 12 0
167 6 0
52 0 0
172 153 0
0 57 0
172 75 0
226 150 0
170 69 0
175 38 0
148 5 0
172 147 0
76 0 0
135 3 0
126 3 0
175 104 0
172 145 0
170 140 0
155 8 0
153 9 0
214 0 0
173 164 0
216 0 0
171 161 0
149 6 0
172 138 0
118 241 0
156 8 0
212 0 0
0 227 0
208 0 0
159 5 0
160 5 0
0 51 0
241 149 0
192 0 0
128 235 0
167 140 0
241 164 0
220 0 0
241 73 0
169 139 0
169 78 0
155 233 0
169 138 0
163 3 0
116 2 0
170 76 0
151 235 0
203 0 0
164 114 0
205 0 0
167 68 0
204 0 0
0 138 0
171 121 0
72 0 0
169 174 0
168 137 0
78 0 0
75 0 0
167 51 0
169 137 0
0 54 0
170 138 0
101 2 0
168 136 0
241 148 0
0 148 0
0 135 0
169 106 0
170 143 0
0 137 0
151 227 0
149 9 0
126 241 0
170 139 0
171 72 0
0 115 0
158 4 0
15 1 0
115 2 0
158 7 0
241 56 0
113 2 0
162 1 0
119 240 0
157 8 0
151 7 0
211 241 0
153 7 0
1 152 0
142 0 0
154 6 0
137 4 0
127 2 0
154 5 0
156 5 0
40 241 0
153 6 0
155 6 0
118 0 0
165 8 0
119 0 0
241 234 0
189 0 0
151 6 0
241 218 0
69 0 0
147 4 0
162 2 0
120 0 0
167 56 0
150 221 0
241 49 0
140 228 0
124 3 0
117 241 0
241 6 0
123 1 0
126 2 0
0 126 0
157 4 0
124 2 0
175 116 0
153 4 0
153 8 0
151 5 0
153 241 0
166 2 0
36 0 0
241 50 0
129 0 0
164 151 0
125 0 0
190 0 0
172 194 0
191 0 0
241 191 0
166 3 0
240 115 0
123 2 0
125 2 0
154 91 0
110 0 0
106 0 0
175 111 0
0 5 0
79 0 0
13 1 0
154 9 0
167 74 0
174 188 0
149 8 0
143 5 0
152 6 0
156 6 0
241 72 0
154 8 0
161 159 0
73 241 0
151 8 0
161 6 0
165 176 0
160 4 0
141 221 0
0 168 0
164 6 0
140 4 0
171 148 0
168 139 0
174 76 0
171 67 0
170 68 0
156 7 0
168 74 0
235 93 0
170 59 0
161 1 0
169 63 0
101 241 0
170 63 0
167 163 0
165 72 0
0 69 0
0 67 0
241 67 0
171 73 0
0 58 0
241 62 0
0 62 0
241 71 0
175 41 0
0 63 0
0 207 0
0 65 0
0 64 0
198 0 0
240 186 0
199 0 0
156 230 0
241 63 0
241 92 0
167 53 0
166 52 0
241 59 0
241 53 0
167 52 0
166 51 0
174 67 0
165 52 0
240 65 0
165 54 0
170 65 0
183 0 0
0 52 0
168 4 0
173 12 0
159 1 0
229 0 0
164 133 0
171 152 0
166 63 0
0 152 0
227 0 0
226 0 0
163 156 0
164 3 0
195 0 0
164 4 0
197 0 0
93 2 0
193 0 0
194 0 0
232 0 0
162 4 0
237 0 0
241 2 0
171 79 0
171 80 0
170 78 0
29 0 0
167 70 0
155 235 0
0 80 0
168 71 0
0 76 0
241 75 0
166 69 0
0 71 0
24 0 0
241 68 0
0 102 0
241 48 0
159 4 0
167 71 0
171 137 0
164 2 0
117 1 0
173 74 0
143 1 0
175 112 0
159 17 0
169 6 0
168 7 0
159 10 0
171 64 0
169 68 0
173 73 0
175 84 0
174 79 0
167 139 0
173 167 0
173 9 0
121 2 0
169 10 0
163 131 0
175 80 0
172 190 0
175 85 0
168 8 0
82 232 0
175 100 0
127 3 0
175 88 0
241 236 0
169 232 0
241 58 0
170 12 0
155 240 0
162 235 0
174 172 0
172 74 0
115 1 0
175 168 0
19 241 0
241 158 0
7 241 0
218 241 0
216 241 0
32 241 0
0 198 0
0 191 0
213 0 0
241 7 0
0 208 0
0 217 0
120 241 0
182 241 0
229 241 0
241 42 0
57 241 0
228 241 0
46 241 0
0 12 0
241 125 0
14 241 0
0 122 0
0 204 0
58 241 0
241 200 0
241 17 0
0 176 0
241 121 0
241 12 0
241 190 0
31 241 0
241 33 0
0 10 0
45 241 0
59 241 0
21 241 0
0 44 0
241 143 0
241 16 0
0 21 0
109 241 0
0 177 0
0 100 0
42 241 0
0 14 0
0 18 0
44 241 0
241 3 0
241 165 0
12 241 0
88 0 0
0 11 0
241 101 0
241 103 0
0 50 0
204 241 0
241 192 0
234 241 0
241 228 0
0 13 0
0 132 0
0 222 0
241 177 0
241 193 0
241 175 0
0 195 0
241 8 0
80 0 0
241 174 0
241 198 0
37 241 0
11 241 0
15 241 0
241 204 0
20 241 0
43 241 0
8 0 0
241 205 0
233 241 0
73 0 0
241 10 0
33 241 0
17 241 0
176 241 0
144 241 0
0 28 0
197 241 0
0 203 0
198 241 0
241 34 0
28 0 0
238 241 0
174 241 0
16 241 0
30 241 0
188 0 0
175 0 0
44 0 0
0 239 0
50 0 0
51 0 0
0 72 0
18 241 0
241 51 0
207 0 0
0 238 0
241 11 0
0 133 0
241 74 0
6 241 0
241 176 0
224 0 0
241 9 0
low, high, current -1 -1 8
Confirming Router Algorithm: TIMING_DRIVEN.
T_crit: 8.64057e-08.
T_crit: 8.6054e-08.
T_crit: 8.61927e-08.
T_crit: 8.60741e-08.
T_crit: 8.62948e-08.
T_crit: 8.61889e-08.
T_crit: 8.59846e-08.
T_crit: 8.59846e-08.
T_crit: 8.60842e-08.
T_crit: 8.61914e-08.
T_crit: 8.61889e-08.
T_crit: 8.60855e-08.
T_crit: 8.61876e-08.
T_crit: 8.61876e-08.
T_crit: 8.61876e-08.
T_crit: 8.61889e-08.
T_crit: 8.61889e-08.
T_crit: 8.61889e-08.
T_crit: 8.62935e-08.
T_crit: 8.66983e-08.
T_crit: 8.6905e-08.
T_crit: 8.71131e-08.
T_crit: 8.68244e-08.
T_crit: 8.73312e-08.
T_crit: 8.7746e-08.
T_crit: 8.77447e-08.
T_crit: 8.81596e-08.
T_crit: 8.79528e-08.
T_crit: 8.83688e-08.
T_crit: 8.83688e-08.
T_crit: 8.88032e-08.
T_crit: 8.91242e-08.
T_crit: 8.94369e-08.
T_crit: 8.9433e-08.
T_crit: 9.02626e-08.
T_crit: 9.65524e-08.
T_crit: 9.0765e-08.
T_crit: 9.54152e-08.
T_crit: 9.27489e-08.
T_crit: 9.65536e-08.
T_crit: 9.7387e-08.
T_crit: 9.73857e-08.
T_crit: 9.79026e-08.
T_crit: 9.75931e-08.
T_crit: 9.6964e-08.
T_crit: 9.68657e-08.
T_crit: 9.67585e-08.
T_crit: 9.72754e-08.
T_crit: 9.6239e-08.
T_crit: 9.1821e-08.
Routing failed.
low, high, current 8 -1 16
Confirming Router Algorithm: TIMING_DRIVEN.
T_crit: 8.64688e-08.
T_crit: 8.61574e-08.
T_crit: 8.62809e-08.
T_crit: 8.62607e-08.
T_crit: 8.60893e-08.
T_crit: 8.60842e-08.
T_crit: 8.60868e-08.
T_crit: 8.60893e-08.
T_crit: 8.61927e-08.
T_crit: 8.61927e-08.
T_crit: 8.61927e-08.
T_crit: 8.61927e-08.
T_crit: 8.6296e-08.
T_crit: 8.6296e-08.
T_crit: 8.6296e-08.
T_crit: 8.6296e-08.
T_crit: 8.6296e-08.
T_crit: 8.6296e-08.
T_crit: 8.6296e-08.
T_crit: 8.6296e-08.
T_crit: 8.6296e-08.
T_crit: 8.6296e-08.
T_crit: 8.62961e-08.
T_crit: 8.62961e-08.
T_crit: 8.62961e-08.
T_crit: 8.62961e-08.
T_crit: 8.62961e-08.
T_crit: 8.62961e-08.
T_crit: 8.62961e-08.
T_crit: 8.62961e-08.
T_crit: 8.62961e-08.
T_crit: 8.62961e-08.
T_crit: 8.62961e-08.
T_crit: 8.62961e-08.
T_crit: 8.62961e-08.
T_crit: 8.62961e-08.
T_crit: 8.62961e-08.
T_crit: 8.62961e-08.
T_crit: 8.62961e-08.
T_crit: 8.62961e-08.
T_crit: 8.62961e-08.
T_crit: 8.62961e-08.
T_crit: 8.62961e-08.
T_crit: 8.62961e-08.
T_crit: 8.62961e-08.
T_crit: 8.62961e-08.
T_crit: 8.62961e-08.
T_crit: 8.62961e-08.
T_crit: 8.62961e-08.
T_crit: 8.62961e-08.
Routing failed.
low, high, current 16 -1 32
Confirming Router Algorithm: TIMING_DRIVEN.
T_crit: 8.64688e-08.
T_crit: 8.6054e-08.
T_crit: 8.6175e-08.
T_crit: 8.61763e-08.
T_crit: 8.62797e-08.
T_crit: 8.6383e-08.
T_crit: 8.6262e-08.
T_crit: 8.6262e-08.
T_crit: 8.63654e-08.
T_crit: 8.63654e-08.
T_crit: 8.63654e-08.
T_crit: 8.63654e-08.
T_crit: 8.63654e-08.
T_crit: 8.63654e-08.
T_crit: 8.63654e-08.
T_crit: 8.63654e-08.
Successfully routed after 17 routing iterations.
Completed net delay value cross check successfully.
low, high, current 16 32 24
Confirming Router Algorithm: TIMING_DRIVEN.
T_crit: 8.64688e-08.
T_crit: 8.61599e-08.
T_crit: 8.6262e-08.
T_crit: 8.62797e-08.
T_crit: 8.60893e-08.
T_crit: 8.60716e-08.
T_crit: 8.6175e-08.
T_crit: 8.6175e-08.
T_crit: 8.6175e-08.
T_crit: 8.617e-08.
T_crit: 8.617e-08.
T_crit: 8.617e-08.
T_crit: 8.617e-08.
T_crit: 8.617e-08.
T_crit: 8.617e-08.
T_crit: 8.617e-08.
T_crit: 8.617e-08.
T_crit: 8.617e-08.
Successfully routed after 19 routing iterations.
Completed net delay value cross check successfully.
low, high, current 16 24 20
Confirming Router Algorithm: TIMING_DRIVEN.
T_crit: 8.65035e-08.
T_crit: 8.63596e-08.
T_crit: 8.6267e-08.
T_crit: 8.65035e-08.
T_crit: 8.63976e-08.
T_crit: 8.61908e-08.
T_crit: 8.60874e-08.
T_crit: 8.60874e-08.
T_crit: 8.61908e-08.
T_crit: 8.61908e-08.
T_crit: 8.61908e-08.
T_crit: 8.61908e-08.
T_crit: 8.61908e-08.
T_crit: 8.61908e-08.
T_crit: 8.61908e-08.
T_crit: 8.61908e-08.
T_crit: 8.61908e-08.
T_crit: 8.61908e-08.
T_crit: 8.61908e-08.
Successfully routed after 20 routing iterations.
Completed net delay value cross check successfully.
low, high, current 16 20 18
Warning (check_all_tracks_reach_pins):  track 16 does not 
	connect to any FB IPINs.
Warning (check_all_tracks_reach_pins):  track 17 does not 
	connect to any FB IPINs.
Confirming Router Algorithm: TIMING_DRIVEN.
T_crit: 8.61627e-08.
T_crit: 8.60676e-08.
T_crit: 8.62894e-08.
T_crit: 8.63864e-08.
T_crit: 8.63247e-08.
T_crit: 8.61004e-08.
T_crit: 8.59983e-08.
T_crit: 8.59302e-08.
T_crit: 8.5929e-08.
T_crit: 8.58256e-08.
T_crit: 8.58268e-08.
T_crit: 8.58256e-08.
T_crit: 8.60486e-08.
T_crit: 8.60486e-08.
T_crit: 8.60474e-08.
T_crit: 8.60474e-08.
T_crit: 8.60474e-08.
T_crit: 8.60474e-08.
T_crit: 8.60474e-08.
T_crit: 8.60474e-08.
T_crit: 8.60474e-08.
T_crit: 8.60474e-08.
T_crit: 8.60474e-08.
T_crit: 8.60474e-08.
T_crit: 8.60474e-08.
T_crit: 8.60474e-08.
T_crit: 8.60474e-08.
T_crit: 8.60474e-08.
T_crit: 8.60474e-08.
T_crit: 8.60474e-08.
T_crit: 8.60474e-08.
T_crit: 8.60474e-08.
T_crit: 8.60474e-08.
T_crit: 8.60474e-08.
T_crit: 8.60474e-08.
T_crit: 8.60474e-08.
T_crit: 8.60474e-08.
T_crit: 8.60474e-08.
T_crit: 8.60474e-08.
T_crit: 8.60474e-08.
T_crit: 8.60474e-08.
T_crit: 8.60474e-08.
T_crit: 8.60474e-08.
T_crit: 8.60474e-08.
T_crit: 8.60474e-08.
T_crit: 8.60474e-08.
T_crit: 8.60474e-08.
T_crit: 8.60474e-08.
T_crit: 8.60474e-08.
T_crit: 8.60474e-08.
Routing failed.

Checking to ensure routing is legal ...
Completed routing consistency check successfully.

Serial number (magic cookie) for the routing is: 216471356
Best routing used a channel width factor of 20.


Average number of bends per net: 5.84661  Maximum # of bends: 27


The number of routed nets (nonglobal): 2373
Wirelength results (all in units of 1 clb segments):
	Total wirelength: 221410   Average net length: 93.3038
	Maximum net length: 500

Wirelength results in terms of physical segments:
	Total wiring segments used: 111045   Av. wire segments per net: 46.7952
	Maximum segments used by a net: 250


X - Directed channels:

j	max occ	av_occ		capacity
0	19	9.09167  	20
1	20	8.22083  	20
2	20	7.98333  	20
3	20	7.47083  	20
4	19	7.87083  	20
5	20	6.70000  	20
6	19	6.69167  	20
7	20	6.18333  	20
8	18	7.28333  	20
9	15	4.31667  	20
10	13	3.73750  	20
11	11	3.90417  	20
12	10	3.61250  	20
13	5	1.34583  	20
14	7	2.35417  	20
15	4	0.891667 	20
16	8	0.529167 	20
17	8	2.89167  	20
18	5	0.320833 	20
19	3	0.370833 	20
20	7	1.67917  	20
21	8	2.35000  	20
22	3	0.650000 	20
23	11	3.60000  	20
24	6	1.77083  	20
25	4	1.52500  	20
26	5	1.37500  	20
27	7	4.74167  	20
28	4	3.03750  	20
29	4	0.750000 	20
30	7	0.175000 	20
31	8	2.68333  	20
32	7	0.533333 	20
33	7	1.10417  	20
34	4	0.433333 	20
35	5	0.825000 	20
36	9	2.78750  	20
37	8	4.33750  	20
38	9	2.93333  	20
39	8	4.11667  	20
40	7	4.26250  	20
41	10	2.27500  	20
42	9	3.23333  	20
43	9	0.908333 	20
44	6	1.57500  	20
45	7	0.575000 	20
46	8	1.51250  	20
47	11	5.85000  	20
48	8	0.650000 	20
49	10	1.44167  	20
50	7	1.66667  	20
51	10	3.61250  	20
52	12	1.24167  	20
53	7	1.27083  	20
54	11	1.19583  	20
55	8	1.80417  	20
56	8	1.99167  	20
57	13	1.75833  	20
58	12	2.78333  	20
59	8	2.72917  	20
60	8	1.16667  	20
61	4	0.400000 	20
62	8	1.17083  	20
63	6	0.133333 	20
64	12	2.30417  	20
65	9	1.22500  	20
66	15	0.845833 	20
67	11	4.47083  	20
68	13	3.72917  	20
69	14	1.91250  	20
70	10	1.60000  	20
71	10	1.78333  	20
72	11	1.74583  	20
73	12	1.88333  	20
74	10	0.650000 	20
75	10	1.55833  	20
76	12	1.26250  	20
77	11	4.06250  	20
78	7	2.40833  	20
79	6	0.241667 	20
80	7	0.879167 	20
81	8	3.41667  	20
82	11	0.762500 	20
83	9	3.33750  	20
84	10	1.76667  	20
85	8	0.225000 	20
86	8	0.854167 	20
87	11	3.50417  	20
88	11	1.95417  	20
89	10	3.93333  	20
90	13	5.20417  	20
91	17	7.15833  	20
92	11	4.00417  	20
93	16	6.50833  	20
94	14	5.15833  	20
95	11	3.20417  	20
96	12	1.90000  	20
97	7	1.46667  	20
98	8	2.83750  	20
99	8	0.900000 	20
100	9	2.24167  	20
101	5	0.333333 	20
102	5	0.125000 	20
103	4	0.0583333	20
104	4	0.783333 	20
105	3	0.0833333	20
106	5	0.808333 	20
107	7	1.52500  	20
108	8	0.891667 	20
109	7	2.12917  	20
110	3	0.141667 	20
111	9	2.97083  	20
112	13	5.67500  	20
113	15	3.97083  	20
114	8	2.43750  	20
115	11	1.70000  	20
116	8	2.95000  	20
117	11	2.24583  	20
118	13	3.02083  	20
119	10	1.57500  	20
120	8	1.78333  	20
121	6	1.15417  	20
122	6	1.19583  	20
123	10	3.14583  	20
124	9	2.48333  	20
125	7	1.87500  	20
126	8	2.92500  	20
127	11	0.608333 	20
128	5	1.81667  	20
129	9	3.28333  	20
130	10	4.22917  	20
131	7	1.90833  	20
132	11	1.34583  	20
133	11	2.20417  	20
134	12	3.07500  	20
135	12	1.77917  	20
136	17	3.53750  	20
137	15	4.62083  	20
138	14	3.67500  	20
139	19	3.60833  	20
140	16	4.07917  	20
141	18	6.80417  	20
142	17	1.95000  	20
143	18	3.98750  	20
144	15	4.46667  	20
145	16	4.07083  	20
146	9	2.35417  	20
147	11	4.42500  	20
148	14	2.75000  	20
149	9	6.01667  	20
150	14	7.36667  	20
151	12	5.30833  	20
152	8	2.98750  	20
153	10	2.58333  	20
154	11	2.13750  	20
155	9	0.666667 	20
156	6	0.300000 	20
157	11	4.16250  	20
158	10	4.83750  	20
159	9	2.81667  	20
160	10	2.19167  	20
161	7	2.12500  	20
162	11	3.15833  	20
163	7	0.333333 	20
164	9	3.93750  	20
165	10	0.233333 	20
166	6	0.175000 	20
167	10	2.26250  	20
168	9	0.833333 	20
169	9	4.75833  	20
170	4	0.387500 	20
171	8	0.775000 	20
172	5	0.400000 	20
173	12	4.52083  	20
174	6	2.48333  	20
175	8	1.55000  	20
176	5	0.800000 	20
177	8	0.866667 	20
178	9	2.62917  	20
179	7	3.70417  	20
180	5	1.06667  	20
181	3	0.100000 	20
182	5	0.0750000	20
183	4	0.0416667	20
184	7	1.24167  	20
185	11	2.05000  	20
186	10	3.74167  	20
187	12	1.05833  	20
188	11	3.65833  	20
189	12	3.84167  	20
190	9	1.82917  	20
191	12	1.98750  	20
192	9	2.75000  	20
193	11	2.72500  	20
194	10	2.10000  	20
195	7	1.47917  	20
196	5	0.575000 	20
197	9	1.83750  	20
198	3	2.08333  	20
199	3	1.33333  	20
200	1	0.0333333	20
201	4	0.312500 	20
202	2	1.63333  	20
203	2	0.0166667	20
204	9	1.47083  	20
205	5	3.40000  	20
206	4	1.64167  	20
207	3	1.21667  	20
208	4	0.0583333	20
209	6	2.69167  	20
210	5	0.291667 	20
211	4	1.03333  	20
212	7	1.70417  	20
213	8	2.98333  	20
214	6	1.11667  	20
215	5	1.67500  	20
216	8	1.22500  	20
217	8	2.44167  	20
218	8	2.03750  	20
219	8	3.60833  	20
220	10	1.99583  	20
221	10	3.80417  	20
222	10	2.54583  	20
223	8	1.90000  	20
224	10	2.59167  	20
225	11	1.90000  	20
226	11	2.10000  	20
227	12	3.10000  	20
228	11	2.33333  	20
229	11	2.66667  	20
230	12	3.52083  	20
231	14	3.80417  	20
232	16	4.46250  	20
233	14	3.57083  	20
234	12	3.43333  	20
235	17	4.97500  	20
236	15	3.60833  	20
237	17	5.32083  	20
238	18	5.94167  	20
239	15	7.20833  	20
240	19	12.2875  	20

Y - Directed channels:

i	max occ	av_occ		capacity
0	17	10.4833  	20
1	14	5.29583  	20
2	9	5.27500  	20
3	7	2.62500  	20
4	7	2.34167  	20
5	1	0.125000 	20
6	2	0.287500 	20
7	1	0.00833333	20
8	2	0.0208333	20
9	3	0.0875000	20
10	2	0.333333 	20
11	3	0.191667 	20
12	4	0.283333 	20
13	3	0.200000 	20
14	3	0.245833 	20
15	2	0.0250000	20
16	2	0.108333 	20
17	2	0.0833333	20
18	2	0.0208333	20
19	4	0.312500 	20
20	2	0.412500 	20
21	1	0.500000 	20
22	3	0.350000 	20
23	2	0.854167 	20
24	1	0.808333 	20
25	2	0.0791667	20
26	1	0.0500000	20
27	1	0.0333333	20
28	2	0.0916667	20
29	3	0.870833 	20
30	2	0.733333 	20
31	2	0.762500 	20
32	2	1.03333  	20
33	3	1.02083  	20
34	2	0.137500 	20
35	4	0.383333 	20
36	1	0.00416667	20
37	4	1.03750  	20
38	1	0.208333 	20
39	1	0.0583333	20
40	1	0.0750000	20
41	1	0.275000 	20
42	1	0.0750000	20
43	1	0.154167 	20
44	3	0.170833 	20
45	0	0.00000  	20
46	3	0.366667 	20
47	2	0.270833 	20
48	1	0.116667 	20
49	4	0.112500 	20
50	2	0.316667 	20
51	2	0.112500 	20
52	1	0.0958333	20
53	4	0.0750000	20
54	2	0.0375000	20
55	5	0.233333 	20
56	2	0.125000 	20
57	3	0.0583333	20
58	2	0.145833 	20
59	1	0.158333 	20
60	3	0.0791667	20
61	2	0.0500000	20
62	4	0.0958333	20
63	4	0.0750000	20
64	5	0.0833333	20
65	4	0.0666667	20
66	3	0.104167 	20
67	5	0.141667 	20
68	3	0.120833 	20
69	2	0.120833 	20
70	2	0.0583333	20
71	2	0.225000 	20
72	2	0.116667 	20
73	3	0.175000 	20
74	4	0.129167 	20
75	5	0.220833 	20
76	4	0.212500 	20
77	3	0.162500 	20
78	6	0.366667 	20
79	4	0.145833 	20
80	4	0.191667 	20
81	2	0.0500000	20
82	1	0.0416667	20
83	4	0.0625000	20
84	3	0.0333333	20
85	6	0.245833 	20
86	5	0.358333 	20
87	7	0.470833 	20
88	6	0.183333 	20
89	7	0.0500000	20
90	10	0.137500 	20
91	6	0.125000 	20
92	10	0.212500 	20
93	9	0.175000 	20
94	8	0.200000 	20
95	7	0.133333 	20
96	5	0.183333 	20
97	6	0.187500 	20
98	7	0.450000 	20
99	10	0.116667 	20
100	9	0.283333 	20
101	9	0.162500 	20
102	8	0.233333 	20
103	7	0.112500 	20
104	5	0.187500 	20
105	7	0.187500 	20
106	6	0.208333 	20
107	5	0.104167 	20
108	4	0.208333 	20
109	1	0.00833333	20
110	2	0.0375000	20
111	2	0.104167 	20
112	8	0.670833 	20
113	7	1.09167  	20
114	10	0.829167 	20
115	8	0.879167 	20
116	10	0.383333 	20
117	8	0.816667 	20
118	7	0.304167 	20
119	7	0.195833 	20
120	7	0.183333 	20
121	5	0.154167 	20
122	10	0.325000 	20
123	10	0.404167 	20
124	10	0.879167 	20
125	10	0.400000 	20
126	7	0.345833 	20
127	8	0.404167 	20
128	7	0.412500 	20
129	5	0.208333 	20
130	4	0.183333 	20
131	5	0.287500 	20
132	5	0.437500 	20
133	7	1.04583  	20
134	8	0.704167 	20
135	7	0.404167 	20
136	9	0.495833 	20
137	7	0.454167 	20
138	11	0.766667 	20
139	9	0.395833 	20
140	7	0.245833 	20
141	6	0.337500 	20
142	7	0.629167 	20
143	13	0.904167 	20
144	11	0.616667 	20
145	13	1.09583  	20
146	14	1.53333  	20
147	13	3.76667  	20
148	13	1.50417  	20
149	14	3.37500  	20
150	15	1.70833  	20
151	16	1.79583  	20
152	15	2.11250  	20
153	12	1.60833  	20
154	13	1.83750  	20
155	13	1.81250  	20
156	14	1.67500  	20
157	12	3.00000  	20
158	11	2.66667  	20
159	12	4.85000  	20
160	11	5.08333  	20
161	15	8.08750  	20
162	16	7.13333  	20
163	17	9.33333  	20
164	17	9.66667  	20
165	19	9.21667  	20
166	20	9.41250  	20
167	18	9.51667  	20
168	20	10.4708  	20
169	18	11.4792  	20
170	19	9.88333  	20
171	19	10.2500  	20
172	19	11.2458  	20
173	20	11.7458  	20
174	20	12.5750  	20
175	20	10.7792  	20
176	19	8.20000  	20
177	20	5.53333  	20
178	18	3.33333  	20
179	10	1.30417  	20
180	4	0.987500 	20
181	5	0.216667 	20
182	5	0.450000 	20
183	5	0.104167 	20
184	4	0.200000 	20
185	2	0.0875000	20
186	3	0.0541667	20
187	2	0.0375000	20
188	2	0.0625000	20
189	4	0.0791667	20
190	3	0.104167 	20
191	1	0.0541667	20
192	1	0.0250000	20
193	3	0.125000 	20
194	2	0.0833333	20
195	1	0.00833333	20
196	3	0.370833 	20
197	4	0.204167 	20
198	2	0.0416667	20
199	2	0.0416667	20
200	2	0.0291667	20
201	2	0.625000 	20
202	2	0.575000 	20
203	3	0.791667 	20
204	2	1.19167  	20
205	1	0.0208333	20
206	4	0.0541667	20
207	3	0.108333 	20
208	2	0.129167 	20
209	1	0.0333333	20
210	2	0.125000 	20
211	2	0.0375000	20
212	0	0.00000  	20
213	3	0.100000 	20
214	2	0.104167 	20
215	3	0.0666667	20
216	3	0.408333 	20
217	1	0.0333333	20
218	2	0.0416667	20
219	3	0.145833 	20
220	3	0.112500 	20
221	3	0.158333 	20
222	4	0.133333 	20
223	2	0.108333 	20
224	2	0.508333 	20
225	2	0.216667 	20
226	3	0.308333 	20
227	3	0.166667 	20
228	4	0.466667 	20
229	3	0.0916667	20
230	4	0.258333 	20
231	3	0.308333 	20
232	2	0.112500 	20
233	3	0.175000 	20
234	5	0.433333 	20
235	4	1.00833  	20
236	8	1.23333  	20
237	5	1.76667  	20
238	8	2.20417  	20
239	13	4.58333  	20
240	18	9.48750  	20

Total Tracks in X-direction: 4820  in Y-direction: 4820

Logic Area (in minimum width transistor areas):
Total Logic Area: 1.728e+09  Per 1x1 logic tile: 30000

Routing area (in minimum width transistor areas):
Total Routing Area: 1.51030e+08  Per logic tile: 2622.05

Segment usage by type (index):
Segment type       Fractional utilization
------------       ----------------------
       0                  0.0956

Segment usage by length:
Segment length       Fractional utilization
--------------       ----------------------
        2                   0.0956

Critical Path: 8.61908e-08 (s)

Time elapsed (PLACE&ROUTE): 6773641.208000 ms


Time elapsed (Fernando): 6773641.222000 ms

