
VPR FPGA Placement and Routing.
Version: Version 5.0.2
Compiled: Dec 11 2020.
Original VPR by V. Betz.
Timing-driven placement enhancements by A. Marquardt.
Single-drivers enhancements by Andy Ye with additions by.
Mark Fang, Jason Luu, Ted Campbell
Heterogeneous stucture support by Jason Luu and Ted Campbell.
This code is licensed only for non-commercial use.

Auto-sizing FPGA, try x = 25 y = 25
Auto-sizing FPGA, try x = 50 y = 50
Auto-sizing FPGA, try x = 100 y = 100
Auto-sizing FPGA, try x = 50 y = 50
Auto-sizing FPGA, try x = 75 y = 75
Auto-sizing FPGA, try x = 87 y = 87
Auto-sizing FPGA, try x = 93 y = 93
Auto-sizing FPGA, try x = 96 y = 96
Auto-sizing FPGA, try x = 98 y = 98
Auto-sizing FPGA, try x = 99 y = 99
Auto-sizing FPGA, try x = 99 y = 99
FPGA auto-sized to, x = 100 y = 100

Resource Usage:
Netlist      0	blocks of type <EMPTY>
Architecture 4	blocks of type <EMPTY>
Netlist      400	blocks of type .io
Architecture 400	blocks of type .io
Netlist      236	blocks of type .clb
Architecture 10000	blocks of type .clb

Timing analysis: ON

Operation:  ROUTE_ONLY

PlacerOpts.place_freq:  PLACE_NEVER

RouterOpts.route_type:  DETAILED
RouterOpts.router_algorithm:  TIMING_DRIVEN
RouterOpts.base_cost_type:  DELAY_NORMALIZED
RouterOpts.fixed_channel_width:  NO_FIXED_CHANNEL_WIDTH
RouterOpts.acc_fac:  1.000000
RouterOpts.bb_factor:  3
RouterOpts.bend_cost:  0.000000
RouterOpts.first_iter_pres_fac:  0.500000
RouterOpts.initial_pres_fac:  0.500000
RouterOpts.pres_fac_mult:  1.300000
RouterOpts.max_router_iterations:  50
RouterOpts.astar_fac:  1.200000
RouterOpts.criticality_exp:  1.000000
RouterOpts.max_criticality:  0.990000

RoutingArch.directionality:  UNI_DIRECTIONAL
RoutingArch.switch_block_type:  WILTON
RoutingArch.Fs:  3

The circuit will be mapped into a 100 x 100 array of clbs.

Netlist num_nets:  468
Netlist num_blocks:  636
Netlist inputs pins:  232
Netlist output pins:  168

96 100 0
95 99 0
47 100 0
67 101 0
91 0 0
3 0 0
62 1 0
48 0 0
1 72 0
1 66 0
1 67 0
101 61 0
54 1 0
0 47 0
63 1 0
62 0 0
0 22 0
98 85 0
54 0 0
0 4 0
101 5 0
63 100 0
0 9 0
100 44 0
1 101 0
31 0 0
79 2 0
0 26 0
1 26 0
49 0 0
0 65 0
57 1 0
78 1 0
23 1 0
27 0 0
23 0 0
79 1 0
101 3 0
77 1 0
101 76 0
78 0 0
67 0 0
100 39 0
58 101 0
99 39 0
1 50 0
100 40 0
101 39 0
0 50 0
39 100 0
39 101 0
39 99 0
56 0 0
54 100 0
87 0 0
3 1 0
70 101 0
98 73 0
96 101 0
0 87 0
0 82 0
62 101 0
17 101 0
100 73 0
101 98 0
100 72 0
100 74 0
99 74 0
31 1 0
98 74 0
100 85 0
89 0 0
4 0 0
42 1 0
0 40 0
2 97 0
101 85 0
101 72 0
1 97 0
2 98 0
101 31 0
0 97 0
10 101 0
90 101 0
40 1 0
24 100 0
40 0 0
96 99 0
19 101 0
1 96 0
72 0 0
72 1 0
100 1 0
100 59 0
33 1 0
1 34 0
0 34 0
1 35 0
1 4 0
0 2 0
83 0 0
96 0 0
101 51 0
100 51 0
30 0 0
81 1 0
1 23 0
101 30 0
54 101 0
1 41 0
0 66 0
1 24 0
55 1 0
0 23 0
100 22 0
55 100 0
1 11 0
100 94 0
11 0 0
85 0 0
100 41 0
64 101 0
0 11 0
0 21 0
1 21 0
52 100 0
56 101 0
52 99 0
57 100 0
100 43 0
0 83 0
1 83 0
0 80 0
3 100 0
60 100 0
56 1 0
100 89 0
81 0 0
101 32 0
101 28 0
76 101 0
100 34 0
98 45 0
28 101 0
1 53 0
70 2 0
57 99 0
101 88 0
100 62 0
59 99 0
60 1 0
55 2 0
99 73 0
61 0 0
53 1 0
68 0 0
50 101 0
33 0 0
68 101 0
45 1 0
43 0 0
60 0 0
15 101 0
99 101 0
41 101 0
0 41 0
0 44 0
97 0 0
101 42 0
14 101 0
42 0 0
50 100 0
2 3 0
2 42 0
100 100 0
101 62 0
44 2 0
32 1 0
99 100 0
101 11 0
23 99 0
0 54 0
52 0 0
1 2 0
66 101 0
40 101 0
41 100 0
82 0 0
0 42 0
41 99 0
1 28 0
1 42 0
51 2 0
100 23 0
0 77 0
45 0 0
49 101 0
47 0 0
42 100 0
1 52 0
23 101 0
1 75 0
99 23 0
51 101 0
60 101 0
101 9 0
0 86 0
70 0 0
54 99 0
0 98 0
42 99 0
101 75 0
101 100 0
101 68 0
71 101 0
101 89 0
14 100 0
0 76 0
2 51 0
98 99 0
52 1 0
101 49 0
60 99 0
0 55 0
0 57 0
2 0 0
29 0 0
101 67 0
101 27 0
1 98 0
71 1 0
101 74 0
69 1 0
101 24 0
101 34 0
45 101 0
100 24 0
61 99 0
99 44 0
2 99 0
100 64 0
42 101 0
101 78 0
24 101 0
28 1 0
0 28 0
33 101 0
16 100 0
97 99 0
100 8 0
101 59 0
24 99 0
0 29 0
0 68 0
2 29 0
78 2 0
22 0 0
0 14 0
0 1 0
9 100 0
1 39 0
1 48 0
43 1 0
3 101 0
8 99 0
101 71 0
31 101 0
65 0 0
100 99 0
73 101 0
9 99 0
100 95 0
1 99 0
7 100 0
12 100 0
47 1 0
1 51 0
0 36 0
14 0 0
10 0 0
10 100 0
68 1 0
0 51 0
101 60 0
101 95 0
52 101 0
1 3 0
0 32 0
7 99 0
21 101 0
1 29 0
22 100 0
1 8 0
29 1 0
6 100 0
16 101 0
11 1 0
16 99 0
100 91 0
69 2 0
8 101 0
0 3 0
101 64 0
74 101 0
0 95 0
69 0 0
1 40 0
99 91 0
23 100 0
57 101 0
1 55 0
0 72 0
101 94 0
44 0 0
3 29 0
1 13 0
86 0 0
1 54 0
98 0 0
101 7 0
99 34 0
3 58 0
12 99 0
99 85 0
79 0 0
86 1 0
44 101 0
61 1 0
101 97 0
0 8 0
100 75 0
101 86 0
100 38 0
51 1 0
57 0 0
101 66 0
48 1 0
34 0 0
0 92 0
99 95 0
1 30 0
73 0 0
3 99 0
74 1 0
7 0 0
94 0 0
1 80 0
21 0 0
5 0 0
43 101 0
14 99 0
1 43 0
0 15 0
89 100 0
0 6 0
13 100 0
44 1 0
0 61 0
99 84 0
2 23 0
99 60 0
0 75 0
56 100 0
2 1 0
53 100 0
101 21 0
101 13 0
101 26 0
1 9 0
78 100 0
101 16 0
101 4 0
36 101 0
101 53 0
0 100 0
101 91 0
82 100 0
82 101 0
0 70 0
6 99 0
89 99 0
1 100 0
6 101 0
82 99 0
76 0 0
5 100 0
0 45 0
100 53 0
100 65 0
26 101 0
1 14 0
97 2 0
99 75 0
100 50 0
62 2 0
55 0 0
73 2 0
101 50 0
101 18 0
78 99 0
25 1 0
78 101 0
1 33 0
58 1 0
25 100 0
100 45 0
0 33 0
52 2 0
27 101 0
24 1 0
87 101 0
0 69 0
0 48 0
1 1 0
8 100 0
0 53 0
100 52 0
0 13 0
35 0 0
2 2 0
47 101 0
61 101 0
0 35 0
98 1 0
0 63 0
99 1 0
100 61 0
4 1 0
73 1 0
101 56 0
97 1 0
1 6 0
12 101 0
101 65 0
101 93 0
26 1 0
0 16 0
92 0 0
25 0 0
18 0 0
101 23 0
98 2 0
101 8 0
30 1 0
1 61 0
101 55 0
0 88 0
63 101 0
53 99 0
100 97 0
1 62 0
0 58 0
0 39 0
1 7 0
100 13 0
101 44 0
99 13 0
101 40 0
1 58 0
89 101 0
100 60 0
101 52 0
1 59 0
0 20 0
100 57 0
70 1 0
101 57 0
99 50 0
0 30 0
0 27 0
69 101 0
101 45 0
9 101 0
99 45 0
2 58 0
95 101 0
46 101 0
0 71 0
51 0 0
16 0 0
65 101 0
90 0 0
101 25 0
37 0 0
88 0 0
84 0 0
101 36 0
101 37 0
0 49 0
101 41 0
84 101 0
1 0 0
0 74 0
101 69 0
101 70 0
26 0 0
0 73 0
36 0 0
101 96 0
2 101 0
15 0 0
20 101 0
0 96 0
71 0 0
0 67 0
13 0 0
0 12 0
101 80 0
80 0 0
0 24 0
58 0 0
101 22 0
55 101 0
101 10 0
0 94 0
0 18 0
53 101 0
101 82 0
50 0 0
0 89 0
101 35 0
0 46 0
93 0 0
59 101 0
101 79 0
101 17 0
59 0 0
53 0 0
48 101 0
0 10 0
101 20 0
98 101 0
32 0 0
35 101 0
101 2 0
37 101 0
38 101 0
39 0 0
0 84 0
0 79 0
101 81 0
97 101 0
64 0 0
75 0 0
101 19 0
72 101 0
101 43 0
0 99 0
93 101 0
92 101 0
13 101 0
101 12 0
25 101 0
77 0 0
5 101 0
101 38 0
0 19 0
41 0 0
101 90 0
100 101 0
11 101 0
101 83 0
0 90 0
86 101 0
0 52 0
0 91 0
101 6 0
34 101 0
28 0 0
12 0 0
18 101 0
0 85 0
66 0 0
0 38 0
101 87 0
22 101 0
101 48 0
0 31 0
0 17 0
101 33 0
0 56 0
101 15 0
17 0 0
101 73 0
63 0 0
85 101 0
94 101 0
101 29 0
77 101 0
0 81 0
30 101 0
0 43 0
91 101 0
29 101 0
46 0 0
101 84 0
0 25 0
0 60 0
9 0 0
80 101 0
83 101 0
101 99 0
88 101 0
0 93 0
81 101 0
4 101 0
0 78 0
101 14 0
95 0 0
101 77 0
101 46 0
19 0 0
75 101 0
20 0 0
0 37 0
38 0 0
32 101 0
8 0 0
7 101 0
100 0 0
101 1 0
101 63 0
6 0 0
74 0 0
99 0 0
0 5 0
24 0 0
0 59 0
79 101 0
101 92 0
0 62 0
0 7 0
101 54 0
0 64 0
101 58 0
101 47 0
low, high, current -1 -1 8
Confirming Router Algorithm: TIMING_DRIVEN.
T_crit: 1.95984e-08.
T_crit: 1.95984e-08.
T_crit: 1.95984e-08.
T_crit: 1.95984e-08.
T_crit: 1.95984e-08.
T_crit: 1.95984e-08.
T_crit: 1.95984e-08.
T_crit: 1.95984e-08.
T_crit: 1.95984e-08.
T_crit: 1.95984e-08.
T_crit: 1.95984e-08.
T_crit: 1.95984e-08.
Successfully routed after 13 routing iterations.
Completed net delay value cross check successfully.
low, high, current -1 8 4
Confirming Router Algorithm: TIMING_DRIVEN.
T_crit: 1.96829e-08.
T_crit: 1.96829e-08.
T_crit: 1.96829e-08.
T_crit: 1.96829e-08.
T_crit: 1.96829e-08.
T_crit: 1.96829e-08.
T_crit: 1.96829e-08.
T_crit: 1.96829e-08.
T_crit: 1.96829e-08.
T_crit: 1.96829e-08.
T_crit: 1.96829e-08.
T_crit: 1.96829e-08.
T_crit: 1.96829e-08.
T_crit: 1.96829e-08.
T_crit: 1.96829e-08.
T_crit: 1.96829e-08.
T_crit: 1.96829e-08.
T_crit: 1.96829e-08.
T_crit: 1.96829e-08.
T_crit: 1.96829e-08.
T_crit: 1.96829e-08.
T_crit: 1.96829e-08.
T_crit: 1.96829e-08.
T_crit: 1.96829e-08.
T_crit: 2.02062e-08.
T_crit: 2.04155e-08.
T_crit: 2.02062e-08.
T_crit: 2.06248e-08.
T_crit: 2.08341e-08.
T_crit: 2.08341e-08.
T_crit: 2.1148e-08.
T_crit: 2.07294e-08.
T_crit: 2.09387e-08.
T_crit: 2.07294e-08.
T_crit: 2.08341e-08.
T_crit: 2.09292e-08.
T_crit: 2.10338e-08.
T_crit: 2.10338e-08.
T_crit: 2.13287e-08.
T_crit: 2.12241e-08.
T_crit: 2.06153e-08.
T_crit: 2.06153e-08.
T_crit: 2.08246e-08.
T_crit: 2.08246e-08.
T_crit: 2.08245e-08.
T_crit: 2.07199e-08.
T_crit: 2.07199e-08.
T_crit: 2.10338e-08.
T_crit: 2.07199e-08.
T_crit: 2.07199e-08.
Routing failed.
low, high, current 4 8 6
Confirming Router Algorithm: TIMING_DRIVEN.
T_crit: 1.95902e-08.
T_crit: 1.95902e-08.
T_crit: 1.95902e-08.
T_crit: 1.95902e-08.
T_crit: 1.95902e-08.
T_crit: 1.95997e-08.
T_crit: 1.95997e-08.
T_crit: 1.95997e-08.
T_crit: 1.95997e-08.
T_crit: 1.95997e-08.
T_crit: 1.95997e-08.
T_crit: 1.95997e-08.
T_crit: 1.95997e-08.
T_crit: 1.95997e-08.
T_crit: 1.96092e-08.
T_crit: 1.96092e-08.
T_crit: 1.96092e-08.
T_crit: 1.96092e-08.
T_crit: 1.96092e-08.
T_crit: 1.96092e-08.
T_crit: 1.96092e-08.
T_crit: 1.96092e-08.
T_crit: 1.96092e-08.
T_crit: 1.96092e-08.
T_crit: 1.96092e-08.
T_crit: 1.96092e-08.
T_crit: 1.96092e-08.
T_crit: 1.96092e-08.
T_crit: 1.96092e-08.
T_crit: 1.96092e-08.
T_crit: 1.96092e-08.
T_crit: 1.96092e-08.
T_crit: 1.96092e-08.
T_crit: 1.96092e-08.
T_crit: 1.96092e-08.
T_crit: 1.96092e-08.
T_crit: 1.99041e-08.
T_crit: 1.97138e-08.
T_crit: 1.99206e-08.
T_crit: 1.99206e-08.
T_crit: 2.00252e-08.
T_crit: 2.00252e-08.
T_crit: 2.00252e-08.
T_crit: 2.00252e-08.
T_crit: 2.00252e-08.
T_crit: 2.00252e-08.
T_crit: 2.00252e-08.
T_crit: 2.02345e-08.
T_crit: 2.02345e-08.
T_crit: 2.02345e-08.
Routing failed.

Checking to ensure routing is legal ...
Completed routing consistency check successfully.

Serial number (magic cookie) for the routing is: 469712945
Best routing used a channel width factor of 8.


Average number of bends per net: 5.48718  Maximum # of bends: 21


The number of routed nets (nonglobal): 468
Wirelength results (all in units of 1 clb segments):
	Total wirelength: 33010   Average net length: 70.5342
	Maximum net length: 264

Wirelength results in terms of physical segments:
	Total wiring segments used: 16697   Av. wire segments per net: 35.6773
	Maximum segments used by a net: 132


X - Directed channels:

j	max occ	av_occ		capacity
0	8	5.16000  	8
1	8	5.04000  	8
2	8	4.22000  	8
3	8	4.69000  	8
4	8	4.97000  	8
5	8	5.31000  	8
6	8	5.00000  	8
7	8	3.81000  	8
8	7	3.73000  	8
9	6	2.82000  	8
10	5	2.65000  	8
11	3	2.64000  	8
12	4	0.130000 	8
13	3	1.36000  	8
14	3	0.300000 	8
15	2	0.0900000	8
16	1	0.360000 	8
17	1	0.0500000	8
18	2	0.290000 	8
19	3	0.110000 	8
20	4	1.61000  	8
21	3	1.46000  	8
22	5	2.03000  	8
23	5	2.12000  	8
24	3	0.390000 	8
25	3	1.57000  	8
26	1	0.0200000	8
27	4	2.95000  	8
28	6	0.540000 	8
29	3	1.04000  	8
30	3	0.880000 	8
31	2	0.0800000	8
32	3	0.890000 	8
33	6	1.81000  	8
34	3	1.59000  	8
35	4	0.100000 	8
36	4	0.680000 	8
37	4	2.48000  	8
38	6	2.31000  	8
39	5	1.54000  	8
40	5	0.940000 	8
41	5	1.64000  	8
42	6	1.74000  	8
43	3	0.740000 	8
44	6	2.93000  	8
45	1	0.980000 	8
46	3	0.200000 	8
47	3	0.330000 	8
48	2	1.02000  	8
49	4	0.270000 	8
50	6	1.90000  	8
51	6	4.35000  	8
52	5	1.15000  	8
53	5	1.17000  	8
54	3	1.67000  	8
55	3	1.94000  	8
56	4	2.02000  	8
57	7	4.09000  	8
58	4	2.01000  	8
59	8	4.02000  	8
60	5	3.32000  	8
61	6	1.22000  	8
62	3	1.91000  	8
63	3	0.970000 	8
64	4	1.61000  	8
65	4	2.08000  	8
66	3	2.30000  	8
67	3	0.630000 	8
68	1	0.0800000	8
69	2	0.120000 	8
70	4	0.120000 	8
71	4	1.10000  	8
72	7	3.71000  	8
73	7	1.48000  	8
74	6	1.81000  	8
75	4	1.06000  	8
76	3	0.140000 	8
77	1	0.0900000	8
78	1	0.0500000	8
79	3	0.650000 	8
80	3	2.28000  	8
81	1	0.0400000	8
82	4	1.07000  	8
83	3	0.320000 	8
84	5	1.69000  	8
85	3	0.410000 	8
86	1	0.0400000	8
87	2	0.580000 	8
88	3	1.52000  	8
89	4	0.970000 	8
90	5	3.47000  	8
91	1	0.970000 	8
92	4	0.250000 	8
93	5	1.41000  	8
94	7	2.50000  	8
95	8	4.81000  	8
96	8	4.94000  	8
97	8	5.77000  	8
98	8	4.59000  	8
99	8	3.98000  	8
100	8	5.58000  	8

Y - Directed channels:

i	max occ	av_occ		capacity
0	8	5.57000  	8
1	7	3.74000  	8
2	7	4.15000  	8
3	7	4.16000  	8
4	8	5.13000  	8
5	6	3.14000  	8
6	7	3.35000  	8
7	7	1.41000  	8
8	6	1.37000  	8
9	6	1.19000  	8
10	3	0.490000 	8
11	3	1.47000  	8
12	2	1.19000  	8
13	5	1.05000  	8
14	5	0.130000 	8
15	5	1.20000  	8
16	3	2.37000  	8
17	1	0.0600000	8
18	2	0.330000 	8
19	3	1.10000  	8
20	3	0.200000 	8
21	3	1.81000  	8
22	5	1.23000  	8
23	7	1.07000  	8
24	7	1.02000  	8
25	5	0.650000 	8
26	3	0.420000 	8
27	3	0.190000 	8
28	5	1.73000  	8
29	6	1.54000  	8
30	6	1.48000  	8
31	4	0.190000 	8
32	3	0.440000 	8
33	2	0.120000 	8
34	3	0.790000 	8
35	1	0.940000 	8
36	1	0.0200000	8
37	2	1.05000  	8
38	2	0.130000 	8
39	2	0.0800000	8
40	4	1.75000  	8
41	5	0.180000 	8
42	4	2.02000  	8
43	7	2.99000  	8
44	4	2.26000  	8
45	1	0.0600000	8
46	4	1.58000  	8
47	3	0.160000 	8
48	5	3.36000  	8
49	3	1.47000  	8
50	3	2.02000  	8
51	5	1.42000  	8
52	6	1.84000  	8
53	6	0.980000 	8
54	7	2.05000  	8
55	6	1.66000  	8
56	5	0.440000 	8
57	6	0.320000 	8
58	6	0.730000 	8
59	5	0.910000 	8
60	6	1.84000  	8
61	6	0.940000 	8
62	5	1.75000  	8
63	4	1.58000  	8
64	5	1.59000  	8
65	3	0.140000 	8
66	2	0.480000 	8
67	3	0.170000 	8
68	5	0.160000 	8
69	5	0.130000 	8
70	5	0.850000 	8
71	6	1.16000  	8
72	3	1.37000  	8
73	6	1.25000  	8
74	4	2.62000  	8
75	4	1.03000  	8
76	4	0.810000 	8
77	5	1.46000  	8
78	5	1.47000  	8
79	4	2.03000  	8
80	4	0.190000 	8
81	5	0.250000 	8
82	2	0.0600000	8
83	1	0.0800000	8
84	2	1.04000  	8
85	3	2.03000  	8
86	1	0.0600000	8
87	2	0.210000 	8
88	2	1.49000  	8
89	4	0.500000 	8
90	3	1.13000  	8
91	1	0.130000 	8
92	2	0.320000 	8
93	3	0.560000 	8
94	5	3.20000  	8
95	5	2.00000  	8
96	8	4.13000  	8
97	8	4.91000  	8
98	8	3.84000  	8
99	7	4.52000  	8
100	8	5.15000  	8

Total Tracks in X-direction: 808  in Y-direction: 808

Logic Area (in minimum width transistor areas):
Total Logic Area: 3e+08  Per 1x1 logic tile: 30000

Routing area (in minimum width transistor areas):
Total Routing Area: 1.05266e+07  Per logic tile: 1052.66

Segment usage by type (index):
Segment type       Fractional utilization
------------       ----------------------
       0                  0.205

Segment usage by length:
Segment length       Fractional utilization
--------------       ----------------------
        2                   0.205

Critical Path: 1.95984e-08 (s)

Time elapsed (PLACE&ROUTE): 159542.494000 ms


Time elapsed (Fernando): 159542.512000 ms

