
VPR FPGA Placement and Routing.
Version: Version 5.0.2
Compiled: Dec 11 2020.
Original VPR by V. Betz.
Timing-driven placement enhancements by A. Marquardt.
Single-drivers enhancements by Andy Ye with additions by.
Mark Fang, Jason Luu, Ted Campbell
Heterogeneous stucture support by Jason Luu and Ted Campbell.
This code is licensed only for non-commercial use.

Auto-sizing FPGA, try x = 38 y = 38
Auto-sizing FPGA, try x = 76 y = 76
Auto-sizing FPGA, try x = 152 y = 152
Auto-sizing FPGA, try x = 304 y = 304
Auto-sizing FPGA, try x = 152 y = 152
Auto-sizing FPGA, try x = 228 y = 228
Auto-sizing FPGA, try x = 190 y = 190
Auto-sizing FPGA, try x = 171 y = 171
Auto-sizing FPGA, try x = 180 y = 180
Auto-sizing FPGA, try x = 175 y = 175
Auto-sizing FPGA, try x = 177 y = 177
Auto-sizing FPGA, try x = 176 y = 176
Auto-sizing FPGA, try x = 176 y = 176
FPGA auto-sized to, x = 177 y = 177

Resource Usage:
Netlist      0	blocks of type <EMPTY>
Architecture 4	blocks of type <EMPTY>
Netlist      705	blocks of type .io
Architecture 708	blocks of type .io
Netlist      762	blocks of type .clb
Architecture 31329	blocks of type .clb

Timing analysis: ON

Operation:  ROUTE_ONLY

PlacerOpts.place_freq:  PLACE_NEVER

RouterOpts.route_type:  DETAILED
RouterOpts.router_algorithm:  TIMING_DRIVEN
RouterOpts.base_cost_type:  DELAY_NORMALIZED
RouterOpts.fixed_channel_width:  NO_FIXED_CHANNEL_WIDTH
RouterOpts.acc_fac:  1.000000
RouterOpts.bb_factor:  3
RouterOpts.bend_cost:  0.000000
RouterOpts.first_iter_pres_fac:  0.500000
RouterOpts.initial_pres_fac:  0.500000
RouterOpts.pres_fac_mult:  1.300000
RouterOpts.max_router_iterations:  50
RouterOpts.astar_fac:  1.200000
RouterOpts.criticality_exp:  1.000000
RouterOpts.max_criticality:  0.990000

RoutingArch.directionality:  UNI_DIRECTIONAL
RoutingArch.switch_block_type:  WILTON
RoutingArch.Fs:  3

The circuit will be mapped into a 177 x 177 array of clbs.

Netlist num_nets:  1251
Netlist num_blocks:  1467
Netlist inputs pins:  489
Netlist output pins:  216

78 4 0
178 143 0
91 7 0
90 8 0
90 6 0
89 6 0
76 1 0
92 7 0
80 3 0
91 6 0
90 5 0
76 3 0
91 8 0
89 8 0
90 9 0
79 4 0
77 4 0
90 4 0
78 5 0
81 2 0
82 2 0
91 5 0
92 8 0
88 8 0
80 4 0
91 9 0
88 6 0
89 9 0
81 3 0
90 10 0
93 7 0
92 6 0
79 5 0
77 5 0
76 4 0
91 4 0
94 7 0
92 5 0
92 9 0
93 8 0
74 2 0
91 10 0
89 10 0
93 6 0
88 9 0
90 11 0
93 5 0
91 11 0
92 4 0
78 6 0
90 12 0
94 6 0
79 6 0
87 9 0
78 7 0
94 8 0
89 11 0
86 8 0
82 1 0
93 9 0
75 4 0
88 10 0
91 3 0
82 3 0
77 6 0
74 3 0
92 10 0
95 7 0
98 3 0
73 2 0
77 3 0
80 2 0
81 4 0
76 5 0
97 4 0
97 2 0
79 1 0
74 1 0
95 4 0
80 5 0
83 2 0
134 0 0
98 4 0
29 0 0
178 17 0
0 108 0
162 0 0
154 178 0
97 5 0
177 63 0
155 0 0
177 61 0
72 10 0
109 2 0
78 2 0
117 178 0
156 178 0
115 1 0
74 177 0
178 69 0
1 171 0
42 1 0
1 58 0
3 113 0
0 27 0
2 178 0
54 0 0
1 12 0
1 59 0
83 1 0
99 3 0
2 12 0
39 177 0
177 75 0
0 152 0
100 3 0
39 178 0
74 4 0
1 152 0
73 3 0
94 2 0
104 0 0
1 108 0
178 90 0
68 8 0
72 2 0
4 67 0
171 177 0
128 0 0
177 130 0
178 7 0
0 132 0
84 2 0
136 0 0
102 0 0
1 57 0
119 2 0
153 0 0
80 6 0
177 68 0
0 36 0
84 177 0
98 5 0
83 3 0
40 177 0
2 156 0
146 178 0
99 4 0
0 157 0
2 88 0
1 163 0
0 149 0
24 178 0
176 56 0
21 178 0
95 6 0
97 178 0
82 4 0
77 1 0
0 23 0
0 70 0
0 122 0
177 178 0
118 1 0
174 0 0
81 15 0
22 178 0
79 7 0
62 0 0
1 66 0
139 178 0
22 177 0
2 93 0
76 6 0
110 178 0
78 8 0
0 66 0
178 73 0
178 55 0
82 0 0
0 12 0
176 55 0
64 0 0
81 5 0
127 0 0
49 178 0
1 67 0
69 8 0
140 177 0
97 6 0
75 5 0
1 28 0
0 20 0
94 0 0
86 9 0
1 68 0
16 0 0
73 1 0
106 7 0
77 7 0
178 173 0
178 101 0
178 109 0
0 34 0
78 1 0
79 8 0
0 89 0
178 164 0
178 153 0
100 4 0
0 42 0
1 5 0
164 178 0
72 3 0
178 20 0
57 0 0
178 104 0
178 6 0
92 178 0
0 116 0
178 54 0
99 5 0
83 0 0
0 90 0
0 38 0
40 0 0
177 138 0
92 3 0
85 10 0
157 1 0
85 178 0
0 87 0
82 5 0
98 0 0
0 113 0
98 6 0
101 3 0
145 1 0
178 70 0
78 9 0
71 2 0
93 0 0
1 120 0
156 0 0
0 76 0
178 91 0
77 16 0
1 37 0
84 3 0
155 1 0
0 73 0
3 17 0
0 44 0
136 178 0
0 72 0
1 159 0
107 0 0
15 177 0
178 151 0
86 178 0
102 178 0
74 178 0
52 0 0
152 178 0
153 177 0
73 4 0
178 148 0
101 2 0
111 1 0
16 178 0
142 178 0
74 5 0
0 121 0
161 178 0
152 177 0
72 1 0
165 0 0
178 165 0
3 178 0
102 3 0
104 9 0
0 112 0
0 94 0
178 138 0
142 1 0
48 178 0
42 177 0
0 136 0
34 1 0
80 7 0
0 40 0
98 7 0
49 177 0
24 1 0
0 79 0
178 13 0
178 42 0
1 157 0
177 126 0
75 6 0
0 167 0
85 2 0
177 40 0
13 0 0
15 178 0
14 178 0
99 1 0
141 2 0
134 178 0
133 1 0
96 7 0
153 178 0
78 178 0
9 0 0
63 2 0
0 88 0
0 22 0
0 151 0
178 149 0
1 88 0
177 53 0
176 173 0
178 40 0
154 177 0
0 64 0
143 178 0
101 4 0
177 116 0
158 176 0
71 0 0
63 178 0
65 178 0
60 1 0
1 39 0
1 32 0
95 2 0
178 172 0
92 11 0
178 133 0
158 0 0
95 8 0
84 1 0
81 6 0
153 176 0
2 67 0
100 5 0
177 105 0
3 0 0
0 165 0
73 0 0
178 23 0
31 177 0
74 0 0
177 0 0
96 3 0
0 102 0
178 120 0
178 74 0
88 0 0
83 4 0
1 48 0
97 1 0
178 85 0
97 8 0
176 54 0
96 9 0
55 1 0
76 14 0
75 15 0
178 110 0
77 8 0
138 178 0
99 6 0
153 1 0
3 1 0
108 1 0
135 178 0
1 56 0
19 0 0
159 176 0
2 5 0
74 13 0
0 139 0
23 0 0
177 125 0
177 43 0
60 0 0
178 83 0
97 9 0
120 178 0
76 7 0
178 154 0
100 6 0
159 0 0
96 10 0
98 2 0
0 126 0
83 11 0
1 17 0
41 1 0
101 1 0
2 37 0
74 6 0
68 7 0
129 0 0
94 9 0
81 16 0
178 170 0
80 8 0
34 0 0
96 1 0
59 0 0
102 4 0
163 178 0
76 0 0
52 1 0
98 8 0
70 2 0
45 0 0
2 56 0
178 131 0
86 2 0
177 17 0
46 178 0
103 3 0
0 83 0
102 2 0
81 7 0
0 57 0
73 5 0
91 12 0
118 0 0
70 9 0
63 177 0
88 11 0
82 6 0
99 7 0
2 71 0
101 5 0
80 16 0
71 1 0
173 178 0
0 46 0
84 13 0
178 75 0
99 2 0
177 39 0
69 177 0
90 7 0
177 4 0
6 177 0
1 113 0
153 175 0
83 5 0
88 7 0
145 177 0
0 56 0
71 3 0
109 178 0
98 9 0
101 177 0
66 0 0
84 4 0
95 3 0
71 9 0
104 3 0
178 1 0
178 21 0
43 0 0
5 0 0
85 3 0
115 178 0
85 12 0
99 8 0
100 7 0
79 9 0
178 81 0
93 4 0
178 26 0
10 178 0
83 14 0
76 8 0
178 102 0
1 95 0
178 78 0
75 2 0
170 178 0
92 1 0
68 178 0
177 96 0
178 60 0
90 13 0
1 69 0
1 45 0
93 10 0
177 20 0
85 1 0
101 6 0
171 1 0
159 177 0
82 13 0
82 12 0
96 2 0
123 0 0
78 10 0
75 7 0
1 105 0
72 4 0
146 0 0
113 0 0
144 0 0
65 1 0
77 9 0
83 6 0
81 178 0
87 2 0
87 8 0
87 10 0
178 4 0
77 177 0
177 129 0
152 1 0
67 0 0
102 1 0
102 5 0
177 42 0
178 137 0
73 12 0
7 178 0
23 178 0
103 4 0
57 1 0
56 0 0
178 12 0
127 1 0
0 74 0
101 178 0
109 1 0
3 67 0
89 7 0
127 178 0
94 5 0
82 7 0
97 10 0
76 16 0
72 5 0
64 177 0
128 1 0
170 0 0
0 169 0
178 96 0
21 1 0
0 10 0
89 12 0
87 13 0
91 13 0
178 15 0
64 2 0
176 53 0
177 90 0
64 3 0
0 28 0
65 3 0
103 2 0
0 32 0
71 4 0
62 178 0
96 11 0
73 6 0
2 152 0
0 63 0
178 147 0
69 2 0
1 55 0
1 70 0
177 147 0
178 177 0
70 1 0
66 5 0
160 177 0
75 8 0
2 66 0
85 4 0
84 11 0
0 6 0
41 176 0
178 145 0
79 10 0
1 34 0
178 2 0
80 9 0
96 5 0
84 5 0
78 11 0
91 177 0
85 13 0
70 3 0
86 1 0
1 130 0
0 142 0
178 129 0
72 11 0
177 124 0
95 1 0
83 13 0
158 178 0
20 178 0
178 43 0
177 158 0
94 10 0
0 159 0
178 30 0
71 10 0
76 9 0
123 1 0
86 3 0
122 0 0
95 10 0
138 0 0
0 71 0
76 178 0
178 162 0
93 1 0
1 94 0
101 7 0
87 12 0
76 15 0
157 2 0
105 3 0
133 0 0
125 178 0
34 178 0
1 0 0
79 178 0
90 14 0
157 177 0
81 8 0
41 0 0
71 11 0
123 178 0
155 177 0
1 44 0
0 109 0
77 10 0
75 1 0
178 112 0
178 36 0
144 176 0
99 0 0
159 178 0
178 125 0
1 92 0
74 7 0
51 1 0
0 77 0
178 50 0
62 1 0
146 177 0
178 158 0
178 140 0
169 178 0
43 178 0
82 8 0
69 3 0
178 29 0
81 9 0
77 11 0
72 6 0
151 177 0
95 5 0
70 178 0
75 3 0
70 8 0
35 1 0
109 0 0
79 11 0
1 29 0
100 8 0
1 22 0
0 145 0
169 0 0
0 15 0
80 15 0
50 178 0
178 132 0
0 111 0
178 103 0
103 5 0
4 178 0
177 148 0
171 178 0
0 62 0
178 166 0
178 155 0
177 128 0
0 93 0
148 178 0
0 48 0
97 11 0
96 8 0
178 94 0
70 10 0
67 5 0
177 174 0
178 116 0
21 0 0
49 0 0
83 7 0
0 78 0
98 10 0
2 22 0
18 178 0
76 2 0
89 178 0
177 54 0
178 114 0
178 38 0
102 6 0
76 10 0
11 0 0
64 178 0
149 178 0
178 19 0
0 148 0
96 12 0
177 41 0
85 9 0
68 2 0
141 1 0
0 95 0
0 141 0
62 177 0
157 0 0
7 0 0
0 61 0
0 147 0
4 113 0
104 2 0
86 4 0
1 76 0
92 0 0
65 0 0
31 178 0
55 0 0
177 78 0
166 178 0
171 0 0
178 139 0
0 128 0
77 178 0
178 76 0
87 178 0
0 105 0
178 175 0
0 156 0
178 113 0
157 178 0
24 0 0
126 178 0
158 1 0
36 178 0
110 1 0
1 111 0
126 0 0
78 12 0
86 10 0
177 113 0
104 4 0
93 3 0
163 0 0
0 153 0
178 100 0
0 170 0
0 162 0
178 167 0
99 9 0
0 54 0
178 93 0
72 177 0
0 69 0
42 0 0
178 46 0
177 46 0
82 14 0
92 12 0
144 2 0
103 1 0
95 11 0
177 70 0
77 0 0
173 0 0
150 1 0
78 0 0
87 1 0
177 115 0
93 2 0
83 177 0
0 59 0
71 5 0
68 0 0
108 4 0
0 173 0
53 1 0
83 178 0
100 9 0
84 6 0
70 0 0
112 178 0
178 64 0
73 177 0
0 19 0
99 10 0
0 84 0
165 177 0
177 60 0
95 12 0
69 1 0
97 12 0
9 178 0
117 177 0
29 178 0
41 177 0
100 2 0
108 177 0
6 178 0
85 5 0
101 8 0
131 178 0
178 134 0
0 172 0
116 178 0
87 11 0
168 1 0
0 58 0
168 0 0
34 2 0
61 1 0
143 1 0
178 169 0
178 160 0
26 178 0
94 11 0
132 178 0
1 172 0
108 178 0
178 156 0
0 120 0
147 177 0
104 5 0
106 0 0
87 3 0
174 178 0
178 130 0
178 115 0
178 8 0
51 0 0
178 80 0
40 178 0
177 56 0
75 9 0
140 178 0
30 177 0
177 55 0
135 177 0
0 86 0
88 2 0
72 12 0
158 177 0
41 178 0
178 92 0
53 0 0
178 25 0
119 1 0
68 177 0
70 4 0
74 8 0
96 13 0
73 7 0
94 4 0
1 6 0
21 177 0
75 14 0
178 136 0
0 4 0
12 0 0
91 178 0
105 2 0
80 10 0
168 177 0
177 104 0
1 52 0
68 3 0
83 8 0
0 52 0
145 178 0
73 178 0
168 178 0
33 178 0
177 108 0
69 7 0
178 108 0
177 103 0
0 25 0
78 13 0
102 7 0
73 8 0
82 178 0
69 178 0
48 0 0
2 69 0
0 115 0
44 0 0
0 60 0
0 137 0
178 146 0
104 1 0
28 178 0
0 98 0
178 10 0
108 0 0
17 178 0
83 12 0
0 163 0
81 10 0
178 84 0
177 62 0
2 45 0
4 1 0
0 166 0
0 45 0
30 178 0
178 62 0
137 0 0
178 159 0
97 7 0
29 177 0
176 178 0
178 82 0
116 0 0
0 39 0
144 177 0
0 14 0
96 6 0
98 1 0
144 178 0
177 10 0
58 1 0
30 0 0
0 3 0
120 0 0
2 113 0
138 177 0
87 0 0
178 45 0
80 1 0
0 21 0
178 68 0
103 6 0
84 178 0
3 69 0
65 177 0
178 174 0
72 0 0
25 177 0
59 1 0
0 138 0
28 0 0
68 1 0
25 178 0
1 124 0
52 178 0
177 173 0
118 178 0
115 0 0
174 177 0
51 178 0
93 11 0
105 7 0
0 104 0
96 0 0
154 0 0
0 92 0
178 135 0
118 177 0
67 178 0
87 4 0
106 178 0
178 99 0
42 178 0
0 99 0
105 4 0
8 0 0
142 0 0
80 11 0
0 65 0
0 155 0
178 27 0
152 176 0
0 106 0
95 9 0
0 67 0
178 122 0
178 106 0
12 178 0
96 178 0
177 137 0
1 135 0
114 178 0
69 4 0
0 135 0
178 176 0
178 128 0
97 3 0
106 3 0
1 71 0
178 127 0
112 0 0
178 123 0
88 3 0
71 6 0
144 1 0
2 70 0
70 5 0
0 164 0
143 0 0
0 103 0
160 0 0
91 0 0
58 178 0
98 11 0
101 9 0
1 73 0
86 12 0
0 133 0
1 156 0
178 39 0
77 12 0
178 9 0
73 176 0
96 14 0
0 47 0
0 134 0
0 37 0
99 11 0
103 0 0
37 178 0
116 1 0
85 6 0
61 178 0
150 0 0
85 11 0
78 3 0
0 101 0
151 1 0
0 13 0
178 57 0
178 11 0
105 5 0
75 10 0
2 171 0
0 171 0
98 12 0
43 177 0
111 178 0
0 124 0
67 2 0
77 15 0
0 17 0
97 0 0
82 9 0
72 178 0
0 130 0
178 87 0
47 178 0
89 2 0
132 0 0
178 34 0
79 3 0
76 11 0
86 5 0
0 8 0
79 2 0
2 108 0
96 4 0
77 2 0
84 7 0
74 9 0
53 178 0
106 4 0
95 13 0
177 153 0
103 7 0
72 7 0
80 14 0
100 10 0
67 6 0
65 4 0
107 3 0
82 15 0
105 1 0
81 0 0
94 12 0
79 12 0
104 6 0
177 136 0
88 1 0
73 9 0
75 11 0
84 12 0
177 8 0
102 8 0
77 13 0
74 10 0
88 4 0
84 8 0
124 178 0
89 3 0
71 7 0
97 13 0
75 13 0
78 14 0
89 13 0
88 12 0
70 6 0
72 8 0
106 2 0
94 1 0
85 7 0
93 12 0
74 12 0
64 1 0
108 2 0
0 11 0
87 5 0
89 1 0
90 2 0
1 93 0
86 6 0
162 178 0
95 14 0
81 14 0
2 17 0
152 0 0
111 0 0
79 13 0
106 5 0
102 9 0
69 5 0
83 9 0
82 10 0
78 16 0
76 12 0
107 4 0
165 178 0
63 1 0
67 1 0
178 56 0
68 4 0
66 2 0
67 3 0
68 6 0
91 1 0
81 11 0
2 92 0
80 12 0
96 15 0
86 11 0
0 177 0
103 8 0
74 11 0
84 10 0
75 12 0
27 0 0
105 6 0
107 2 0
108 3 0
65 2 0
80 13 0
77 14 0
104 7 0
97 14 0
101 10 0
68 5 0
105 0 0
85 8 0
82 11 0
106 1 0
89 4 0
100 11 0
94 13 0
67 4 0
99 12 0
2 28 0
78 15 0
88 5 0
66 1 0
84 9 0
69 6 0
98 13 0
178 41 0
93 13 0
70 7 0
76 13 0
91 2 0
178 28 0
0 5 0
98 14 0
107 1 0
15 0 0
95 15 0
72 9 0
100 1 0
86 7 0
90 1 0
66 3 0
79 14 0
118 2 0
83 10 0
94 3 0
146 1 0
81 12 0
71 8 0
161 0 0
73 10 0
90 3 0
87 6 0
102 177 0
103 9 0
116 177 0
100 12 0
73 11 0
107 5 0
66 4 0
0 117 0
96 16 0
106 6 0
178 44 0
79 15 0
102 10 0
79 16 0
149 0 0
81 13 0
92 2 0
2 124 0
94 14 0
89 5 0
177 172 0
109 3 0
178 163 0
81 1 0
104 8 0
87 7 0
0 100 0
100 178 0
99 178 0
178 98 0
98 178 0
178 97 0
95 178 0
0 97 0
178 95 0
94 178 0
0 96 0
93 178 0
88 178 0
90 178 0
178 89 0
0 91 0
178 88 0
178 86 0
0 85 0
0 82 0
0 81 0
178 79 0
0 80 0
178 77 0
0 75 0
178 72 0
178 71 0
178 66 0
178 65 0
178 63 0
178 61 0
178 59 0
178 58 0
0 55 0
0 53 0
178 53 0
178 52 0
178 51 0
0 51 0
0 50 0
178 49 0
0 49 0
178 48 0
178 47 0
0 43 0
0 41 0
178 37 0
178 35 0
0 35 0
178 33 0
178 32 0
0 33 0
178 31 0
0 31 0
0 30 0
0 29 0
0 26 0
0 24 0
178 24 0
178 22 0
178 18 0
178 16 0
0 18 0
0 16 0
0 1 0
178 14 0
176 0 0
2 0 0
84 0 0
85 0 0
0 2 0
0 127 0
141 178 0
0 143 0
57 178 0
0 68 0
178 157 0
0 146 0
0 114 0
35 178 0
178 5 0
54 178 0
0 7 0
0 158 0
178 117 0
0 9 0
178 67 0
60 178 0
175 0 0
11 178 0
178 3 0
4 0 0
0 154 0
6 0 0
172 0 0
178 142 0
45 178 0
167 0 0
166 0 0
10 0 0
155 178 0
56 178 0
0 125 0
14 0 0
128 178 0
164 0 0
122 178 0
17 0 0
18 0 0
20 0 0
22 0 0
178 111 0
27 178 0
25 0 0
0 160 0
151 178 0
26 0 0
121 178 0
137 178 0
31 0 0
151 0 0
32 0 0
0 144 0
148 0 0
33 0 0
35 0 0
19 178 0
0 123 0
147 0 0
0 175 0
36 0 0
107 178 0
145 0 0
178 144 0
160 178 0
0 168 0
113 178 0
71 178 0
178 152 0
141 0 0
140 0 0
0 110 0
150 178 0
0 119 0
139 0 0
79 0 0
55 178 0
178 150 0
178 141 0
135 0 0
178 124 0
178 105 0
178 171 0
75 0 0
37 0 0
0 129 0
38 0 0
0 131 0
178 168 0
39 0 0
46 0 0
0 174 0
131 0 0
0 140 0
130 0 0
32 178 0
47 0 0
38 178 0
178 126 0
167 178 0
129 178 0
50 0 0
13 178 0
119 178 0
44 178 0
75 178 0
58 0 0
125 0 0
178 161 0
61 0 0
105 178 0
124 0 0
121 0 0
8 178 0
175 178 0
119 0 0
172 178 0
117 0 0
178 121 0
130 178 0
114 0 0
0 150 0
147 178 0
63 0 0
59 178 0
80 0 0
0 161 0
133 178 0
178 119 0
178 118 0
110 0 0
101 0 0
0 118 0
100 0 0
90 0 0
69 0 0
66 178 0
104 178 0
89 0 0
80 178 0
95 0 0
0 107 0
178 107 0
103 178 0
86 0 0
low, high, current -1 -1 8
Confirming Router Algorithm: TIMING_DRIVEN.
T_crit: 7.233e-08.
T_crit: 7.22266e-08.
T_crit: 7.20198e-08.
T_crit: 7.20227e-08.
T_crit: 7.20227e-08.
T_crit: 7.20227e-08.
T_crit: 7.20227e-08.
T_crit: 7.20198e-08.
T_crit: 7.20198e-08.
T_crit: 7.20198e-08.
T_crit: 7.20198e-08.
T_crit: 7.20198e-08.
T_crit: 7.22291e-08.
T_crit: 7.22291e-08.
T_crit: 7.22291e-08.
T_crit: 7.20198e-08.
T_crit: 7.20198e-08.
T_crit: 7.20198e-08.
T_crit: 7.20198e-08.
T_crit: 7.20198e-08.
T_crit: 7.20198e-08.
T_crit: 7.21244e-08.
T_crit: 7.21244e-08.
T_crit: 7.21244e-08.
T_crit: 7.2134e-08.
T_crit: 7.25513e-08.
T_crit: 7.25513e-08.
T_crit: 7.27568e-08.
T_crit: 7.33752e-08.
T_crit: 7.36841e-08.
T_crit: 7.32572e-08.
T_crit: 7.306e-08.
T_crit: 7.28602e-08.
T_crit: 7.3275e-08.
T_crit: 7.31703e-08.
T_crit: 7.33784e-08.
T_crit: 7.3483e-08.
T_crit: 7.34843e-08.
T_crit: 7.3275e-08.
T_crit: 7.31703e-08.
T_crit: 7.29623e-08.
T_crit: 7.28589e-08.
T_crit: 7.28589e-08.
T_crit: 7.27555e-08.
T_crit: 7.29623e-08.
T_crit: 7.29623e-08.
T_crit: 7.32655e-08.
T_crit: 7.29636e-08.
T_crit: 7.29636e-08.
T_crit: 7.29636e-08.
Routing failed.
low, high, current 8 -1 16
Confirming Router Algorithm: TIMING_DRIVEN.
T_crit: 7.22266e-08.
T_crit: 7.22266e-08.
T_crit: 7.21232e-08.
T_crit: 7.21232e-08.
T_crit: 7.22295e-08.
T_crit: 7.22295e-08.
T_crit: 7.233e-08.
T_crit: 7.22295e-08.
T_crit: 7.22266e-08.
T_crit: 7.22266e-08.
T_crit: 7.22266e-08.
T_crit: 7.22266e-08.
T_crit: 7.22266e-08.
T_crit: 7.22266e-08.
T_crit: 7.22266e-08.
T_crit: 7.22266e-08.
T_crit: 7.22266e-08.
T_crit: 7.22266e-08.
T_crit: 7.25405e-08.
T_crit: 7.26452e-08.
T_crit: 7.27498e-08.
T_crit: 7.27498e-08.
T_crit: 7.26452e-08.
T_crit: 7.26452e-08.
T_crit: 7.26452e-08.
T_crit: 7.26452e-08.
T_crit: 7.26452e-08.
T_crit: 7.23299e-08.
T_crit: 7.27485e-08.
T_crit: 7.32718e-08.
T_crit: 7.32718e-08.
T_crit: 7.35862e-08.
T_crit: 7.26439e-08.
T_crit: 7.28412e-08.
T_crit: 7.28507e-08.
T_crit: 7.29541e-08.
T_crit: 7.40126e-08.
T_crit: 7.30695e-08.
T_crit: 7.32801e-08.
T_crit: 7.34881e-08.
T_crit: 7.4005e-08.
T_crit: 7.36898e-08.
T_crit: 7.33689e-08.
T_crit: 7.35744e-08.
T_crit: 7.34685e-08.
T_crit: 7.42131e-08.
T_crit: 7.3601e-08.
T_crit: 7.34881e-08.
T_crit: 7.33847e-08.
T_crit: 7.43164e-08.
Routing failed.
low, high, current 16 -1 32
Confirming Router Algorithm: TIMING_DRIVEN.
T_crit: 7.22266e-08.
T_crit: 7.22266e-08.
T_crit: 7.24333e-08.
T_crit: 7.233e-08.
T_crit: 7.22266e-08.
T_crit: 7.21232e-08.
T_crit: 7.21232e-08.
T_crit: 7.21232e-08.
T_crit: 7.21232e-08.
T_crit: 7.21232e-08.
T_crit: 7.21232e-08.
T_crit: 7.21232e-08.
T_crit: 7.21232e-08.
T_crit: 7.21232e-08.
T_crit: 7.21232e-08.
Successfully routed after 16 routing iterations.
Completed net delay value cross check successfully.
low, high, current 16 32 24
Confirming Router Algorithm: TIMING_DRIVEN.
T_crit: 7.22266e-08.
T_crit: 7.22266e-08.
T_crit: 7.21232e-08.
T_crit: 7.22266e-08.
T_crit: 7.21261e-08.
T_crit: 7.21261e-08.
T_crit: 7.22266e-08.
T_crit: 7.21261e-08.
T_crit: 7.22266e-08.
T_crit: 7.22266e-08.
T_crit: 7.22266e-08.
T_crit: 7.22266e-08.
T_crit: 7.22266e-08.
T_crit: 7.22266e-08.
T_crit: 7.22266e-08.
T_crit: 7.22266e-08.
T_crit: 7.22266e-08.
T_crit: 7.22266e-08.
T_crit: 7.22266e-08.
T_crit: 7.22266e-08.
T_crit: 7.22266e-08.
T_crit: 7.22266e-08.
T_crit: 7.22266e-08.
T_crit: 7.22266e-08.
T_crit: 7.22266e-08.
T_crit: 7.22266e-08.
T_crit: 7.22266e-08.
T_crit: 7.22266e-08.
T_crit: 7.22266e-08.
T_crit: 7.22266e-08.
T_crit: 7.22266e-08.
T_crit: 7.22266e-08.
T_crit: 7.22266e-08.
T_crit: 7.22266e-08.
T_crit: 7.22266e-08.
T_crit: 7.22266e-08.
T_crit: 7.22266e-08.
Successfully routed after 38 routing iterations.
Completed net delay value cross check successfully.
low, high, current 16 24 20
Confirming Router Algorithm: TIMING_DRIVEN.
T_crit: 7.24479e-08.
T_crit: 7.24258e-08.
T_crit: 7.22675e-08.
T_crit: 7.25643e-08.
T_crit: 7.23887e-08.
T_crit: 7.20785e-08.
T_crit: 7.20607e-08.
T_crit: 7.21641e-08.
T_crit: 7.21641e-08.
T_crit: 7.20637e-08.
T_crit: 7.20637e-08.
T_crit: 7.20637e-08.
T_crit: 7.20637e-08.
T_crit: 7.20637e-08.
T_crit: 7.2062e-08.
T_crit: 7.2062e-08.
T_crit: 7.2062e-08.
T_crit: 7.2062e-08.
T_crit: 7.2062e-08.
T_crit: 7.2062e-08.
T_crit: 7.2062e-08.
T_crit: 7.2062e-08.
T_crit: 7.2062e-08.
T_crit: 7.2062e-08.
T_crit: 7.2062e-08.
T_crit: 7.2062e-08.
T_crit: 7.2062e-08.
T_crit: 7.21666e-08.
T_crit: 7.27958e-08.
T_crit: 7.2797e-08.
T_crit: 7.2797e-08.
T_crit: 7.2797e-08.
T_crit: 7.2797e-08.
T_crit: 7.2797e-08.
T_crit: 7.2797e-08.
T_crit: 7.2797e-08.
T_crit: 7.2797e-08.
T_crit: 7.2797e-08.
T_crit: 7.32144e-08.
T_crit: 7.31097e-08.
T_crit: 7.36279e-08.
T_crit: 7.33152e-08.
T_crit: 7.33152e-08.
T_crit: 7.34211e-08.
T_crit: 7.34199e-08.
T_crit: 7.28941e-08.
T_crit: 7.3522e-08.
T_crit: 7.3522e-08.
T_crit: 7.3522e-08.
T_crit: 7.31047e-08.
Routing failed.
low, high, current 20 24 22
Confirming Router Algorithm: TIMING_DRIVEN.
T_crit: 7.24327e-08.
T_crit: 7.23159e-08.
T_crit: 7.25707e-08.
T_crit: 7.24283e-08.
T_crit: 7.23139e-08.
T_crit: 7.24169e-08.
T_crit: 7.24181e-08.
T_crit: 7.24169e-08.
T_crit: 7.24169e-08.
T_crit: 7.24283e-08.
T_crit: 7.2427e-08.
T_crit: 7.2427e-08.
T_crit: 7.24258e-08.
T_crit: 7.2427e-08.
T_crit: 7.2427e-08.
T_crit: 7.2427e-08.
T_crit: 7.2427e-08.
T_crit: 7.2427e-08.
T_crit: 7.2427e-08.
T_crit: 7.2427e-08.
T_crit: 7.2427e-08.
T_crit: 7.2427e-08.
T_crit: 7.2427e-08.
T_crit: 7.24296e-08.
T_crit: 7.26363e-08.
T_crit: 7.25329e-08.
T_crit: 7.25342e-08.
T_crit: 7.25342e-08.
T_crit: 7.25342e-08.
T_crit: 7.25342e-08.
T_crit: 7.25342e-08.
T_crit: 7.25342e-08.
T_crit: 7.25342e-08.
T_crit: 7.25342e-08.
T_crit: 7.25342e-08.
T_crit: 7.25342e-08.
T_crit: 7.25342e-08.
T_crit: 7.25342e-08.
T_crit: 7.25342e-08.
T_crit: 7.25342e-08.
T_crit: 7.25342e-08.
T_crit: 7.25342e-08.
T_crit: 7.25329e-08.
T_crit: 7.25329e-08.
T_crit: 7.25329e-08.
T_crit: 7.25329e-08.
T_crit: 7.25329e-08.
T_crit: 7.25329e-08.
T_crit: 7.25329e-08.
T_crit: 7.25329e-08.
Routing failed.

Checking to ensure routing is legal ...
Completed routing consistency check successfully.

Serial number (magic cookie) for the routing is: 1612943355
Best routing used a channel width factor of 24.


Average number of bends per net: 7.13349  Maximum # of bends: 145


The number of routed nets (nonglobal): 1251
Wirelength results (all in units of 1 clb segments):
	Total wirelength: 164234   Average net length: 131.282
	Maximum net length: 691

Wirelength results in terms of physical segments:
	Total wiring segments used: 82442   Av. wire segments per net: 65.9009
	Maximum segments used by a net: 347


X - Directed channels:

j	max occ	av_occ		capacity
0	22	12.8927  	24
1	24	12.0169  	24
2	24	10.4181  	24
3	23	12.4294  	24
4	24	10.3616  	24
5	23	10.2938  	24
6	24	7.98870  	24
7	24	7.90395  	24
8	24	5.61582  	24
9	24	7.57627  	24
10	22	7.54802  	24
11	24	8.45763  	24
12	24	7.66102  	24
13	24	8.24859  	24
14	22	6.30508  	24
15	24	5.51977  	24
16	24	8.36723  	24
17	24	6.98305  	24
18	21	5.44068  	24
19	23	4.10734  	24
20	18	4.84746  	24
21	15	2.72316  	24
22	7	2.89266  	24
23	3	0.593220 	24
24	5	2.35593  	24
25	4	2.29944  	24
26	2	0.440678 	24
27	7	1.69492  	24
28	3	1.83616  	24
29	4	1.58757  	24
30	3	1.06215  	24
31	4	1.06215  	24
32	3	1.37853  	24
33	3	0.451977 	24
34	1	0.564972 	24
35	3	0.519774 	24
36	5	3.38983  	24
37	3	1.33898  	24
38	4	1.93785  	24
39	2	1.37853  	24
40	5	1.29379  	24
41	4	0.491525 	24
42	5	0.785311 	24
43	4	2.05085  	24
44	5	1.41243  	24
45	6	2.46893  	24
46	3	0.0508475	24
47	2	0.491525 	24
48	2	1.23164  	24
49	2	1.33333  	24
50	1	0.858757 	24
51	6	2.81921  	24
52	7	1.83616  	24
53	6	2.58192  	24
54	10	2.83051  	24
55	7	3.11299  	24
56	8	5.87006  	24
57	7	1.53672  	24
58	3	1.86441  	24
59	4	0.610169 	24
60	6	1.74576  	24
61	8	2.26554  	24
62	6	1.54237  	24
63	3	1.10169  	24
64	2	0.0790960	24
65	6	0.740113 	24
66	10	2.40113  	24
67	7	5.43503  	24
68	10	1.79096  	24
69	8	2.96610  	24
70	9	2.22599  	24
71	4	2.74011  	24
72	7	1.79096  	24
73	6	4.16384  	24
74	4	2.99435  	24
75	4	1.92090  	24
76	3	0.774011 	24
77	6	2.36158  	24
78	3	2.28249  	24
79	1	0.497175 	24
80	3	0.542373 	24
81	3	0.474576 	24
82	2	1.15254  	24
83	1	0.0112994	24
84	2	0.915254 	24
85	3	0.700565 	24
86	3	0.700565 	24
87	8	3.41243  	24
88	5	3.78531  	24
89	5	2.02260  	24
90	3	1.16384  	24
91	7	1.10734  	24
92	10	0.610169 	24
93	5	1.71751  	24
94	7	2.73446  	24
95	7	4.93785  	24
96	4	0.711864 	24
97	3	1.72316  	24
98	3	0.621469 	24
99	4	2.36158  	24
100	2	0.429379 	24
101	3	1.63842  	24
102	1	0.0282486	24
103	5	1.04520  	24
104	6	3.80226  	24
105	6	1.27684  	24
106	5	1.31638  	24
107	9	5.79661  	24
108	2	0.293785 	24
109	2	0.0508475	24
110	5	3.09040  	24
111	4	1.52542  	24
112	8	3.29944  	24
113	6	3.87006  	24
114	5	1.97175  	24
115	4	0.632768 	24
116	2	0.305085 	24
117	2	0.977401 	24
118	3	1.72881  	24
119	2	1.46328  	24
120	0	0.00000  	24
121	2	1.06215  	24
122	2	0.966102 	24
123	10	1.84181  	24
124	7	2.71751  	24
125	4	1.92090  	24
126	5	3.87006  	24
127	4	2.00000  	24
128	6	2.93220  	24
129	4	1.98305  	24
130	2	0.610169 	24
131	1	0.0225989	24
132	2	1.01695  	24
133	2	0.903955 	24
134	4	1.07910  	24
135	3	2.62147  	24
136	2	1.67797  	24
137	5	3.66667  	24
138	4	1.01130  	24
139	2	1.11864  	24
140	2	0.463277 	24
141	1	0.0338983	24
142	1	0.0225989	24
143	1	0.915254 	24
144	2	0.0169492	24
145	3	1.48023  	24
146	4	0.118644 	24
147	7	0.536723 	24
148	4	1.16384  	24
149	1	0.0112994	24
150	5	0.0621469	24
151	5	0.796610 	24
152	3	0.649718 	24
153	4	2.01695  	24
154	5	0.514124 	24
155	4	0.706215 	24
156	7	3.12429  	24
157	5	3.35593  	24
158	5	1.76271  	24
159	2	0.983051 	24
160	2	0.655367 	24
161	0	0.00000  	24
162	3	1.56497  	24
163	6	3.64972  	24
164	2	0.598870 	24
165	0	0.00000  	24
166	2	0.0225989	24
167	2	0.0508475	24
168	2	1.00565  	24
169	2	0.163842 	24
170	4	0.0790960	24
171	7	3.53107  	24
172	11	5.57062  	24
173	12	6.44633  	24
174	13	7.93220  	24
175	21	11.5989  	24
176	18	11.9548  	24
177	17	12.7175  	24

Y - Directed channels:

i	max occ	av_occ		capacity
0	18	11.8192  	24
1	19	10.6893  	24
2	17	12.2429  	24
3	17	8.64407  	24
4	16	8.58757  	24
5	7	4.02260  	24
6	7	4.53672  	24
7	2	1.56497  	24
8	3	1.92090  	24
9	1	0.988701 	24
10	1	0.858757 	24
11	2	0.937853 	24
12	1	0.0451977	24
13	2	1.00565  	24
14	2	1.00565  	24
15	3	0.627119 	24
16	1	0.971751 	24
17	2	0.0112994	24
18	2	0.0169492	24
19	2	0.265537 	24
20	5	2.51977  	24
21	3	1.23729  	24
22	3	0.723164 	24
23	5	2.84746  	24
24	3	1.45763  	24
25	2	1.88701  	24
26	2	1.02825  	24
27	4	1.45763  	24
28	4	1.05085  	24
29	4	0.954802 	24
30	3	0.0395480	24
31	1	0.988701 	24
32	4	2.00565  	24
33	7	0.101695 	24
34	7	2.58757  	24
35	3	0.0734463	24
36	2	1.02260  	24
37	1	0.0395480	24
38	5	1.00000  	24
39	4	1.89266  	24
40	5	1.88136  	24
41	6	3.37853  	24
42	5	2.02825  	24
43	3	0.0734463	24
44	5	1.57062  	24
45	2	1.35028  	24
46	3	1.88136  	24
47	2	0.485876 	24
48	5	2.53107  	24
49	5	2.15819  	24
50	1	0.909605 	24
51	4	3.47458  	24
52	5	1.35028  	24
53	3	0.531073 	24
54	2	1.01695  	24
55	3	1.22599  	24
56	4	1.05650  	24
57	7	0.158192 	24
58	4	1.11864  	24
59	6	0.480226 	24
60	7	1.22034  	24
61	7	2.58192  	24
62	6	2.67797  	24
63	9	1.51412  	24
64	12	3.07345  	24
65	16	3.95480  	24
66	20	4.28814  	24
67	19	4.32768  	24
68	20	5.22034  	24
69	19	3.38418  	24
70	21	4.61017  	24
71	22	5.89266  	24
72	21	8.71186  	24
73	22	5.80791  	24
74	20	5.51412  	24
75	23	4.72881  	24
76	20	3.91525  	24
77	22	4.17514  	24
78	21	4.62147  	24
79	21	4.11299  	24
80	21	4.25424  	24
81	21	6.44633  	24
82	21	5.88136  	24
83	21	6.96610  	24
84	22	4.97175  	24
85	23	1.91525  	24
86	21	3.55932  	24
87	21	5.41243  	24
88	21	3.10169  	24
89	20	5.44633  	24
90	19	3.46893  	24
91	21	4.80226  	24
92	19	3.41243  	24
93	22	4.31638  	24
94	17	5.36158  	24
95	16	6.70056  	24
96	20	4.16949  	24
97	16	5.84746  	24
98	17	6.56497  	24
99	15	2.34463  	24
100	13	4.13559  	24
101	19	5.62147  	24
102	13	4.48588  	24
103	12	3.34463  	24
104	13	3.92090  	24
105	11	3.12429  	24
106	13	3.09040  	24
107	9	2.31073  	24
108	9	0.774011 	24
109	5	3.02825  	24
110	7	1.92655  	24
111	5	0.282486 	24
112	6	3.85311  	24
113	5	1.08475  	24
114	4	1.74011  	24
115	5	1.54237  	24
116	5	1.55367  	24
117	4	1.53672  	24
118	7	2.49718  	24
119	7	1.33333  	24
120	4	1.12429  	24
121	3	0.0564972	24
122	3	0.689266 	24
123	4	1.98870  	24
124	4	1.03955  	24
125	1	0.994350 	24
126	5	2.29379  	24
127	4	0.491525 	24
128	3	0.350282 	24
129	4	1.48588  	24
130	3	1.23164  	24
131	3	0.0338983	24
132	1	0.0169492	24
133	3	0.0790960	24
134	3	0.480226 	24
135	3	0.220339 	24
136	3	0.203390 	24
137	3	2.41243  	24
138	2	0.0395480	24
139	2	0.163842 	24
140	6	0.209040 	24
141	7	3.80791  	24
142	4	1.07910  	24
143	7	1.90960  	24
144	7	2.44068  	24
145	4	0.774011 	24
146	7	2.47458  	24
147	4	3.12994  	24
148	4	0.112994 	24
149	4	2.05650  	24
150	6	0.841808 	24
151	6	2.02260  	24
152	8	0.548023 	24
153	6	1.24859  	24
154	6	0.485876 	24
155	4	2.40678  	24
156	5	2.66667  	24
157	6	2.41808  	24
158	7	0.728814 	24
159	5	1.75141  	24
160	3	1.57062  	24
161	2	0.0508475	24
162	1	0.932203 	24
163	2	0.887006 	24
164	1	0.994350 	24
165	2	0.0338983	24
166	3	1.50282  	24
167	2	0.248588 	24
168	3	1.27684  	24
169	4	2.64407  	24
170	4	1.26554  	24
171	5	2.05650  	24
172	6	3.34463  	24
173	10	4.97175  	24
174	11	6.56497  	24
175	18	11.0791  	24
176	20	10.3503  	24
177	19	11.7006  	24

Total Tracks in X-direction: 4272  in Y-direction: 4272

Logic Area (in minimum width transistor areas):
Total Logic Area: 9.3987e+08  Per 1x1 logic tile: 30000

Routing area (in minimum width transistor areas):
Total Routing Area: 9.61411e+07  Per logic tile: 3068.76

Segment usage by type (index):
Segment type       Fractional utilization
------------       ----------------------
       0                  0.108

Segment usage by length:
Segment length       Fractional utilization
--------------       ----------------------
        2                   0.108

Critical Path: 7.22266e-08 (s)

Time elapsed (PLACE&ROUTE): 21662951.836000 ms


Time elapsed (Fernando): 21662951.852000 ms

