
VPR FPGA Placement and Routing.
Version: Version 5.0.2
Compiled: Dec 11 2020.
Original VPR by V. Betz.
Timing-driven placement enhancements by A. Marquardt.
Single-drivers enhancements by Andy Ye with additions by.
Mark Fang, Jason Luu, Ted Campbell
Heterogeneous stucture support by Jason Luu and Ted Campbell.
This code is licensed only for non-commercial use.

Auto-sizing FPGA, try x = 38 y = 38
Auto-sizing FPGA, try x = 76 y = 76
Auto-sizing FPGA, try x = 152 y = 152
Auto-sizing FPGA, try x = 304 y = 304
Auto-sizing FPGA, try x = 152 y = 152
Auto-sizing FPGA, try x = 228 y = 228
Auto-sizing FPGA, try x = 190 y = 190
Auto-sizing FPGA, try x = 171 y = 171
Auto-sizing FPGA, try x = 180 y = 180
Auto-sizing FPGA, try x = 175 y = 175
Auto-sizing FPGA, try x = 177 y = 177
Auto-sizing FPGA, try x = 176 y = 176
Auto-sizing FPGA, try x = 176 y = 176
FPGA auto-sized to, x = 177 y = 177

Resource Usage:
Netlist      0	blocks of type <EMPTY>
Architecture 4	blocks of type <EMPTY>
Netlist      705	blocks of type .io
Architecture 708	blocks of type .io
Netlist      762	blocks of type .clb
Architecture 31329	blocks of type .clb

Timing analysis: ON

Operation:  ROUTE_ONLY

PlacerOpts.place_freq:  PLACE_NEVER

RouterOpts.route_type:  DETAILED
RouterOpts.router_algorithm:  TIMING_DRIVEN
RouterOpts.base_cost_type:  DELAY_NORMALIZED
RouterOpts.fixed_channel_width:  NO_FIXED_CHANNEL_WIDTH
RouterOpts.acc_fac:  1.000000
RouterOpts.bb_factor:  3
RouterOpts.bend_cost:  0.000000
RouterOpts.first_iter_pres_fac:  0.500000
RouterOpts.initial_pres_fac:  0.500000
RouterOpts.pres_fac_mult:  1.300000
RouterOpts.max_router_iterations:  50
RouterOpts.astar_fac:  1.200000
RouterOpts.criticality_exp:  1.000000
RouterOpts.max_criticality:  0.990000

RoutingArch.directionality:  UNI_DIRECTIONAL
RoutingArch.switch_block_type:  WILTON
RoutingArch.Fs:  3

The circuit will be mapped into a 177 x 177 array of clbs.

Netlist num_nets:  1251
Netlist num_blocks:  1467
Netlist inputs pins:  489
Netlist output pins:  216

58 169 0
32 0 0
59 170 0
59 171 0
57 169 0
59 169 0
58 168 0
60 170 0
61 170 0
60 171 0
57 168 0
59 168 0
59 172 0
58 167 0
56 169 0
60 169 0
61 169 0
58 166 0
59 167 0
57 167 0
60 172 0
56 168 0
60 168 0
62 170 0
61 171 0
59 166 0
58 165 0
63 170 0
62 169 0
61 168 0
61 172 0
56 167 0
57 166 0
60 167 0
55 168 0
62 171 0
60 173 0
55 167 0
64 170 0
59 165 0
54 168 0
63 169 0
57 165 0
61 173 0
56 166 0
62 172 0
63 171 0
58 164 0
62 168 0
61 167 0
60 166 0
62 167 0
54 167 0
57 164 0
64 171 0
65 170 0
58 163 0
64 169 0
56 165 0
55 166 0
62 173 0
60 165 0
61 174 0
61 166 0
59 164 0
63 168 0
63 172 0
63 173 0
52 175 0
57 163 0
65 171 0
62 166 0
55 165 0
47 170 0
53 176 0
51 175 0
10 174 0
11 174 0
53 177 0
43 169 0
12 175 0
178 96 0
53 175 0
109 0 0
0 161 0
178 28 0
41 0 0
26 0 0
52 174 0
126 2 0
178 166 0
34 177 0
45 169 0
176 42 0
11 175 0
49 0 0
178 168 0
177 66 0
177 102 0
64 0 0
53 1 0
10 176 0
176 1 0
38 1 0
0 22 0
178 110 0
0 76 0
85 177 0
100 175 0
12 174 0
54 176 0
84 177 0
52 177 0
175 1 0
178 11 0
55 176 0
105 178 0
9 175 0
177 11 0
43 167 0
167 1 0
89 178 0
177 28 0
0 114 0
41 174 0
11 173 0
1 33 0
1 63 0
66 178 0
140 177 0
178 159 0
178 35 0
50 162 0
178 62 0
144 0 0
139 177 0
177 83 0
0 66 0
43 173 0
1 71 0
178 135 0
94 176 0
54 177 0
13 175 0
1 152 0
111 177 0
0 169 0
51 174 0
0 137 0
97 1 0
80 177 0
62 0 0
0 135 0
159 1 0
0 147 0
59 163 0
67 0 0
14 175 0
175 2 0
31 0 0
0 35 0
0 3 0
0 14 0
36 176 0
133 178 0
40 176 0
178 89 0
54 166 0
13 0 0
1 68 0
178 99 0
177 148 0
177 43 0
42 171 0
0 58 0
51 161 0
136 178 0
43 178 0
36 178 0
0 148 0
85 178 0
1 148 0
5 0 0
13 176 0
0 28 0
32 178 0
1 156 0
53 161 0
1 29 0
49 176 0
10 173 0
42 1 0
178 101 0
127 178 0
64 168 0
46 3 0
86 0 0
45 168 0
1 42 0
46 171 0
6 0 0
113 178 0
164 178 0
173 178 0
10 175 0
51 164 0
0 68 0
0 117 0
178 125 0
53 174 0
171 0 0
70 176 0
178 38 0
50 165 0
162 0 0
33 0 0
0 33 0
44 0 0
163 178 0
178 147 0
87 0 0
52 173 0
130 0 0
178 17 0
178 18 0
178 79 0
177 18 0
62 174 0
67 173 0
1 64 0
85 0 0
53 178 0
8 175 0
0 105 0
177 0 0
54 175 0
55 175 0
46 2 0
178 8 0
40 172 0
41 173 0
167 0 0
1 98 0
71 0 0
12 178 0
50 0 0
65 177 0
177 67 0
48 167 0
177 166 0
23 178 0
177 122 0
0 94 0
178 93 0
178 105 0
1 13 0
178 86 0
177 129 0
178 91 0
112 178 0
0 31 0
172 178 0
71 178 0
152 0 0
79 177 0
61 165 0
178 113 0
52 172 0
25 1 0
178 162 0
0 150 0
56 164 0
178 106 0
0 95 0
177 124 0
47 164 0
178 95 0
149 178 0
149 0 0
48 176 0
56 161 0
178 73 0
74 0 0
60 0 0
158 1 0
166 0 0
1 30 0
133 0 0
1 57 0
43 168 0
178 4 0
49 177 0
1 150 0
177 103 0
178 139 0
0 138 0
20 178 0
177 95 0
111 174 0
12 173 0
75 178 0
64 172 0
50 1 0
0 151 0
0 49 0
178 140 0
125 177 0
177 130 0
92 0 0
1 37 0
65 169 0
33 178 0
0 149 0
0 57 0
24 177 0
9 0 0
76 178 0
63 0 0
0 65 0
22 1 0
176 105 0
114 176 0
168 178 0
79 176 0
93 178 0
178 148 0
53 173 0
1 24 0
62 1 0
0 113 0
0 162 0
176 178 0
112 176 0
177 131 0
41 1 0
166 1 0
174 178 0
63 167 0
178 15 0
15 178 0
60 164 0
9 176 0
66 170 0
1 66 0
124 177 0
51 173 0
177 105 0
178 63 0
122 0 0
70 178 0
36 0 0
151 1 0
24 178 0
114 178 0
52 176 0
0 24 0
0 44 0
51 178 0
0 26 0
11 172 0
177 46 0
54 174 0
128 0 0
56 176 0
160 2 0
49 175 0
1 109 0
50 164 0
42 173 0
0 10 0
67 176 0
91 0 0
55 177 0
1 67 0
177 63 0
150 177 0
73 0 0
1 78 0
132 178 0
177 96 0
70 175 0
68 172 0
56 0 0
9 178 0
1 165 0
1 139 0
0 170 0
178 152 0
47 176 0
141 0 0
58 162 0
0 133 0
53 172 0
178 44 0
52 171 0
126 176 0
178 155 0
47 168 0
177 133 0
11 177 0
57 176 0
123 177 0
9 174 0
41 171 0
92 178 0
65 172 0
39 175 0
139 178 0
42 169 0
6 178 0
123 176 0
178 143 0
56 175 0
178 129 0
135 0 0
71 177 0
55 174 0
67 170 0
116 178 0
1 15 0
13 178 0
59 162 0
177 65 0
178 100 0
48 175 0
0 77 0
51 172 0
61 164 0
64 178 0
69 177 0
58 161 0
37 178 0
66 176 0
1 125 0
64 167 0
38 175 0
54 173 0
177 82 0
49 174 0
39 176 0
13 174 0
0 13 0
47 178 0
54 158 0
120 0 0
125 176 0
49 1 0
1 174 0
58 170 0
177 3 0
100 177 0
177 2 0
137 177 0
40 171 0
62 175 0
177 132 0
0 78 0
44 168 0
0 123 0
48 177 0
1 123 0
31 178 0
54 163 0
68 175 0
64 175 0
56 177 0
103 178 0
178 3 0
178 115 0
0 89 0
14 174 0
0 87 0
54 161 0
49 173 0
58 176 0
65 168 0
174 0 0
64 173 0
0 38 0
55 0 0
54 160 0
10 177 0
79 178 0
176 106 0
3 0 0
63 176 0
97 178 0
65 176 0
106 0 0
84 176 0
178 43 0
55 164 0
1 9 0
177 40 0
62 165 0
44 1 0
53 166 0
47 177 0
1 25 0
96 2 0
43 171 0
51 163 0
51 176 0
0 60 0
9 177 0
50 163 0
1 85 0
42 170 0
178 68 0
0 127 0
178 90 0
41 176 0
68 171 0
11 171 0
69 0 0
7 175 0
57 170 0
56 163 0
178 7 0
174 1 0
53 171 0
152 176 0
82 178 0
48 174 0
57 175 0
20 177 0
145 0 0
38 174 0
165 0 0
145 178 0
47 175 0
33 1 0
0 19 0
146 0 0
1 12 0
157 178 0
160 0 0
149 177 0
177 146 0
58 171 0
0 47 0
63 166 0
8 176 0
51 171 0
49 163 0
12 172 0
160 1 0
1 28 0
17 0 0
96 178 0
178 121 0
36 177 0
150 178 0
54 165 0
46 166 0
66 169 0
176 0 0
46 172 0
177 41 0
1 140 0
37 177 0
178 34 0
46 170 0
50 172 0
42 0 0
43 174 0
178 173 0
46 176 0
10 172 0
51 177 0
140 178 0
51 0 0
42 175 0
57 177 0
177 80 0
1 88 0
178 175 0
41 175 0
44 170 0
1 59 0
52 160 0
177 42 0
9 173 0
45 171 0
0 175 0
1 32 0
178 80 0
54 159 0
113 177 0
160 178 0
39 177 0
48 168 0
13 173 0
15 175 0
70 174 0
53 159 0
8 174 0
53 163 0
177 60 0
4 0 0
0 23 0
46 169 0
1 166 0
176 103 0
54 162 0
178 9 0
16 178 0
0 160 0
28 177 0
60 163 0
11 0 0
178 174 0
66 174 0
14 176 0
50 176 0
6 175 0
153 0 0
52 170 0
178 31 0
0 139 0
22 0 0
178 153 0
55 160 0
177 44 0
56 174 0
46 167 0
49 164 0
1 65 0
55 173 0
0 37 0
72 178 0
0 128 0
178 42 0
0 119 0
66 171 0
21 1 0
52 161 0
178 120 0
66 173 0
0 93 0
78 177 0
1 14 0
137 178 0
12 171 0
62 177 0
0 18 0
157 0 0
176 131 0
156 178 0
178 53 0
178 170 0
72 177 0
11 170 0
177 156 0
178 74 0
52 178 0
37 176 0
128 177 0
28 178 0
178 19 0
147 0 0
178 144 0
52 159 0
16 175 0
178 39 0
56 160 0
15 174 0
14 173 0
54 172 0
63 174 0
0 16 0
64 176 0
65 175 0
1 58 0
165 178 0
40 175 0
41 2 0
56 173 0
1 138 0
169 0 0
0 1 0
48 0 0
48 165 0
101 178 0
178 128 0
0 80 0
178 40 0
48 173 0
154 0 0
1 87 0
0 63 0
178 64 0
0 29 0
124 0 0
1 23 0
155 178 0
0 84 0
178 46 0
51 170 0
57 162 0
128 178 0
48 164 0
67 174 0
115 176 0
0 4 0
178 24 0
84 0 0
46 168 0
178 32 0
58 177 0
108 1 0
19 178 0
175 3 0
178 112 0
2 173 0
178 126 0
0 130 0
59 176 0
44 172 0
178 124 0
159 0 0
80 0 0
178 54 0
178 14 0
52 169 0
1 141 0
54 164 0
47 166 0
157 1 0
84 178 0
40 178 0
1 126 0
0 21 0
0 126 0
175 178 0
77 178 0
114 175 0
47 174 0
67 169 0
18 177 0
178 51 0
114 0 0
151 0 0
0 109 0
3 1 0
178 29 0
0 25 0
75 0 0
178 50 0
129 178 0
38 0 0
18 178 0
0 85 0
97 0 0
178 71 0
0 69 0
178 102 0
178 103 0
0 64 0
1 62 0
164 0 0
177 119 0
1 80 0
178 97 0
56 162 0
66 172 0
1 69 0
58 175 0
65 167 0
178 149 0
0 111 0
0 48 0
178 12 0
175 0 0
178 134 0
50 171 0
111 178 0
150 0 0
52 1 0
170 0 0
178 60 0
178 33 0
177 33 0
4 176 0
59 161 0
35 177 0
49 172 0
45 176 0
177 8 0
103 0 0
79 0 0
151 177 0
0 124 0
66 177 0
102 177 0
40 173 0
94 177 0
76 0 0
14 177 0
120 178 0
1 96 0
93 0 0
71 176 0
163 0 0
54 171 0
63 175 0
94 178 0
91 178 0
142 178 0
52 2 0
39 178 0
46 177 0
52 0 0
177 5 0
101 176 0
55 172 0
45 167 0
53 170 0
0 82 0
132 3 0
0 106 0
1 31 0
125 175 0
143 1 0
100 178 0
41 177 0
57 174 0
68 178 0
1 178 0
137 0 0
83 178 0
65 173 0
132 1 0
15 0 0
132 0 0
1 56 0
13 1 0
47 1 0
0 83 0
8 178 0
0 32 0
46 175 0
167 178 0
137 1 0
143 0 0
123 0 0
0 98 0
127 177 0
46 174 0
0 96 0
42 168 0
156 0 0
138 0 0
102 178 0
0 145 0
178 156 0
11 178 0
0 152 0
1 173 0
69 172 0
0 116 0
177 172 0
2 174 0
73 1 0
10 178 0
9 172 0
44 171 0
96 1 0
45 178 0
0 27 0
109 178 0
7 0 0
36 175 0
1 175 0
7 174 0
63 177 0
51 169 0
66 168 0
57 161 0
69 175 0
176 147 0
42 174 0
62 178 0
0 12 0
69 178 0
0 45 0
59 177 0
40 177 0
175 177 0
177 106 0
124 1 0
10 171 0
13 172 0
178 23 0
29 178 0
178 26 0
0 7 0
46 0 0
117 1 0
47 165 0
117 0 0
177 107 0
107 178 0
62 164 0
56 172 0
8 173 0
2 178 0
0 174 0
178 83 0
20 1 0
159 178 0
142 0 0
0 39 0
178 111 0
49 178 0
49 171 0
178 150 0
2 0 0
152 178 0
178 119 0
0 9 0
47 167 0
80 178 0
7 176 0
178 55 0
126 1 0
177 171 0
177 64 0
178 41 0
144 178 0
178 172 0
126 0 0
101 0 0
34 178 0
64 166 0
177 173 0
35 178 0
178 48 0
61 178 0
166 178 0
177 50 0
178 16 0
64 174 0
126 177 0
0 107 0
152 177 0
32 1 0
178 61 0
178 163 0
178 117 0
177 1 0
91 1 0
90 0 0
162 178 0
12 176 0
178 2 0
0 70 0
53 169 0
178 27 0
100 176 0
37 1 0
42 178 0
134 0 0
115 177 0
112 177 0
178 84 0
115 178 0
8 177 0
178 37 0
111 176 0
78 178 0
114 177 0
178 87 0
0 155 0
177 147 0
19 0 0
49 169 0
1 43 0
8 0 0
177 178 0
178 88 0
63 178 0
59 178 0
19 1 0
88 0 0
44 169 0
173 0 0
178 136 0
12 0 0
0 30 0
48 172 0
102 0 0
158 0 0
15 176 0
178 36 0
121 0 0
178 146 0
79 175 0
124 178 0
58 160 0
17 178 0
130 178 0
0 156 0
0 61 0
0 71 0
165 1 0
177 25 0
96 0 0
58 174 0
54 178 0
178 25 0
168 0 0
50 177 0
44 176 0
177 81 0
99 0 0
125 178 0
178 122 0
61 163 0
8 172 0
46 1 0
101 177 0
17 175 0
41 178 0
47 0 0
104 0 0
57 178 0
27 0 0
81 178 0
55 171 0
50 170 0
99 1 0
16 177 0
39 0 0
8 1 0
0 104 0
6 176 0
116 0 0
177 115 0
47 173 0
99 178 0
0 97 0
178 67 0
59 175 0
123 178 0
178 171 0
1 155 0
53 165 0
178 123 0
88 178 0
39 173 0
50 174 0
83 0 0
177 123 0
0 54 0
61 0 0
0 165 0
57 173 0
7 177 0
54 1 0
53 0 0
45 175 0
12 177 0
0 141 0
172 0 0
42 177 0
66 175 0
131 178 0
178 133 0
12 170 0
90 178 0
100 0 0
0 88 0
153 178 0
53 160 0
178 21 0
0 110 0
50 173 0
7 173 0
54 170 0
178 131 0
13 177 0
177 27 0
50 175 0
11 176 0
50 161 0
45 166 0
108 0 0
60 176 0
45 177 0
177 125 0
52 168 0
68 177 0
50 167 0
45 174 0
67 177 0
53 162 0
61 176 0
49 165 0
53 168 0
178 176 0
43 176 0
16 174 0
44 175 0
1 153 0
6 174 0
44 167 0
99 177 0
68 174 0
1 145 0
55 170 0
52 164 0
42 176 0
48 163 0
68 173 0
21 0 0
10 170 0
51 162 0
52 167 0
52 162 0
52 163 0
68 170 0
67 171 0
69 176 0
40 174 0
58 173 0
41 172 0
39 174 0
46 173 0
57 160 0
53 164 0
49 162 0
66 0 0
9 171 0
15 177 0
5 175 0
168 1 0
16 176 0
178 154 0
59 174 0
56 159 0
153 177 0
178 77 0
25 0 0
11 169 0
49 170 0
56 171 0
15 173 0
14 172 0
13 171 0
52 165 0
48 169 0
47 172 0
178 5 0
38 177 0
15 172 0
0 103 0
7 172 0
10 169 0
55 161 0
7 171 0
63 165 0
17 176 0
69 174 0
43 172 0
50 169 0
55 163 0
0 73 0
57 172 0
43 170 0
50 166 0
69 173 0
112 0 0
44 177 0
48 171 0
60 175 0
53 158 0
18 175 0
42 172 0
54 169 0
60 177 0
51 168 0
68 176 0
65 178 0
11 168 0
47 169 0
48 170 0
6 173 0
61 175 0
44 174 0
64 177 0
50 168 0
40 1 0
17 174 0
9 170 0
177 104 0
45 172 0
60 162 0
45 173 0
27 178 0
59 173 0
8 171 0
38 176 0
44 173 0
0 15 0
58 178 0
53 167 0
43 177 0
0 171 0
60 174 0
4 175 0
51 167 0
64 165 0
55 162 0
6 177 0
48 166 0
177 54 0
13 170 0
51 166 0
17 177 0
49 166 0
65 174 0
122 178 0
45 170 0
49 167 0
67 172 0
1 70 0
56 170 0
132 2 0
58 172 0
5 176 0
43 175 0
14 171 0
125 0 0
52 166 0
55 169 0
0 118 0
51 165 0
47 171 0
67 175 0
178 116 0
12 169 0
70 177 0
111 175 0
62 176 0
16 173 0
177 94 0
61 177 0
178 130 0
49 168 0
57 171 0
5 174 0
0 59 0
178 59 0
0 62 0
178 65 0
178 66 0
178 69 0
178 70 0
178 72 0
0 72 0
0 74 0
0 75 0
178 75 0
178 76 0
178 78 0
0 79 0
178 81 0
0 81 0
178 82 0
178 85 0
0 86 0
0 90 0
0 91 0
0 92 0
178 92 0
178 94 0
178 98 0
0 99 0
0 100 0
0 101 0
0 102 0
178 104 0
178 107 0
0 108 0
178 108 0
178 109 0
0 112 0
178 114 0
0 115 0
178 118 0
0 120 0
0 121 0
0 122 0
0 125 0
178 127 0
0 129 0
151 178 0
0 131 0
154 178 0
178 132 0
0 132 0
0 134 0
158 178 0
0 136 0
148 178 0
147 178 0
178 137 0
146 178 0
178 138 0
0 140 0
143 178 0
178 141 0
161 178 0
178 142 0
0 142 0
141 178 0
138 178 0
169 178 0
0 143 0
135 178 0
170 178 0
0 144 0
178 58 0
34 0 0
161 0 0
178 45 0
0 17 0
140 0 0
178 20 0
0 52 0
94 0 0
178 145 0
0 43 0
0 146 0
23 0 0
0 40 0
134 178 0
28 0 0
0 50 0
171 178 0
16 0 0
178 151 0
0 153 0
111 0 0
178 177 0
0 177 0
178 6 0
110 178 0
0 176 0
0 154 0
3 178 0
0 67 0
178 56 0
57 0 0
178 157 0
127 0 0
0 173 0
121 178 0
126 178 0
0 157 0
0 158 0
178 158 0
58 0 0
0 20 0
0 172 0
29 0 0
139 0 0
4 178 0
78 0 0
0 36 0
178 169 0
5 178 0
0 159 0
14 0 0
178 167 0
178 165 0
178 160 0
178 1 0
35 0 0
0 167 0
148 0 0
0 166 0
178 47 0
0 168 0
178 13 0
0 11 0
117 178 0
40 0 0
178 49 0
10 0 0
178 164 0
7 178 0
72 0 0
131 0 0
0 34 0
119 178 0
68 0 0
0 46 0
0 5 0
0 2 0
178 161 0
45 0 0
70 0 0
107 0 0
155 0 0
0 164 0
113 0 0
118 178 0
20 0 0
178 10 0
0 163 0
14 178 0
115 0 0
108 178 0
178 30 0
21 178 0
82 0 0
22 178 0
30 0 0
98 0 0
136 0 0
129 0 0
106 178 0
118 0 0
37 0 0
0 6 0
65 0 0
104 178 0
25 178 0
0 8 0
98 178 0
178 52 0
95 178 0
87 178 0
24 0 0
1 0 0
26 178 0
18 0 0
30 178 0
43 0 0
48 178 0
38 178 0
95 0 0
119 0 0
44 178 0
0 55 0
50 178 0
178 22 0
77 0 0
0 41 0
54 0 0
86 178 0
74 178 0
0 51 0
73 178 0
56 178 0
60 178 0
0 42 0
0 53 0
67 178 0
178 57 0
55 178 0
0 56 0
59 0 0
81 0 0
46 178 0
low, high, current -1 -1 8
Confirming Router Algorithm: TIMING_DRIVEN.
T_crit: 6.7527e-08.
T_crit: 6.74223e-08.
T_crit: 6.73177e-08.
T_crit: 6.74223e-08.
T_crit: 6.75257e-08.
T_crit: 6.7319e-08.
T_crit: 6.74223e-08.
T_crit: 6.74223e-08.
T_crit: 6.76196e-08.
T_crit: 6.75162e-08.
T_crit: 6.76196e-08.
T_crit: 6.74223e-08.
T_crit: 6.74223e-08.
T_crit: 6.75162e-08.
T_crit: 6.78289e-08.
T_crit: 6.78194e-08.
T_crit: 6.78276e-08.
T_crit: 6.77338e-08.
T_crit: 6.79431e-08.
T_crit: 6.7735e-08.
T_crit: 6.7735e-08.
T_crit: 6.7735e-08.
T_crit: 6.77338e-08.
T_crit: 6.77338e-08.
T_crit: 6.77338e-08.
T_crit: 6.77338e-08.
T_crit: 6.77338e-08.
T_crit: 6.8252e-08.
T_crit: 6.84588e-08.
T_crit: 6.83541e-08.
T_crit: 6.81473e-08.
T_crit: 6.81486e-08.
T_crit: 6.80452e-08.
T_crit: 6.86668e-08.
T_crit: 6.92896e-08.
T_crit: 6.86681e-08.
T_crit: 6.87727e-08.
T_crit: 6.88748e-08.
T_crit: 6.88736e-08.
T_crit: 6.83566e-08.
T_crit: 6.88736e-08.
T_crit: 7.08467e-08.
T_crit: 6.96974e-08.
T_crit: 6.90854e-08.
T_crit: 6.96036e-08.
T_crit: 6.93885e-08.
T_crit: 6.90746e-08.
T_crit: 6.90746e-08.
T_crit: 6.91805e-08.
T_crit: 6.91805e-08.
Routing failed.
low, high, current 8 -1 16
Confirming Router Algorithm: TIMING_DRIVEN.
T_crit: 6.7735e-08.
T_crit: 6.75257e-08.
T_crit: 6.74211e-08.
T_crit: 6.73177e-08.
T_crit: 6.7319e-08.
T_crit: 6.73177e-08.
T_crit: 6.7319e-08.
T_crit: 6.75162e-08.
T_crit: 6.7319e-08.
T_crit: 6.7319e-08.
T_crit: 6.7319e-08.
T_crit: 6.74128e-08.
T_crit: 6.7319e-08.
T_crit: 6.7319e-08.
T_crit: 6.73177e-08.
T_crit: 6.74128e-08.
T_crit: 6.74128e-08.
T_crit: 6.7319e-08.
T_crit: 6.7319e-08.
T_crit: 6.7319e-08.
T_crit: 6.7319e-08.
T_crit: 6.76208e-08.
T_crit: 6.7319e-08.
T_crit: 6.74948e-08.
T_crit: 6.74973e-08.
T_crit: 6.74973e-08.
T_crit: 6.78062e-08.
T_crit: 6.82235e-08.
T_crit: 6.92675e-08.
T_crit: 6.84316e-08.
T_crit: 6.92675e-08.
T_crit: 6.92675e-08.
T_crit: 6.9497e-08.
T_crit: 6.95103e-08.
T_crit: 6.9062e-08.
T_crit: 6.9062e-08.
T_crit: 6.80168e-08.
T_crit: 6.79418e-08.
T_crit: 6.91951e-08.
T_crit: 6.90917e-08.
T_crit: 6.90917e-08.
T_crit: 6.90917e-08.
T_crit: 6.90917e-08.
T_crit: 6.8987e-08.
T_crit: 6.90904e-08.
T_crit: 6.91925e-08.
T_crit: 6.91951e-08.
T_crit: 6.88849e-08.
T_crit: 6.88849e-08.
T_crit: 6.88849e-08.
Routing failed.
low, high, current 16 -1 32
Confirming Router Algorithm: TIMING_DRIVEN.
T_crit: 6.7735e-08.
T_crit: 6.7319e-08.
T_crit: 6.74223e-08.
T_crit: 6.73177e-08.
T_crit: 6.73177e-08.
T_crit: 6.73177e-08.
T_crit: 6.7319e-08.
T_crit: 6.74211e-08.
T_crit: 6.74223e-08.
T_crit: 6.74223e-08.
T_crit: 6.74223e-08.
T_crit: 6.74223e-08.
T_crit: 6.74223e-08.
T_crit: 6.74223e-08.
T_crit: 6.74223e-08.
T_crit: 6.74223e-08.
Successfully routed after 17 routing iterations.
Completed net delay value cross check successfully.
low, high, current 16 32 24
Confirming Router Algorithm: TIMING_DRIVEN.
T_crit: 6.77338e-08.
T_crit: 6.73177e-08.
T_crit: 6.75245e-08.
T_crit: 6.75257e-08.
T_crit: 6.73177e-08.
T_crit: 6.74211e-08.
T_crit: 6.73177e-08.
T_crit: 6.7319e-08.
T_crit: 6.7319e-08.
T_crit: 6.7319e-08.
T_crit: 6.7319e-08.
T_crit: 6.7319e-08.
T_crit: 6.7319e-08.
T_crit: 6.7319e-08.
T_crit: 6.7319e-08.
T_crit: 6.7319e-08.
T_crit: 6.7319e-08.
Successfully routed after 18 routing iterations.
Completed net delay value cross check successfully.
low, high, current 16 24 20
Confirming Router Algorithm: TIMING_DRIVEN.
T_crit: 6.73191e-08.
T_crit: 6.73108e-08.
T_crit: 6.72277e-08.
T_crit: 6.72251e-08.
T_crit: 6.73215e-08.
T_crit: 6.74155e-08.
T_crit: 6.7425e-08.
T_crit: 6.74155e-08.
T_crit: 6.73229e-08.
T_crit: 6.7425e-08.
T_crit: 6.75284e-08.
T_crit: 6.75284e-08.
T_crit: 6.75284e-08.
T_crit: 6.75284e-08.
T_crit: 6.75284e-08.
T_crit: 6.75284e-08.
T_crit: 6.75284e-08.
T_crit: 6.75284e-08.
T_crit: 6.75284e-08.
T_crit: 6.75284e-08.
T_crit: 6.75284e-08.
T_crit: 6.75284e-08.
T_crit: 6.75284e-08.
T_crit: 6.75284e-08.
T_crit: 6.75284e-08.
T_crit: 6.75284e-08.
T_crit: 6.75284e-08.
T_crit: 6.75284e-08.
T_crit: 6.75284e-08.
T_crit: 6.75284e-08.
T_crit: 6.75284e-08.
T_crit: 6.75284e-08.
T_crit: 6.75284e-08.
T_crit: 6.75284e-08.
T_crit: 6.75284e-08.
T_crit: 6.75284e-08.
T_crit: 6.75284e-08.
T_crit: 6.75284e-08.
T_crit: 6.75284e-08.
T_crit: 6.75284e-08.
T_crit: 6.75284e-08.
T_crit: 6.75284e-08.
Successfully routed after 43 routing iterations.
Completed net delay value cross check successfully.
low, high, current 16 20 18
Warning (check_all_tracks_reach_pins):  track 16 does not 
	connect to any FB IPINs.
Warning (check_all_tracks_reach_pins):  track 17 does not 
	connect to any FB IPINs.
Confirming Router Algorithm: TIMING_DRIVEN.
T_crit: 6.74066e-08.
T_crit: 6.73265e-08.
T_crit: 6.71197e-08.
T_crit: 6.72206e-08.
T_crit: 6.72231e-08.
T_crit: 6.71651e-08.
T_crit: 6.71664e-08.
T_crit: 6.75691e-08.
T_crit: 6.74216e-08.
T_crit: 6.76322e-08.
T_crit: 6.76322e-08.
T_crit: 6.7631e-08.
T_crit: 6.76234e-08.
T_crit: 6.76234e-08.
T_crit: 6.76234e-08.
T_crit: 6.76234e-08.
T_crit: 6.76234e-08.
T_crit: 6.76234e-08.
T_crit: 6.76234e-08.
T_crit: 6.76234e-08.
T_crit: 6.76234e-08.
T_crit: 6.76221e-08.
T_crit: 6.76221e-08.
T_crit: 6.76221e-08.
T_crit: 6.76221e-08.
T_crit: 6.76221e-08.
T_crit: 6.76221e-08.
T_crit: 6.76221e-08.
T_crit: 6.76221e-08.
T_crit: 6.76221e-08.
T_crit: 6.7728e-08.
T_crit: 6.78962e-08.
T_crit: 6.81143e-08.
T_crit: 6.81092e-08.
T_crit: 6.75346e-08.
T_crit: 6.79393e-08.
T_crit: 6.79393e-08.
T_crit: 6.76291e-08.
T_crit: 6.79393e-08.
T_crit: 6.79393e-08.
T_crit: 6.77451e-08.
T_crit: 6.8977e-08.
T_crit: 6.81322e-08.
T_crit: 6.81322e-08.
T_crit: 6.81927e-08.
T_crit: 6.82935e-08.
T_crit: 6.8093e-08.
T_crit: 6.90437e-08.
T_crit: 6.89756e-08.
T_crit: 6.89718e-08.
Routing failed.

Checking to ensure routing is legal ...
Completed routing consistency check successfully.

Serial number (magic cookie) for the routing is: 1463846787
Best routing used a channel width factor of 20.


Average number of bends per net: 7.36851  Maximum # of bends: 185


The number of routed nets (nonglobal): 1251
Wirelength results (all in units of 1 clb segments):
	Total wirelength: 162906   Average net length: 130.221
	Maximum net length: 880

Wirelength results in terms of physical segments:
	Total wiring segments used: 81756   Av. wire segments per net: 65.3525
	Maximum segments used by a net: 446


X - Directed channels:

j	max occ	av_occ		capacity
0	17	11.2712  	20
1	16	9.53672  	20
2	14	8.42938  	20
3	12	6.35028  	20
4	13	7.59322  	20
5	7	1.29944  	20
6	6	3.23164  	20
7	1	0.112994 	20
8	5	2.57062  	20
9	0	0.00000  	20
10	4	0.954802 	20
11	4	2.28814  	20
12	6	1.29379  	20
13	4	1.97175  	20
14	4	0.192090 	20
15	2	1.94915  	20
16	3	0.384181 	20
17	3	1.46328  	20
18	3	1.65537  	20
19	0	0.00000  	20
20	1	0.418079 	20
21	3	0.282486 	20
22	3	0.0564972	20
23	5	1.98870  	20
24	4	2.61582  	20
25	2	0.751412 	20
26	3	1.31073  	20
27	4	1.22599  	20
28	4	2.35593  	20
29	3	0.502825 	20
30	6	0.225989 	20
31	5	3.20339  	20
32	4	1.81356  	20
33	4	1.25424  	20
34	4	2.73446  	20
35	3	2.03390  	20
36	5	1.51977  	20
37	2	0.734463 	20
38	2	1.03955  	20
39	2	1.23164  	20
40	4	2.63277  	20
41	8	0.689266 	20
42	3	1.05085  	20
43	6	3.23164  	20
44	3	0.180791 	20
45	3	0.0451977	20
46	2	1.21469  	20
47	1	0.802260 	20
48	1	0.0169492	20
49	3	0.807910 	20
50	3	1.79661  	20
51	4	1.66667  	20
52	2	0.514124 	20
53	3	0.0790960	20
54	4	1.09605  	20
55	4	0.0790960	20
56	3	2.20904  	20
57	5	0.734463 	20
58	5	0.649718 	20
59	4	2.26554  	20
60	1	0.762712 	20
61	7	1.13559  	20
62	7	2.19209  	20
63	5	1.00565  	20
64	5	1.20904  	20
65	5	1.80226  	20
66	5	1.85311  	20
67	5	2.38983  	20
68	5	1.97175  	20
69	3	1.63842  	20
70	4	0.604520 	20
71	4	1.07910  	20
72	2	0.406780 	20
73	1	0.0451977	20
74	1	0.293785 	20
75	2	1.94350  	20
76	6	1.54802  	20
77	5	2.77966  	20
78	3	0.734463 	20
79	5	3.23164  	20
80	4	1.51977  	20
81	4	0.474576 	20
82	6	2.18079  	20
83	3	0.0621469	20
84	3	0.446328 	20
85	3	0.316384 	20
86	4	1.00565  	20
87	4	1.07910  	20
88	4	2.50282  	20
89	2	1.48588  	20
90	5	0.197740 	20
91	5	2.74011  	20
92	2	0.689266 	20
93	3	1.72881  	20
94	6	1.39548  	20
95	3	0.0508475	20
96	2	0.463277 	20
97	3	1.50847  	20
98	4	0.700565 	20
99	2	1.12429  	20
100	2	1.22034  	20
101	5	0.418079 	20
102	6	1.99435  	20
103	4	2.00000  	20
104	8	4.32203  	20
105	5	1.85311  	20
106	7	2.05650  	20
107	5	2.01695  	20
108	3	2.22599  	20
109	4	0.152542 	20
110	1	0.0564972	20
111	3	1.01695  	20
112	3	1.37288  	20
113	3	1.02825  	20
114	5	1.94915  	20
115	4	2.24294  	20
116	5	2.06215  	20
117	2	0.677966 	20
118	5	3.17514  	20
119	4	1.08475  	20
120	2	1.00565  	20
121	5	2.05085  	20
122	6	3.87571  	20
123	4	2.25424  	20
124	6	0.728814 	20
125	4	1.45198  	20
126	4	1.82486  	20
127	1	0.661017 	20
128	4	0.259887 	20
129	3	1.33898  	20
130	6	0.175141 	20
131	6	1.14689  	20
132	7	2.24294  	20
133	3	0.745763 	20
134	3	0.864407 	20
135	2	1.32203  	20
136	2	0.983051 	20
137	3	0.0903955	20
138	7	1.26554  	20
139	5	1.27119  	20
140	3	0.480226 	20
141	4	2.71751  	20
142	2	0.0790960	20
143	4	0.401130 	20
144	2	0.384181 	20
145	4	1.03955  	20
146	8	1.82486  	20
147	7	1.60452  	20
148	5	2.42373  	20
149	10	3.62712  	20
150	9	3.44633  	20
151	15	6.41243  	20
152	20	4.72316  	20
153	19	4.94350  	20
154	18	6.64407  	20
155	20	4.79661  	20
156	19	5.71751  	20
157	20	7.12429  	20
158	20	5.71186  	20
159	19	5.56497  	20
160	20	7.19774  	20
161	19	6.74011  	20
162	19	6.87006  	20
163	19	10.0678  	20
164	20	8.45198  	20
165	20	9.31638  	20
166	20	7.53672  	20
167	20	7.57062  	20
168	20	8.88136  	20
169	19	9.76836  	20
170	20	10.1073  	20
171	20	11.4407  	20
172	20	10.6610  	20
173	20	11.4068  	20
174	20	10.8983  	20
175	20	11.0734  	20
176	20	10.3842  	20
177	20	11.1638  	20

Y - Directed channels:

i	max occ	av_occ		capacity
0	18	9.06780  	20
1	16	10.4972  	20
2	19	11.0565  	20
3	12	7.46893  	20
4	13	8.75706  	20
5	9	5.27684  	20
6	10	5.67232  	20
7	8	2.58192  	20
8	11	4.96045  	20
9	12	5.14689  	20
10	15	4.96610  	20
11	13	4.79096  	20
12	11	3.10169  	20
13	13	3.45763  	20
14	12	2.18644  	20
15	13	1.50847  	20
16	9	1.49153  	20
17	8	2.08475  	20
18	7	0.497175 	20
19	4	1.63842  	20
20	4	0.915254 	20
21	5	2.22599  	20
22	4	0.446328 	20
23	2	0.0451977	20
24	6	1.87006  	20
25	2	0.141243 	20
26	3	0.135593 	20
27	5	0.372881 	20
28	1	0.587571 	20
29	2	0.870057 	20
30	3	0.293785 	20
31	4	0.525424 	20
32	5	0.728814 	20
33	7	1.21469  	20
34	11	2.74576  	20
35	11	3.77401  	20
36	13	3.70621  	20
37	14	1.80226  	20
38	16	2.62147  	20
39	16	2.35028  	20
40	16	5.55932  	20
41	18	4.46893  	20
42	17	5.04520  	20
43	17	2.97175  	20
44	18	4.06215  	20
45	20	4.79096  	20
46	20	6.86441  	20
47	20	5.66667  	20
48	19	4.57627  	20
49	20	7.81356  	20
50	20	6.18644  	20
51	19	5.51977  	20
52	19	6.33333  	20
53	20	6.11299  	20
54	20	5.88701  	20
55	20	4.24859  	20
56	19	4.74011  	20
57	18	4.63842  	20
58	20	7.03955  	20
59	18	4.53672  	20
60	20	5.06780  	20
61	20	4.23729  	20
62	19	4.18644  	20
63	16	2.40678  	20
64	17	4.09605  	20
65	16	5.11299  	20
66	17	3.20339  	20
67	16	4.02260  	20
68	17	4.59887  	20
69	16	3.79096  	20
70	13	3.81356  	20
71	12	3.41243  	20
72	12	1.28249  	20
73	8	1.53672  	20
74	6	0.610169 	20
75	3	0.0960452	20
76	5	2.66102  	20
77	7	2.39548  	20
78	7	2.20904  	20
79	6	0.463277 	20
80	4	2.29379  	20
81	3	0.0903955	20
82	4	2.04520  	20
83	7	1.89266  	20
84	5	2.83051  	20
85	3	1.05650  	20
86	4	1.54802  	20
87	1	0.0282486	20
88	2	1.06780  	20
89	2	1.23164  	20
90	3	0.293785 	20
91	2	1.07345  	20
92	5	0.293785 	20
93	5	1.91525  	20
94	7	0.790960 	20
95	6	2.11299  	20
96	7	1.95480  	20
97	3	1.05085  	20
98	4	1.17514  	20
99	6	1.27684  	20
100	9	2.87006  	20
101	8	1.44633  	20
102	3	1.00565  	20
103	2	0.0338983	20
104	3	2.23729  	20
105	2	0.0677966	20
106	1	0.0112994	20
107	3	0.0847458	20
108	2	0.564972 	20
109	4	0.225989 	20
110	6	2.18644  	20
111	12	2.50847  	20
112	8	0.875706 	20
113	6	1.22599  	20
114	9	2.41243  	20
115	4	0.124294 	20
116	4	0.163842 	20
117	3	0.0960452	20
118	3	0.966102 	20
119	1	0.0225989	20
120	2	1.40678  	20
121	6	1.42373  	20
122	4	1.06215  	20
123	5	1.11299  	20
124	7	2.93220  	20
125	9	3.54237  	20
126	8	4.74011  	20
127	3	1.09040  	20
128	5	1.16949  	20
129	2	0.983051 	20
130	4	1.96610  	20
131	6	3.05085  	20
132	6	2.46328  	20
133	2	0.966102 	20
134	1	0.0282486	20
135	3	1.92090  	20
136	4	0.220339 	20
137	4	1.90395  	20
138	4	1.59887  	20
139	4	1.08475  	20
140	2	0.0621469	20
141	4	1.07910  	20
142	0	0.00000  	20
143	1	0.316384 	20
144	2	0.875706 	20
145	4	1.14689  	20
146	0	0.00000  	20
147	3	1.17514  	20
148	2	0.0338983	20
149	3	1.92090  	20
150	5	0.734463 	20
151	3	1.64407  	20
152	5	0.971751 	20
153	3	0.581921 	20
154	3	0.372881 	20
155	2	0.406780 	20
156	2	1.32203  	20
157	4	2.65537  	20
158	4	1.63842  	20
159	5	2.02260  	20
160	3	1.54802  	20
161	2	0.971751 	20
162	0	0.00000  	20
163	3	1.93785  	20
164	5	2.00565  	20
165	4	1.03955  	20
166	3	1.98870  	20
167	4	1.07910  	20
168	2	0.581921 	20
169	2	0.141243 	20
170	4	1.24294  	20
171	6	3.09605  	20
172	14	7.18644  	20
173	16	9.11864  	20
174	15	8.67797  	20
175	16	9.84181  	20
176	17	10.9266  	20
177	15	10.7627  	20

Total Tracks in X-direction: 3560  in Y-direction: 3560

Logic Area (in minimum width transistor areas):
Total Logic Area: 9.3987e+08  Per 1x1 logic tile: 30000

Routing area (in minimum width transistor areas):
Total Routing Area: 8.22032e+07  Per logic tile: 2623.87

Segment usage by type (index):
Segment type       Fractional utilization
------------       ----------------------
       0                  0.129

Segment usage by length:
Segment length       Fractional utilization
--------------       ----------------------
        2                   0.129

Critical Path: 6.75284e-08 (s)

Time elapsed (PLACE&ROUTE): 40061671.650000 ms


Time elapsed (Fernando): 40061671.737000 ms

