
VPR FPGA Placement and Routing.
Version: Version 5.0.2
Compiled: Dec 11 2020.
Original VPR by V. Betz.
Timing-driven placement enhancements by A. Marquardt.
Single-drivers enhancements by Andy Ye with additions by.
Mark Fang, Jason Luu, Ted Campbell
Heterogeneous stucture support by Jason Luu and Ted Campbell.
This code is licensed only for non-commercial use.

Auto-sizing FPGA, try x = 50 y = 50
Auto-sizing FPGA, try x = 100 y = 100
Auto-sizing FPGA, try x = 200 y = 200
Auto-sizing FPGA, try x = 400 y = 400
Auto-sizing FPGA, try x = 200 y = 200
Auto-sizing FPGA, try x = 300 y = 300
Auto-sizing FPGA, try x = 250 y = 250
Auto-sizing FPGA, try x = 225 y = 225
Auto-sizing FPGA, try x = 237 y = 237
Auto-sizing FPGA, try x = 243 y = 243
Auto-sizing FPGA, try x = 240 y = 240
Auto-sizing FPGA, try x = 238 y = 238
Auto-sizing FPGA, try x = 239 y = 239
Auto-sizing FPGA, try x = 239 y = 239
FPGA auto-sized to, x = 240 y = 240

Resource Usage:
Netlist      0	blocks of type <EMPTY>
Architecture 4	blocks of type <EMPTY>
Netlist      957	blocks of type .io
Architecture 960	blocks of type .io
Netlist      1539	blocks of type .clb
Architecture 57600	blocks of type .clb

Timing analysis: ON

Operation:  ROUTE_ONLY

PlacerOpts.place_freq:  PLACE_NEVER

RouterOpts.route_type:  DETAILED
RouterOpts.router_algorithm:  TIMING_DRIVEN
RouterOpts.base_cost_type:  DELAY_NORMALIZED
RouterOpts.fixed_channel_width:  NO_FIXED_CHANNEL_WIDTH
RouterOpts.acc_fac:  1.000000
RouterOpts.bb_factor:  3
RouterOpts.bend_cost:  0.000000
RouterOpts.first_iter_pres_fac:  0.500000
RouterOpts.initial_pres_fac:  0.500000
RouterOpts.pres_fac_mult:  1.300000
RouterOpts.max_router_iterations:  50
RouterOpts.astar_fac:  1.200000
RouterOpts.criticality_exp:  1.000000
RouterOpts.max_criticality:  0.990000

RoutingArch.directionality:  UNI_DIRECTIONAL
RoutingArch.switch_block_type:  WILTON
RoutingArch.Fs:  3

The circuit will be mapped into a 240 x 240 array of clbs.

Netlist num_nets:  2373
Netlist num_blocks:  2496
Netlist inputs pins:  834
Netlist output pins:  123

109 4 0
109 6 0
240 67 0
115 239 0
107 4 0
116 3 0
105 4 0
103 3 0
107 235 0
99 0 0
108 236 0
108 235 0
109 234 0
104 3 0
195 1 0
137 2 0
239 14 0
2 6 0
238 5 0
239 26 0
188 236 0
164 1 0
241 210 0
234 8 0
2 18 0
158 240 0
240 161 0
240 7 0
241 146 0
198 240 0
241 181 0
0 176 0
21 3 0
0 38 0
241 176 0
159 0 0
102 0 0
95 238 0
198 237 0
156 0 0
2 46 0
239 213 0
25 2 0
111 1 0
238 0 0
3 45 0
107 238 0
1 132 0
1 139 0
236 1 0
162 1 0
110 5 0
240 106 0
240 143 0
87 238 0
162 0 0
175 0 0
21 2 0
241 109 0
48 241 0
40 238 0
240 156 0
240 173 0
0 136 0
239 45 0
239 118 0
0 225 0
241 57 0
1 234 0
160 241 0
1 44 0
2 39 0
240 35 0
1 64 0
2 113 0
1 114 0
2 115 0
12 241 0
240 24 0
173 0 0
240 214 0
1 116 0
1 233 0
43 1 0
0 59 0
192 4 0
0 154 0
2 110 0
96 241 0
241 48 0
2 241 0
150 0 0
141 241 0
43 0 0
41 1 0
239 56 0
240 114 0
44 1 0
0 111 0
1 66 0
88 238 0
1 26 0
146 238 0
86 240 0
227 238 0
241 167 0
11 241 0
17 240 0
241 202 0
240 25 0
2 17 0
1 65 0
153 0 0
239 25 0
21 241 0
1 22 0
125 0 0
240 26 0
2 34 0
196 237 0
240 15 0
1 19 0
239 68 0
239 115 0
238 68 0
51 0 0
237 67 0
114 1 0
38 238 0
104 1 0
39 241 0
108 3 0
241 218 0
240 218 0
93 240 0
241 180 0
101 3 0
114 240 0
97 241 0
1 38 0
239 57 0
162 2 0
111 236 0
0 120 0
163 2 0
0 122 0
114 5 0
106 241 0
237 6 0
236 6 0
198 234 0
195 240 0
1 75 0
92 237 0
1 156 0
240 69 0
240 115 0
197 237 0
241 130 0
140 1 0
241 182 0
93 238 0
2 109 0
92 238 0
1 3 0
240 127 0
181 237 0
241 142 0
91 239 0
174 241 0
93 237 0
182 240 0
69 240 0
146 241 0
58 0 0
34 240 0
218 0 0
80 239 0
236 104 0
2 38 0
54 241 0
240 215 0
182 239 0
154 0 0
183 240 0
229 241 0
228 241 0
111 2 0
72 0 0
197 238 0
227 241 0
0 231 0
240 117 0
241 53 0
240 38 0
135 241 0
109 5 0
133 1 0
104 239 0
191 0 0
132 0 0
142 1 0
226 239 0
190 241 0
227 239 0
240 64 0
94 240 0
0 86 0
37 240 0
163 5 0
0 12 0
75 2 0
119 241 0
51 241 0
0 174 0
241 16 0
239 27 0
238 58 0
2 2 0
2 0 0
0 4 0
0 190 0
241 56 0
1 36 0
90 240 0
228 237 0
2 126 0
193 1 0
241 26 0
240 86 0
57 0 0
53 0 0
1 0 0
241 170 0
241 30 0
2 13 0
176 241 0
1 176 0
0 220 0
240 30 0
241 208 0
2 176 0
1 177 0
236 106 0
239 174 0
0 88 0
235 6 0
73 0 0
62 241 0
200 0 0
45 241 0
238 31 0
237 66 0
198 236 0
196 240 0
127 239 0
190 0 0
77 4 0
238 4 0
237 101 0
240 37 0
0 95 0
0 201 0
0 87 0
23 1 0
160 2 0
1 21 0
2 65 0
0 127 0
83 1 0
3 15 0
121 0 0
239 52 0
126 241 0
201 237 0
126 240 0
55 241 0
239 235 0
127 240 0
184 239 0
239 212 0
91 238 0
2 72 0
76 5 0
241 91 0
2 24 0
241 80 0
45 239 0
25 4 0
241 199 0
0 222 0
66 241 0
162 3 0
119 0 0
0 36 0
240 199 0
1 173 0
77 6 0
0 116 0
123 241 0
198 235 0
26 1 0
0 37 0
13 0 0
241 55 0
235 10 0
18 0 0
76 1 0
240 58 0
165 241 0
1 241 0
179 240 0
0 200 0
239 114 0
178 239 0
4 89 0
241 92 0
6 241 0
115 4 0
91 237 0
23 3 0
6 0 0
91 240 0
179 238 0
238 26 0
177 240 0
240 10 0
182 237 0
225 240 0
240 126 0
107 236 0
195 238 0
239 199 0
241 143 0
1 213 0
1 25 0
44 239 0
179 241 0
106 240 0
241 158 0
3 215 0
107 240 0
106 238 0
31 0 0
24 2 0
3 11 0
110 238 0
193 240 0
1 102 0
2 129 0
80 2 0
0 227 0
200 238 0
240 46 0
113 238 0
199 240 0
241 213 0
163 0 0
132 240 0
2 131 0
241 104 0
109 9 0
226 241 0
3 23 0
240 21 0
111 241 0
241 156 0
241 126 0
241 234 0
0 1 0
241 106 0
110 2 0
109 7 0
2 151 0
222 241 0
240 51 0
241 163 0
109 8 0
0 51 0
241 159 0
240 131 0
201 239 0
133 238 0
30 0 0
240 0 0
163 3 0
1 133 0
220 241 0
240 159 0
240 80 0
2 130 0
156 240 0
240 113 0
156 241 0
0 101 0
80 0 0
240 102 0
241 161 0
29 239 0
60 0 0
236 9 0
192 240 0
234 0 0
157 240 0
192 6 0
241 117 0
240 232 0
107 7 0
227 0 0
109 238 0
240 191 0
170 240 0
106 239 0
155 1 0
118 0 0
239 161 0
240 202 0
94 239 0
87 241 0
166 0 0
128 0 0
82 239 0
185 0 0
179 239 0
109 241 0
113 239 0
109 240 0
110 240 0
0 114 0
166 241 0
108 240 0
1 101 0
241 133 0
0 20 0
142 2 0
157 239 0
239 232 0
101 1 0
188 0 0
0 216 0
105 238 0
235 9 0
67 1 0
40 0 0
4 16 0
28 241 0
4 213 0
234 3 0
96 0 0
1 129 0
2 211 0
239 18 0
0 6 0
239 20 0
25 5 0
1 48 0
17 0 0
41 238 0
1 87 0
239 4 0
1 175 0
65 241 0
1 165 0
106 4 0
3 211 0
136 237 0
1 216 0
238 132 0
241 88 0
110 236 0
125 240 0
1 73 0
2 37 0
193 4 0
105 240 0
43 238 0
0 58 0
2 47 0
0 185 0
111 239 0
164 3 0
75 0 0
4 193 0
239 0 0
241 190 0
240 36 0
194 2 0
197 1 0
1 4 0
33 241 0
1 127 0
192 5 0
79 1 0
61 0 0
240 231 0
135 0 0
1 230 0
3 192 0
0 132 0
241 203 0
83 239 0
28 240 0
0 168 0
217 3 0
3 90 0
241 115 0
109 0 0
44 240 0
2 41 0
168 0 0
40 239 0
241 70 0
240 84 0
139 3 0
155 0 0
184 238 0
96 1 0
102 240 0
40 237 0
136 238 0
241 216 0
241 74 0
241 86 0
93 241 0
189 3 0
82 1 0
27 0 0
225 0 0
0 177 0
237 3 0
1 227 0
148 241 0
166 1 0
183 239 0
121 241 0
126 0 0
42 239 0
222 0 0
96 2 0
0 131 0
30 2 0
192 7 0
236 102 0
0 30 0
42 2 0
0 65 0
3 210 0
29 240 0
94 238 0
241 239 0
239 156 0
1 206 0
240 78 0
103 2 0
20 1 0
239 47 0
239 6 0
240 48 0
240 54 0
5 89 0
41 240 0
161 241 0
114 239 0
78 2 0
31 3 0
39 240 0
2 67 0
198 238 0
104 2 0
241 46 0
1 226 0
220 240 0
3 212 0
108 6 0
0 161 0
241 51 0
241 151 0
116 1 0
241 155 0
241 207 0
27 240 0
241 63 0
103 1 0
115 0 0
239 241 0
111 0 0
113 240 0
2 216 0
155 241 0
0 146 0
0 202 0
240 225 0
105 0 0
0 169 0
181 239 0
126 239 0
0 29 0
111 3 0
87 239 0
241 20 0
0 46 0
106 6 0
237 17 0
0 40 0
97 240 0
1 193 0
3 91 0
238 46 0
215 0 0
240 205 0
46 1 0
0 142 0
1 142 0
69 241 0
113 235 0
200 240 0
79 2 0
241 191 0
241 138 0
1 218 0
5 240 0
196 238 0
1 80 0
1 89 0
195 236 0
0 107 0
1 182 0
0 204 0
2 106 0
182 0 0
234 4 0
198 241 0
210 240 0
199 238 0
239 233 0
239 70 0
3 214 0
7 241 0
240 177 0
0 77 0
25 3 0
147 0 0
149 241 0
117 1 0
0 167 0
0 121 0
1 41 0
30 1 0
240 71 0
110 8 0
2 88 0
3 24 0
238 19 0
0 128 0
22 1 0
240 192 0
159 241 0
0 92 0
106 7 0
113 5 0
240 87 0
0 108 0
1 174 0
241 178 0
3 131 0
0 215 0
239 84 0
241 64 0
1 77 0
239 72 0
110 6 0
210 0 0
0 126 0
27 4 0
22 0 0
2 155 0
240 88 0
2 225 0
192 238 0
106 3 0
144 241 0
203 0 0
240 41 0
0 26 0
239 88 0
28 1 0
1 95 0
64 0 0
240 181 0
196 236 0
162 241 0
194 4 0
2 193 0
33 240 0
109 239 0
240 155 0
180 237 0
111 7 0
194 240 0
237 240 0
2 89 0
228 236 0
3 39 0
238 161 0
177 0 0
29 2 0
180 239 0
38 237 0
135 238 0
239 42 0
0 71 0
3 72 0
228 0 0
3 193 0
241 154 0
65 0 0
3 87 0
182 238 0
240 107 0
0 218 0
195 237 0
200 241 0
6 240 0
241 219 0
239 51 0
2 194 0
235 102 0
112 6 0
0 155 0
1 90 0
104 5 0
199 239 0
22 241 0
129 240 0
240 234 0
241 196 0
3 156 0
1 192 0
2 87 0
237 69 0
74 241 0
241 84 0
120 241 0
238 25 0
112 5 0
240 217 0
241 29 0
113 237 0
3 66 0
0 234 0
1 131 0
239 66 0
23 241 0
239 108 0
0 232 0
8 241 0
108 238 0
196 239 0
38 240 0
29 237 0
0 150 0
160 1 0
180 241 0
1 225 0
134 238 0
105 3 0
9 0 0
0 91 0
241 5 0
1 191 0
115 1 0
136 240 0
1 37 0
46 240 0
239 3 0
74 240 0
39 0 0
1 181 0
0 226 0
238 30 0
41 239 0
240 175 0
189 1 0
39 239 0
1 43 0
217 2 0
184 2 0
104 4 0
241 226 0
241 54 0
239 157 0
110 239 0
191 2 0
0 125 0
1 104 0
105 241 0
238 27 0
186 241 0
112 238 0
112 2 0
110 3 0
241 127 0
240 138 0
164 241 0
40 240 0
172 0 0
181 240 0
106 0 0
187 0 0
3 42 0
193 239 0
181 241 0
81 239 0
240 230 0
241 169 0
241 7 0
26 241 0
241 76 0
27 239 0
102 2 0
15 0 0
30 240 0
38 239 0
28 2 0
0 211 0
238 240 0
241 235 0
112 1 0
10 240 0
239 218 0
122 0 0
46 2 0
75 240 0
238 106 0
191 241 0
0 25 0
25 239 0
77 1 0
239 134 0
221 240 0
237 13 0
30 3 0
31 5 0
0 188 0
241 197 0
0 103 0
197 235 0
239 67 0
113 236 0
197 241 0
0 224 0
95 241 0
180 238 0
241 128 0
2 240 0
0 217 0
219 1 0
241 229 0
0 39 0
239 202 0
150 1 0
111 234 0
238 128 0
220 2 0
2 91 0
240 219 0
2 20 0
108 4 0
1 215 0
2 192 0
2 234 0
0 163 0
4 156 0
241 212 0
241 240 0
180 240 0
2 43 0
67 2 0
92 240 0
241 150 0
239 160 0
0 90 0
226 238 0
58 241 0
108 1 0
0 50 0
43 2 0
238 14 0
0 54 0
20 241 0
241 19 0
1 24 0
240 160 0
0 159 0
241 140 0
241 21 0
240 83 0
0 181 0
241 78 0
237 1 0
145 241 0
26 240 0
240 132 0
22 3 0
165 4 0
239 1 0
240 2 0
208 241 0
241 123 0
37 0 0
0 170 0
1 42 0
213 241 0
1 32 0
0 153 0
114 0 0
240 154 0
240 50 0
2 213 0
178 241 0
75 241 0
241 238 0
21 1 0
241 171 0
26 2 0
214 1 0
167 0 0
86 241 0
27 2 0
241 125 0
197 240 0
190 1 0
241 72 0
0 151 0
78 1 0
97 239 0
76 240 0
240 141 0
186 3 0
199 237 0
89 240 0
1 39 0
238 212 0
98 240 0
241 110 0
240 236 0
110 234 0
162 4 0
115 2 0
238 67 0
45 240 0
241 50 0
239 46 0
237 68 0
44 238 0
240 104 0
4 88 0
0 102 0
239 78 0
114 236 0
122 241 0
241 124 0
39 237 0
0 16 0
127 0 0
0 109 0
81 2 0
240 157 0
241 201 0
240 66 0
74 1 0
241 95 0
0 209 0
0 137 0
240 19 0
150 241 0
0 138 0
1 117 0
229 237 0
4 24 0
0 135 0
4 4 0
3 130 0
1 214 0
2 150 0
1 217 0
2 36 0
241 122 0
107 2 0
44 237 0
188 241 0
2 71 0
0 97 0
2 90 0
70 240 0
1 236 0
239 193 0
23 2 0
217 4 0
0 9 0
2 48 0
171 240 0
196 2 0
241 42 0
241 40 0
93 236 0
240 229 0
29 238 0
239 36 0
191 5 0
0 124 0
42 238 0
241 35 0
240 53 0
195 239 0
117 0 0
241 98 0
134 239 0
3 14 0
56 241 0
102 4 0
1 240 0
240 164 0
239 192 0
26 4 0
17 241 0
0 235 0
240 119 0
46 0 0
0 230 0
23 4 0
39 238 0
80 1 0
241 4 0
239 15 0
3 38 0
103 241 0
75 1 0
100 4 0
240 31 0
239 29 0
106 1 0
0 2 0
4 46 0
239 30 0
219 240 0
115 3 0
241 119 0
2 31 0
0 27 0
2 42 0
240 20 0
1 16 0
203 241 0
50 0 0
98 1 0
0 3 0
135 236 0
143 241 0
241 217 0
147 238 0
1 141 0
99 1 0
108 241 0
240 241 0
241 139 0
112 7 0
88 240 0
0 61 0
165 0 0
137 238 0
241 47 0
129 239 0
29 5 0
193 0 0
101 0 0
128 240 0
0 24 0
30 239 0
230 241 0
239 21 0
82 0 0
233 0 0
239 171 0
99 2 0
162 5 0
241 185 0
241 12 0
76 3 0
107 3 0
112 0 0
30 4 0
0 64 0
241 85 0
0 117 0
240 47 0
137 1 0
0 32 0
241 17 0
241 175 0
0 193 0
161 3 0
239 17 0
109 1 0
191 239 0
195 241 0
238 3 0
241 62 0
2 133 0
0 179 0
106 2 0
240 79 0
100 240 0
0 60 0
190 2 0
95 1 0
103 4 0
75 239 0
110 1 0
0 148 0
87 0 0
100 2 0
240 105 0
133 241 0
67 241 0
30 5 0
44 241 0
22 4 0
113 1 0
241 22 0
90 238 0
137 241 0
69 0 0
113 4 0
1 63 0
32 2 0
215 2 0
239 132 0
235 241 0
176 240 0
0 66 0
241 39 0
237 107 0
42 241 0
85 0 0
53 241 0
15 241 0
125 241 0
2 236 0
27 1 0
236 68 0
239 31 0
0 134 0
47 241 0
241 149 0
110 235 0
241 195 0
31 2 0
202 0 0
238 115 0
238 131 0
4 3 0
77 0 0
78 241 0
37 241 0
22 2 0
163 1 0
235 69 0
25 0 0
1 157 0
0 105 0
21 4 0
1 70 0
43 240 0
186 4 0
2 142 0
240 77 0
229 239 0
240 133 0
1 138 0
0 74 0
0 45 0
229 0 0
139 241 0
241 8 0
0 79 0
1 229 0
205 0 0
166 2 0
82 238 0
1 31 0
23 5 0
143 0 0
240 28 0
179 0 0
230 238 0
101 239 0
198 239 0
240 76 0
118 241 0
186 240 0
29 3 0
239 32 0
241 111 0
101 2 0
239 214 0
0 237 0
24 3 0
29 1 0
239 2 0
2 102 0
32 240 0
3 157 0
239 181 0
178 0 0
199 241 0
241 60 0
42 237 0
241 81 0
1 158 0
25 240 0
0 233 0
33 1 0
0 206 0
133 239 0
40 235 0
2 7 0
1 76 0
57 241 0
0 123 0
0 82 0
0 89 0
116 241 0
240 201 0
200 239 0
3 155 0
1 92 0
3 89 0
241 144 0
241 96 0
2 66 0
152 241 0
190 238 0
81 1 0
127 241 0
1 14 0
241 6 0
239 133 0
240 39 0
240 85 0
234 241 0
111 238 0
241 68 0
0 186 0
2 114 0
25 1 0
27 3 0
4 241 0
28 3 0
155 2 0
28 0 0
216 1 0
130 241 0
238 109 0
0 72 0
107 6 0
241 28 0
212 241 0
240 11 0
0 57 0
111 237 0
188 4 0
225 239 0
111 6 0
113 3 0
180 0 0
41 237 0
186 1 0
0 129 0
136 241 0
187 4 0
111 235 0
237 2 0
1 115 0
238 104 0
194 238 0
108 2 0
132 239 0
197 236 0
240 52 0
3 46 0
55 0 0
111 240 0
109 2 0
112 239 0
2 210 0
110 4 0
189 236 0
165 2 0
2 214 0
1 212 0
238 119 0
19 1 0
192 1 0
239 177 0
241 232 0
239 119 0
239 131 0
187 236 0
3 34 0
236 17 0
137 3 0
241 193 0
108 239 0
241 177 0
112 241 0
236 69 0
109 3 0
2 139 0
59 241 0
1 130 0
100 241 0
0 189 0
1 228 0
238 107 0
133 2 0
237 128 0
97 1 0
2 30 0
74 2 0
20 0 0
84 241 0
66 1 0
185 239 0
240 239 0
0 139 0
240 27 0
234 240 0
238 213 0
239 128 0
0 84 0
111 4 0
241 102 0
240 216 0
240 23 0
83 0 0
0 212 0
21 0 0
1 211 0
49 1 0
29 241 0
238 16 0
2 73 0
0 184 0
230 240 0
0 76 0
83 2 0
68 241 0
238 130 0
230 0 0
231 240 0
68 0 0
182 241 0
8 0 0
173 241 0
236 107 0
241 129 0
169 241 0
87 240 0
238 18 0
1 13 0
70 0 0
197 239 0
239 28 0
1 40 0
73 1 0
168 241 0
164 2 0
3 88 0
163 240 0
3 4 0
3 37 0
1 62 0
3 25 0
239 176 0
241 61 0
237 102 0
239 175 0
42 236 0
238 170 0
186 239 0
183 3 0
240 233 0
239 102 0
137 240 0
192 0 0
128 238 0
210 241 0
209 241 0
0 78 0
239 215 0
163 241 0
190 239 0
138 241 0
238 215 0
213 0 0
209 239 0
224 0 0
239 16 0
209 238 0
9 241 0
128 241 0
239 24 0
128 239 0
153 241 0
237 214 0
240 94 0
225 1 0
104 0 0
241 73 0
218 3 0
41 0 0
174 0 0
240 6 0
33 2 0
77 5 0
239 104 0
32 1 0
34 1 0
1 88 0
0 143 0
2 128 0
240 103 0
33 0 0
0 63 0
223 0 0
1 2 0
241 31 0
241 228 0
187 240 0
184 1 0
169 240 0
43 239 0
185 240 0
1 186 0
4 239 0
241 230 0
1 205 0
239 103 0
184 240 0
206 0 0
187 239 0
239 101 0
188 239 0
238 103 0
86 0 0
1 105 0
188 234 0
71 241 0
188 240 0
2 174 0
240 65 0
239 44 0
218 2 0
193 241 0
241 231 0
190 237 0
36 0 0
190 236 0
187 238 0
0 70 0
45 1 0
43 241 0
241 97 0
86 237 0
86 238 0
2 81 0
1 82 0
0 85 0
1 83 0
171 241 0
238 7 0
241 82 0
164 240 0
0 81 0
241 179 0
0 99 0
85 237 0
0 203 0
1 128 0
187 1 0
154 1 0
87 236 0
189 237 0
47 1 0
186 237 0
187 237 0
225 241 0
241 145 0
36 241 0
240 22 0
241 120 0
90 241 0
3 129 0
241 157 0
167 1 0
240 148 0
103 0 0
60 241 0
241 65 0
241 94 0
0 23 0
161 2 0
187 241 0
1 190 0
49 241 0
241 59 0
3 105 0
238 172 0
82 2 0
224 241 0
240 171 0
2 132 0
120 0 0
240 176 0
2 77 0
241 93 0
235 240 0
0 165 0
236 10 0
79 241 0
241 71 0
186 5 0
145 238 0
240 211 0
11 0 0
241 36 0
214 0 0
1 194 0
162 240 0
239 211 0
239 143 0
240 75 0
240 209 0
0 48 0
124 240 0
170 239 0
240 210 0
163 239 0
170 0 0
140 0 0
81 241 0
223 241 0
10 0 0
25 241 0
241 152 0
241 211 0
2 154 0
239 210 0
105 239 0
113 2 0
233 240 0
185 2 0
241 134 0
0 34 0
221 241 0
241 173 0
239 173 0
240 172 0
108 7 0
239 58 0
105 1 0
238 171 0
191 237 0
2 226 0
188 235 0
65 1 0
236 103 0
28 4 0
135 239 0
238 174 0
2 191 0
238 102 0
238 105 0
112 3 0
93 239 0
241 44 0
84 240 0
241 132 0
239 105 0
77 241 0
85 239 0
189 240 0
1 7 0
37 237 0
239 69 0
240 72 0
102 3 0
238 70 0
78 0 0
2 22 0
216 2 0
18 240 0
241 174 0
211 0 0
181 0 0
216 0 0
189 241 0
84 239 0
49 2 0
112 8 0
240 45 0
240 174 0
48 1 0
241 11 0
145 0 0
114 2 0
175 241 0
49 0 0
138 4 0
3 35 0
239 71 0
235 103 0
0 55 0
241 100 0
24 1 0
229 240 0
148 240 0
37 238 0
36 239 0
202 239 0
0 15 0
241 237 0
3 239 0
35 240 0
202 238 0
1 53 0
36 240 0
24 4 0
53 1 0
240 118 0
1 68 0
40 236 0
1 11 0
241 186 0
53 2 0
158 241 0
131 0 0
94 241 0
240 180 0
40 241 0
1 91 0
114 241 0
148 0 0
37 239 0
76 2 0
241 27 0
151 0 0
0 141 0
201 240 0
3 12 0
202 240 0
107 239 0
240 182 0
193 5 0
54 0 0
0 106 0
201 238 0
150 2 0
201 0 0
23 0 0
2 153 0
201 241 0
82 241 0
238 69 0
1 69 0
35 239 0
36 238 0
5 157 0
217 0 0
141 0 0
2 70 0
241 49 0
190 240 0
189 239 0
220 0 0
240 73 0
219 2 0
92 239 0
231 238 0
35 238 0
238 64 0
1 71 0
238 65 0
237 27 0
1 67 0
240 29 0
2 206 0
142 3 0
237 103 0
188 238 0
235 68 0
189 4 0
109 236 0
109 237 0
238 10 0
112 237 0
238 66 0
237 105 0
236 70 0
95 239 0
240 101 0
2 23 0
1 23 0
3 114 0
140 2 0
3 36 0
185 241 0
116 240 0
196 241 0
240 74 0
27 241 0
108 5 0
2 86 0
115 240 0
0 182 0
194 237 0
105 237 0
183 2 0
241 136 0
114 4 0
111 5 0
1 113 0
239 120 0
238 1 0
3 0 0
235 7 0
236 7 0
238 6 0
100 1 0
193 2 0
134 1 0
170 241 0
231 236 0
238 11 0
0 100 0
90 0 0
241 194 0
239 7 0
240 70 0
2 19 0
241 131 0
138 238 0
239 8 0
185 4 0
240 8 0
240 128 0
194 0 0
185 3 0
238 9 0
239 129 0
239 9 0
3 154 0
238 129 0
240 185 0
0 228 0
0 152 0
0 49 0
238 2 0
232 0 0
239 13 0
233 241 0
104 241 0
0 28 0
1 20 0
231 237 0
34 239 0
241 215 0
144 239 0
239 10 0
241 52 0
0 164 0
74 3 0
0 67 0
0 115 0
104 240 0
177 241 0
241 10 0
240 9 0
0 21 0
68 2 0
66 2 0
186 2 0
185 1 0
110 0 0
68 240 0
241 205 0
236 8 0
1 107 0
224 240 0
132 1 0
32 241 0
241 33 0
87 237 0
3 10 0
204 0 0
186 0 0
231 241 0
163 4 0
67 0 0
14 241 0
194 239 0
184 3 0
88 237 0
239 80 0
241 222 0
234 1 0
239 11 0
237 8 0
101 240 0
187 2 0
0 144 0
42 240 0
1 79 0
188 2 0
110 7 0
138 239 0
240 44 0
0 130 0
239 40 0
238 42 0
240 56 0
195 0 0
1 12 0
240 57 0
77 3 0
240 120 0
157 0 0
241 58 0
241 223 0
225 238 0
0 160 0
1 185 0
0 75 0
241 38 0
1 74 0
94 237 0
2 44 0
0 162 0
48 0 0
194 241 0
0 31 0
196 1 0
0 22 0
2 25 0
141 2 0
238 173 0
240 43 0
240 189 0
233 4 0
116 0 0
240 178 0
112 4 0
239 43 0
4 35 0
191 6 0
171 0 0
0 187 0
155 240 0
0 223 0
113 6 0
186 238 0
237 0 0
30 241 0
2 15 0
1 189 0
241 206 0
205 241 0
239 41 0
76 0 0
63 0 0
134 240 0
237 172 0
0 118 0
3 175 0
239 54 0
138 240 0
240 55 0
0 208 0
135 240 0
0 191 0
0 158 0
124 241 0
225 2 0
138 1 0
224 1 0
113 0 0
2 175 0
76 241 0
62 0 0
0 13 0
204 241 0
0 175 0
241 18 0
47 0 0
88 239 0
135 237 0
238 41 0
137 239 0
112 240 0
139 240 0
1 78 0
237 9 0
133 240 0
136 239 0
241 225 0
125 239 0
241 77 0
182 3 0
239 12 0
179 237 0
240 14 0
207 0 0
240 68 0
139 239 0
240 63 0
135 1 0
110 237 0
232 238 0
138 5 0
228 239 0
228 240 0
1 149 0
164 5 0
4 13 0
192 2 0
238 12 0
3 213 0
149 1 0
3 13 0
238 13 0
206 241 0
2 5 0
28 239 0
66 0 0
0 14 0
172 241 0
140 3 0
108 8 0
100 0 0
108 0 0
191 240 0
2 215 0
238 214 0
96 240 0
192 237 0
191 236 0
241 101 0
98 241 0
241 220 0
241 45 0
192 241 0
241 108 0
152 0 0
32 0 0
164 6 0
240 130 0
164 4 0
0 219 0
2 212 0
1 164 0
241 187 0
84 238 0
199 0 0
0 192 0
164 0 0
0 62 0
90 237 0
5 156 0
29 0 0
241 118 0
106 237 0
239 172 0
102 241 0
1 151 0
106 236 0
240 150 0
241 15 0
3 109 0
0 41 0
1 150 0
131 241 0
158 0 0
231 239 0
236 240 0
227 240 0
138 3 0
165 3 0
1 18 0
140 4 0
2 108 0
2 107 0
1 94 0
2 79 0
198 0 0
239 106 0
1 81 0
239 107 0
1 180 0
240 108 0
1 72 0
47 240 0
161 0 0
124 0 0
0 42 0
1 108 0
239 100 0
241 107 0
84 0 0
239 234 0
235 1 0
147 1 0
141 3 0
0 240 0
33 239 0
239 99 0
0 80 0
41 241 0
217 1 0
240 235 0
239 55 0
11 240 0
2 35 0
0 172 0
4 106 0
241 233 0
241 172 0
1 111 0
4 5 0
3 6 0
240 179 0
115 241 0
3 5 0
1 179 0
240 170 0
196 0 0
0 180 0
1 46 0
0 5 0
0 112 0
165 1 0
141 1 0
132 241 0
241 75 0
0 140 0
154 241 0
42 1 0
0 10 0
142 0 0
238 108 0
166 3 0
241 165 0
79 3 0
139 1 0
1 109 0
241 34 0
142 241 0
239 148 0
140 5 0
0 238 0
136 1 0
178 240 0
31 241 0
226 240 0
240 193 0
143 1 0
1 148 0
239 149 0
0 196 0
228 238 0
237 11 0
103 240 0
4 157 0
135 2 0
52 241 0
240 12 0
241 198 0
139 5 0
1 106 0
138 2 0
24 241 0
1 8 0
0 156 0
192 3 0
107 1 0
236 3 0
240 42 0
236 2 0
233 3 0
241 2 0
149 2 0
148 1 0
116 2 0
237 4 0
240 3 0
3 107 0
3 106 0
0 221 0
106 5 0
56 0 0
102 1 0
4 240 0
239 5 0
133 0 0
240 112 0
72 241 0
107 241 0
95 0 0
38 236 0
36 237 0
241 141 0
45 0 0
0 44 0
181 238 0
85 240 0
0 147 0
38 241 0
160 0 0
234 2 0
3 238 0
240 212 0
219 3 0
187 3 0
240 1 0
188 1 0
240 142 0
0 110 0
237 106 0
241 227 0
82 240 0
0 47 0
241 135 0
238 17 0
217 241 0
215 1 0
188 5 0
241 113 0
241 116 0
193 238 0
208 240 0
0 43 0
209 240 0
240 149 0
207 240 0
0 171 0
219 0 0
0 183 0
239 87 0
218 1 0
241 166 0
161 1 0
3 103 0
241 41 0
240 4 0
189 238 0
0 17 0
89 239 0
239 130 0
235 4 0
86 239 0
101 241 0
237 5 0
73 240 0
133 3 0
2 105 0
145 237 0
241 214 0
3 240 0
101 4 0
176 0 0
1 17 0
148 2 0
145 239 0
6 239 0
2 16 0
241 189 0
46 239 0
1 15 0
98 0 0
236 5 0
0 93 0
241 67 0
46 241 0
46 238 0
0 195 0
129 0 0
240 81 0
139 2 0
52 0 0
192 239 0
3 47 0
10 241 0
90 239 0
239 79 0
241 37 0
5 241 0
146 237 0
148 3 0
79 0 0
147 239 0
146 240 0
105 2 0
144 240 0
147 240 0
1 239 0
35 241 0
125 238 0
241 43 0
74 0 0
99 241 0
40 234 0
147 241 0
130 0 0
2 112 0
137 0 0
0 113 0
95 240 0
240 18 0
3 44 0
3 43 0
1 224 0
149 0 0
16 241 0
114 238 0
241 69 0
241 168 0
240 129 0
3 17 0
9 240 0
238 101 0
3 104 0
3 16 0
2 14 0
3 18 0
241 3 0
4 17 0
216 3 0
241 79 0
236 4 0
234 5 0
52 1 0
2 12 0
240 198 0
241 9 0
235 5 0
146 239 0
240 5 0
85 238 0
188 3 0
96 239 0
79 4 0
2 104 0
3 158 0
3 67 0
1 155 0
83 240 0
2 157 0
0 207 0
2 156 0
237 70 0
2 127 0
3 241 0
0 19 0
19 241 0
191 3 0
0 173 0
184 241 0
241 192 0
113 241 0
240 40 0
0 7 0
0 178 0
91 241 0
0 214 0
16 0 0
151 1 0
237 241 0
188 237 0
136 0 0
184 0 0
191 238 0
78 5 0
123 0 0
157 241 0
157 238 0
1 45 0
237 7 0
78 3 0
77 2 0
2 45 0
78 4 0
38 0 0
241 137 0
1 153 0
238 8 0
81 240 0
218 241 0
31 1 0
22 5 0
83 238 0
117 241 0
241 90 0
241 184 0
16 240 0
235 3 0
71 0 0
102 238 0
85 241 0
230 239 0
241 148 0
241 1 0
0 157 0
102 239 0
0 98 0
241 153 0
193 3 0
239 126 0
239 127 0
169 0 0
72 1 0
240 213 0
89 0 0
1 152 0
81 0 0
88 241 0
191 1 0
221 0 0
0 35 0
34 0 0
241 99 0
0 133 0
80 240 0
191 4 0
1 47 0
84 237 0
240 17 0
3 153 0
1 110 0
105 6 0
189 2 0
4 155 0
1 159 0
194 1 0
1 154 0
235 2 0
190 3 0
233 5 0
190 4 0
29 4 0
105 5 0
3 3 0
2 3 0
2 4 0
75 238 0
240 13 0
237 104 0
234 10 0
235 8 0
26 3 0
114 3 0
145 240 0
237 10 0
12 0 0
109 235 0
92 0 0
234 9 0
108 237 0
107 237 0
1 5 0
1 6 0
240 16 0
107 5 0
93 0 0
94 0 0
97 0 0
88 0 0
89 241 0
241 13 0
0 166 0
241 112 0
70 241 0
5 0 0
0 33 0
241 24 0
207 241 0
241 105 0
0 52 0
241 221 0
7 0 0
183 0 0
183 241 0
63 241 0
59 0 0
0 94 0
189 0 0
83 241 0
80 241 0
129 241 0
241 83 0
0 205 0
197 0 0
0 229 0
0 104 0
0 11 0
0 210 0
134 0 0
202 241 0
19 0 0
146 0 0
241 183 0
144 0 0
0 73 0
0 68 0
241 236 0
107 0 0
241 188 0
226 0 0
34 241 0
50 241 0
167 241 0
134 241 0
139 0 0
91 0 0
44 0 0
235 0 0
13 241 0
42 0 0
24 0 0
241 204 0
0 119 0
241 23 0
0 53 0
0 197 0
0 198 0
241 32 0
0 199 0
241 66 0
26 0 0
241 114 0
140 241 0
232 241 0
241 200 0
238 241 0
219 241 0
138 0 0
241 103 0
92 241 0
241 121 0
0 56 0
0 145 0
241 25 0
0 18 0
4 0 0
61 241 0
208 0 0
0 236 0
211 241 0
241 209 0
0 194 0
14 0 0
110 241 0
0 96 0
241 164 0
241 14 0
18 241 0
0 8 0
151 241 0
209 0 0
231 0 0
241 87 0
0 83 0
212 0 0
241 89 0
236 241 0
236 0 0
0 213 0
214 241 0
241 147 0
64 241 0
241 224 0
73 241 0
241 160 0
0 69 0
35 0 0
241 162 0
0 149 0
low, high, current -1 -1 8
Confirming Router Algorithm: TIMING_DRIVEN.
T_crit: 1.25147e-07.
T_crit: 1.24907e-07.
T_crit: 1.24987e-07.
T_crit: 1.24907e-07.
T_crit: 1.24883e-07.
T_crit: 1.24893e-07.
T_crit: 1.2479e-07.
T_crit: 1.24907e-07.
T_crit: 1.24987e-07.
T_crit: 1.24907e-07.
T_crit: 1.24895e-07.
T_crit: 1.25117e-07.
T_crit: 1.25198e-07.
T_crit: 1.25408e-07.
T_crit: 1.2541e-07.
T_crit: 1.25619e-07.
T_crit: 1.25962e-07.
T_crit: 1.25964e-07.
T_crit: 1.26486e-07.
T_crit: 1.27009e-07.
T_crit: 1.268e-07.
T_crit: 1.27009e-07.
T_crit: 1.27009e-07.
T_crit: 1.2732e-07.
T_crit: 1.27318e-07.
T_crit: 1.2784e-07.
T_crit: 1.2878e-07.
T_crit: 1.28683e-07.
T_crit: 1.29099e-07.
T_crit: 1.29929e-07.
T_crit: 1.30342e-07.
T_crit: 1.30659e-07.
T_crit: 1.31282e-07.
T_crit: 1.31694e-07.
T_crit: 1.31072e-07.
T_crit: 1.30967e-07.
T_crit: 1.30859e-07.
T_crit: 1.31384e-07.
T_crit: 1.3243e-07.
T_crit: 1.31384e-07.
T_crit: 1.30656e-07.
T_crit: 1.30158e-07.
T_crit: 1.31827e-07.
T_crit: 1.31296e-07.
T_crit: 1.31085e-07.
T_crit: 1.31917e-07.
T_crit: 1.32425e-07.
T_crit: 1.30659e-07.
T_crit: 1.31699e-07.
T_crit: 1.31606e-07.
Routing failed.
low, high, current 8 -1 16
Confirming Router Algorithm: TIMING_DRIVEN.
T_crit: 1.25053e-07.
T_crit: 1.24998e-07.
T_crit: 1.2479e-07.
T_crit: 1.24803e-07.
T_crit: 1.24884e-07.
T_crit: 1.24895e-07.
T_crit: 1.24997e-07.
T_crit: 1.24895e-07.
T_crit: 1.24999e-07.
T_crit: 1.24999e-07.
T_crit: 1.24893e-07.
T_crit: 1.24907e-07.
T_crit: 1.24895e-07.
T_crit: 1.24998e-07.
T_crit: 1.24893e-07.
T_crit: 1.25093e-07.
T_crit: 1.25093e-07.
T_crit: 1.25093e-07.
T_crit: 1.25093e-07.
T_crit: 1.25093e-07.
T_crit: 1.25093e-07.
T_crit: 1.25093e-07.
T_crit: 1.25112e-07.
T_crit: 1.25112e-07.
T_crit: 1.25112e-07.
T_crit: 1.25112e-07.
T_crit: 1.25112e-07.
T_crit: 1.25112e-07.
T_crit: 1.25112e-07.
T_crit: 1.25112e-07.
T_crit: 1.25112e-07.
T_crit: 1.25112e-07.
T_crit: 1.25112e-07.
T_crit: 1.25112e-07.
T_crit: 1.25112e-07.
T_crit: 1.25112e-07.
T_crit: 1.25112e-07.
T_crit: 1.25112e-07.
T_crit: 1.25112e-07.
T_crit: 1.25112e-07.
T_crit: 1.25112e-07.
Successfully routed after 42 routing iterations.
Completed net delay value cross check successfully.
low, high, current 8 16 12
Confirming Router Algorithm: TIMING_DRIVEN.
T_crit: 1.25278e-07.
T_crit: 1.25379e-07.
T_crit: 1.25228e-07.
T_crit: 1.25335e-07.
T_crit: 1.25134e-07.
T_crit: 1.25133e-07.
T_crit: 1.25134e-07.
T_crit: 1.25228e-07.
T_crit: 1.25228e-07.
T_crit: 1.25229e-07.
T_crit: 1.25229e-07.
T_crit: 1.25337e-07.
T_crit: 1.25337e-07.
T_crit: 1.25338e-07.
T_crit: 1.25338e-07.
T_crit: 1.25338e-07.
T_crit: 1.25338e-07.
T_crit: 1.2544e-07.
T_crit: 1.2544e-07.
T_crit: 1.2544e-07.
T_crit: 1.2544e-07.
T_crit: 1.26328e-07.
T_crit: 1.26334e-07.
T_crit: 1.27363e-07.
T_crit: 1.26823e-07.
T_crit: 1.27663e-07.
T_crit: 1.27663e-07.
T_crit: 1.27663e-07.
T_crit: 1.27663e-07.
T_crit: 1.27638e-07.
T_crit: 1.27638e-07.
T_crit: 1.27533e-07.
T_crit: 1.27669e-07.
T_crit: 1.27346e-07.
T_crit: 1.27346e-07.
T_crit: 1.27346e-07.
T_crit: 1.27774e-07.
T_crit: 1.27774e-07.
T_crit: 1.27113e-07.
T_crit: 1.27868e-07.
T_crit: 1.27873e-07.
T_crit: 1.28427e-07.
T_crit: 1.28118e-07.
T_crit: 1.28118e-07.
T_crit: 1.28119e-07.
T_crit: 1.29055e-07.
T_crit: 1.28663e-07.
T_crit: 1.28583e-07.
T_crit: 1.28588e-07.
T_crit: 1.28689e-07.
Routing failed.
low, high, current 12 16 14
Confirming Router Algorithm: TIMING_DRIVEN.
T_crit: 1.25079e-07.
T_crit: 1.24978e-07.
T_crit: 1.24968e-07.
T_crit: 1.25201e-07.
T_crit: 1.24888e-07.
T_crit: 1.25041e-07.
T_crit: 1.24874e-07.
T_crit: 1.24979e-07.
T_crit: 1.24996e-07.
T_crit: 1.251e-07.
T_crit: 1.25098e-07.
T_crit: 1.24979e-07.
T_crit: 1.24874e-07.
T_crit: 1.24979e-07.
T_crit: 1.24874e-07.
T_crit: 1.24874e-07.
T_crit: 1.24979e-07.
T_crit: 1.24979e-07.
T_crit: 1.2488e-07.
T_crit: 1.2488e-07.
T_crit: 1.2488e-07.
T_crit: 1.2488e-07.
T_crit: 1.2488e-07.
T_crit: 1.2488e-07.
T_crit: 1.2488e-07.
T_crit: 1.2488e-07.
T_crit: 1.2488e-07.
T_crit: 1.2488e-07.
T_crit: 1.25553e-07.
T_crit: 1.25477e-07.
T_crit: 1.25378e-07.
T_crit: 1.25286e-07.
T_crit: 1.25589e-07.
T_crit: 1.26613e-07.
T_crit: 1.27011e-07.
T_crit: 1.26707e-07.
T_crit: 1.26906e-07.
T_crit: 1.28591e-07.
T_crit: 1.28267e-07.
T_crit: 1.28466e-07.
T_crit: 1.28132e-07.
T_crit: 1.27584e-07.
T_crit: 1.27719e-07.
T_crit: 1.27808e-07.
T_crit: 1.27937e-07.
T_crit: 1.27928e-07.
T_crit: 1.28203e-07.
T_crit: 1.27704e-07.
T_crit: 1.27757e-07.
T_crit: 1.27608e-07.
Routing failed.

Checking to ensure routing is legal ...
Completed routing consistency check successfully.

Serial number (magic cookie) for the routing is: 1977227552
Best routing used a channel width factor of 16.


Average number of bends per net: 7.98230  Maximum # of bends: 47


The number of routed nets (nonglobal): 2373
Wirelength results (all in units of 1 clb segments):
	Total wirelength: 398646   Average net length: 167.992
	Maximum net length: 839

Wirelength results in terms of physical segments:
	Total wiring segments used: 200043   Av. wire segments per net: 84.2996
	Maximum segments used by a net: 420


X - Directed channels:

j	max occ	av_occ		capacity
0	16	8.22500  	16
1	16	9.25417  	16
2	16	9.52083  	16
3	16	8.18750  	16
4	16	9.75000  	16
5	16	11.4542  	16
6	16	10.8917  	16
7	16	10.7792  	16
8	16	10.2917  	16
9	16	11.5375  	16
10	16	9.51667  	16
11	16	10.5583  	16
12	16	11.3917  	16
13	16	11.2458  	16
14	16	10.4708  	16
15	16	10.1625  	16
16	15	8.37500  	16
17	12	7.70417  	16
18	13	7.97917  	16
19	13	5.25833  	16
20	7	3.45833  	16
21	7	3.17917  	16
22	8	4.03750  	16
23	8	4.41667  	16
24	10	3.73333  	16
25	8	3.72500  	16
26	9	3.03750  	16
27	9	2.40000  	16
28	4	3.39167  	16
29	8	4.18333  	16
30	9	5.92083  	16
31	6	1.15833  	16
32	6	1.69167  	16
33	5	2.74167  	16
34	9	5.30417  	16
35	8	3.68750  	16
36	8	4.77917  	16
37	10	8.05417  	16
38	11	6.09167  	16
39	8	6.62500  	16
40	10	3.92083  	16
41	11	1.25417  	16
42	11	2.75000  	16
43	12	1.74583  	16
44	13	4.36667  	16
45	13	5.95833  	16
46	13	6.60000  	16
47	11	5.51667  	16
48	5	2.54167  	16
49	6	1.16667  	16
50	5	1.75833  	16
51	8	0.233333 	16
52	7	1.47083  	16
53	7	4.20000  	16
54	6	0.600000 	16
55	6	0.154167 	16
56	6	0.229167 	16
57	8	0.508333 	16
58	5	1.31250  	16
59	6	1.26667  	16
60	3	0.150000 	16
61	4	0.125000 	16
62	6	2.40417  	16
63	8	4.16667  	16
64	9	2.59167  	16
65	9	2.26667  	16
66	12	4.65833  	16
67	12	3.54583  	16
68	12	3.18750  	16
69	11	8.27500  	16
70	12	7.07500  	16
71	8	1.76667  	16
72	9	1.48333  	16
73	8	3.68750  	16
74	8	3.66250  	16
75	7	4.97500  	16
76	8	1.36667  	16
77	7	3.06250  	16
78	10	5.11667  	16
79	8	6.85833  	16
80	11	3.77917  	16
81	6	3.70833  	16
82	6	0.558333 	16
83	6	2.38333  	16
84	4	1.57500  	16
85	5	1.20833  	16
86	9	3.05000  	16
87	9	2.39167  	16
88	11	5.15000  	16
89	8	2.88750  	16
90	9	2.18333  	16
91	8	1.14167  	16
92	4	1.50000  	16
93	6	1.70000  	16
94	7	2.64583  	16
95	3	0.0833333	16
96	4	2.46667  	16
97	6	0.854167 	16
98	5	0.337500 	16
99	7	0.525000 	16
100	11	0.937500 	16
101	12	2.76667  	16
102	13	5.36250  	16
103	14	5.03333  	16
104	13	5.05417  	16
105	13	6.05000  	16
106	11	7.18333  	16
107	10	4.90833  	16
108	11	4.58333  	16
109	9	3.32083  	16
110	7	2.44583  	16
111	5	1.02917  	16
112	7	4.39167  	16
113	9	4.65417  	16
114	9	6.54167  	16
115	6	3.38333  	16
116	7	2.31250  	16
117	5	0.479167 	16
118	8	3.62083  	16
119	6	1.08750  	16
120	2	0.441667 	16
121	3	0.991667 	16
122	3	2.30833  	16
123	3	1.05833  	16
124	4	0.108333 	16
125	7	1.04583  	16
126	7	3.26667  	16
127	9	5.62500  	16
128	12	4.52917  	16
129	10	2.67917  	16
130	10	3.57500  	16
131	9	3.88750  	16
132	9	4.92500  	16
133	6	4.14583  	16
134	3	0.358333 	16
135	3	1.02500  	16
136	3	0.908333 	16
137	4	3.06250  	16
138	7	2.02917  	16
139	2	0.991667 	16
140	6	1.92917  	16
141	7	2.71667  	16
142	9	1.72917  	16
143	2	0.825000 	16
144	3	1.09583  	16
145	4	1.34167  	16
146	4	1.38333  	16
147	7	2.84167  	16
148	9	1.11250  	16
149	7	5.95833  	16
150	8	4.63333  	16
151	7	3.91667  	16
152	7	2.25833  	16
153	6	2.54583  	16
154	8	4.03750  	16
155	10	4.17500  	16
156	13	4.76250  	16
157	7	5.04167  	16
158	7	1.51667  	16
159	8	2.15417  	16
160	8	2.09167  	16
161	3	1.71667  	16
162	4	1.82500  	16
163	6	1.91250  	16
164	5	3.46667  	16
165	4	1.06250  	16
166	3	0.0666667	16
167	2	0.366667 	16
168	3	0.629167 	16
169	7	2.18333  	16
170	7	1.40417  	16
171	8	0.245833 	16
172	8	0.675000 	16
173	8	2.81667  	16
174	11	4.75417  	16
175	7	2.81250  	16
176	9	3.78750  	16
177	5	2.45000  	16
178	9	4.00000  	16
179	7	3.30000  	16
180	8	5.82500  	16
181	6	3.30417  	16
182	4	1.01250  	16
183	4	1.38333  	16
184	5	1.15833  	16
185	6	2.05000  	16
186	4	1.47500  	16
187	3	1.03333  	16
188	6	1.72917  	16
189	8	4.37083  	16
190	8	2.78333  	16
191	8	4.21667  	16
192	10	3.96667  	16
193	9	0.241667 	16
194	5	1.58333  	16
195	1	0.958333 	16
196	2	0.900000 	16
197	4	1.61250  	16
198	6	0.991667 	16
199	3	2.37083  	16
200	5	1.57917  	16
201	5	2.92083  	16
202	3	0.0791667	16
203	3	0.154167 	16
204	7	4.01250  	16
205	7	2.28750  	16
206	2	1.85833  	16
207	2	0.975000 	16
208	5	1.69583  	16
209	8	3.00833  	16
210	11	4.88750  	16
211	11	4.07500  	16
212	10	4.25000  	16
213	12	2.77500  	16
214	7	4.71250  	16
215	11	1.70417  	16
216	7	3.93333  	16
217	6	3.82083  	16
218	6	2.60417  	16
219	5	2.31250  	16
220	3	1.91250  	16
221	5	3.18333  	16
222	8	4.25833  	16
223	9	4.00833  	16
224	12	8.07083  	16
225	13	9.70833  	16
226	13	8.40000  	16
227	15	9.92917  	16
228	16	10.0958  	16
229	15	9.28750  	16
230	16	10.0000  	16
231	15	8.84167  	16
232	16	11.3750  	16
233	16	11.6042  	16
234	16	10.5833  	16
235	16	10.6542  	16
236	16	9.76667  	16
237	16	10.1167  	16
238	16	10.3208  	16
239	16	9.35000  	16
240	16	10.5333  	16

Y - Directed channels:

i	max occ	av_occ		capacity
0	15	9.90833  	16
1	14	6.92917  	16
2	14	7.44167  	16
3	14	8.25833  	16
4	13	7.62083  	16
5	16	10.9458  	16
6	16	9.96250  	16
7	15	9.53333  	16
8	15	8.93750  	16
9	14	8.20000  	16
10	15	7.40833  	16
11	12	6.99583  	16
12	11	5.43333  	16
13	8	4.70833  	16
14	9	5.66250  	16
15	5	2.63333  	16
16	6	2.63333  	16
17	6	3.92500  	16
18	4	1.40000  	16
19	5	2.99167  	16
20	5	0.679167 	16
21	10	3.14167  	16
22	12	1.05000  	16
23	11	2.14167  	16
24	12	2.10833  	16
25	10	1.24167  	16
26	11	3.06667  	16
27	11	4.32917  	16
28	9	0.875000 	16
29	11	1.88750  	16
30	7	1.85833  	16
31	7	2.34583  	16
32	8	4.32917  	16
33	9	2.87500  	16
34	12	2.37083  	16
35	7	1.58333  	16
36	11	1.52500  	16
37	12	2.80833  	16
38	8	0.387500 	16
39	12	2.79167  	16
40	11	3.62917  	16
41	11	4.61250  	16
42	12	3.99583  	16
43	10	1.23750  	16
44	9	2.22083  	16
45	9	2.72083  	16
46	7	3.05417  	16
47	5	2.90833  	16
48	5	1.30417  	16
49	7	1.26667  	16
50	7	1.39583  	16
51	5	0.233333 	16
52	5	1.35833  	16
53	4	1.36250  	16
54	3	0.716667 	16
55	2	0.962500 	16
56	1	0.00833333	16
57	3	2.41250  	16
58	3	0.954167 	16
59	2	0.875000 	16
60	2	0.0375000	16
61	2	0.925000 	16
62	4	1.46667  	16
63	2	0.0833333	16
64	4	0.483333 	16
65	6	1.14583  	16
66	4	1.11250  	16
67	7	0.229167 	16
68	4	1.82917  	16
69	4	2.30833  	16
70	7	1.29583  	16
71	5	1.26250  	16
72	6	1.74167  	16
73	11	2.96250  	16
74	14	3.96667  	16
75	8	3.00417  	16
76	13	3.39167  	16
77	12	0.570833 	16
78	13	4.00000  	16
79	7	0.912500 	16
80	9	3.14167  	16
81	9	2.42083  	16
82	9	1.32500  	16
83	10	3.15833  	16
84	13	1.30417  	16
85	10	3.67500  	16
86	14	3.16667  	16
87	8	0.466667 	16
88	8	1.25833  	16
89	10	0.358333 	16
90	8	0.562500 	16
91	10	1.92500  	16
92	9	1.91250  	16
93	10	2.22917  	16
94	11	3.64583  	16
95	10	2.52083  	16
96	10	1.85417  	16
97	9	1.41250  	16
98	11	3.33333  	16
99	11	3.18750  	16
100	12	2.17083  	16
101	15	2.11667  	16
102	12	2.61667  	16
103	14	4.72917  	16
104	15	2.41250  	16
105	13	1.59167  	16
106	15	4.59583  	16
107	15	6.83333  	16
108	13	4.40833  	16
109	13	2.16667  	16
110	14	3.65833  	16
111	13	1.84583  	16
112	15	3.57500  	16
113	13	7.26667  	16
114	13	3.22917  	16
115	11	3.47083  	16
116	14	4.45417  	16
117	8	0.779167 	16
118	6	0.216667 	16
119	4	1.02500  	16
120	5	3.23750  	16
121	3	0.150000 	16
122	5	1.85833  	16
123	7	1.71667  	16
124	9	3.02500  	16
125	11	3.25000  	16
126	6	3.66667  	16
127	8	1.62083  	16
128	5	0.204167 	16
129	9	0.354167 	16
130	6	2.50417  	16
131	9	3.02500  	16
132	7	3.14167  	16
133	11	4.90833  	16
134	9	3.20833  	16
135	11	4.01667  	16
136	9	1.41250  	16
137	9	1.88750  	16
138	8	4.19167  	16
139	11	3.25417  	16
140	10	1.02500  	16
141	11	2.67917  	16
142	8	3.07917  	16
143	7	0.895833 	16
144	9	3.90417  	16
145	9	1.46667  	16
146	7	3.96250  	16
147	5	1.21667  	16
148	8	3.95000  	16
149	10	2.05000  	16
150	4	0.945833 	16
151	3	0.0916667	16
152	4	1.47917  	16
153	4	1.28750  	16
154	6	1.25000  	16
155	6	0.266667 	16
156	10	1.44167  	16
157	5	1.51667  	16
158	4	0.766667 	16
159	7	0.879167 	16
160	9	1.37500  	16
161	13	2.75833  	16
162	10	6.16250  	16
163	13	3.71250  	16
164	11	4.49167  	16
165	8	1.84167  	16
166	9	2.39167  	16
167	5	1.76667  	16
168	5	3.34167  	16
169	7	1.65417  	16
170	5	1.69167  	16
171	4	1.06667  	16
172	6	3.08750  	16
173	2	0.0250000	16
174	5	2.92083  	16
175	4	1.91250  	16
176	9	1.55833  	16
177	8	0.954167 	16
178	8	1.25833  	16
179	12	0.433333 	16
180	10	1.65000  	16
181	12	0.641667 	16
182	9	1.38333  	16
183	11	3.09167  	16
184	10	3.61667  	16
185	14	4.74167  	16
186	11	3.47083  	16
187	14	3.73333  	16
188	12	6.23333  	16
189	12	3.28333  	16
190	13	5.28333  	16
191	13	3.13750  	16
192	12	3.20833  	16
193	13	5.05417  	16
194	12	4.65417  	16
195	11	0.779167 	16
196	12	2.52500  	16
197	8	1.41250  	16
198	11	1.36667  	16
199	11	1.38750  	16
200	9	0.237500 	16
201	9	1.48333  	16
202	7	1.23333  	16
203	2	0.0708333	16
204	5	3.07083  	16
205	2	0.0583333	16
206	4	1.26250  	16
207	6	0.483333 	16
208	8	2.77917  	16
209	4	0.316667 	16
210	5	1.47083  	16
211	4	1.68333  	16
212	3	1.49167  	16
213	6	0.425000 	16
214	8	0.191667 	16
215	10	0.695833 	16
216	11	1.98750  	16
217	13	1.49167  	16
218	7	3.50000  	16
219	8	2.95833  	16
220	6	3.00833  	16
221	6	2.96667  	16
222	7	4.97500  	16
223	7	4.96250  	16
224	10	5.85417  	16
225	12	5.44167  	16
226	12	5.95417  	16
227	14	8.14583  	16
228	16	8.95000  	16
229	15	8.72083  	16
230	16	10.0042  	16
231	14	10.8417  	16
232	15	10.1542  	16
233	15	9.65417  	16
234	16	10.3917  	16
235	15	10.6208  	16
236	14	10.4042  	16
237	15	8.25000  	16
238	15	7.67917  	16
239	14	7.12500  	16
240	14	8.73750  	16

Total Tracks in X-direction: 3856  in Y-direction: 3856

Logic Area (in minimum width transistor areas):
Total Logic Area: 1.728e+09  Per 1x1 logic tile: 30000

Routing area (in minimum width transistor areas):
Total Routing Area: 1.21385e+08  Per logic tile: 2107.37

Segment usage by type (index):
Segment type       Fractional utilization
------------       ----------------------
       0                  0.215

Segment usage by length:
Segment length       Fractional utilization
--------------       ----------------------
        2                   0.215

Critical Path: 1.25112e-07 (s)

Time elapsed (PLACE&ROUTE): 37167399.066000 ms


Time elapsed (Fernando): 37167399.090000 ms

