
VPR FPGA Placement and Routing.
Version: Version 5.0.2
Compiled: Dec 11 2020.
Original VPR by V. Betz.
Timing-driven placement enhancements by A. Marquardt.
Single-drivers enhancements by Andy Ye with additions by.
Mark Fang, Jason Luu, Ted Campbell
Heterogeneous stucture support by Jason Luu and Ted Campbell.
This code is licensed only for non-commercial use.

Auto-sizing FPGA, try x = 25 y = 25
Auto-sizing FPGA, try x = 50 y = 50
Auto-sizing FPGA, try x = 100 y = 100
Auto-sizing FPGA, try x = 50 y = 50
Auto-sizing FPGA, try x = 75 y = 75
Auto-sizing FPGA, try x = 87 y = 87
Auto-sizing FPGA, try x = 93 y = 93
Auto-sizing FPGA, try x = 96 y = 96
Auto-sizing FPGA, try x = 98 y = 98
Auto-sizing FPGA, try x = 99 y = 99
Auto-sizing FPGA, try x = 99 y = 99
FPGA auto-sized to, x = 100 y = 100

Resource Usage:
Netlist      0	blocks of type <EMPTY>
Architecture 4	blocks of type <EMPTY>
Netlist      400	blocks of type .io
Architecture 400	blocks of type .io
Netlist      236	blocks of type .clb
Architecture 10000	blocks of type .clb

Timing analysis: ON

Operation:  ROUTE_ONLY

PlacerOpts.place_freq:  PLACE_NEVER

RouterOpts.route_type:  DETAILED
RouterOpts.router_algorithm:  TIMING_DRIVEN
RouterOpts.base_cost_type:  DELAY_NORMALIZED
RouterOpts.fixed_channel_width:  NO_FIXED_CHANNEL_WIDTH
RouterOpts.acc_fac:  1.000000
RouterOpts.bb_factor:  3
RouterOpts.bend_cost:  0.000000
RouterOpts.first_iter_pres_fac:  0.500000
RouterOpts.initial_pres_fac:  0.500000
RouterOpts.pres_fac_mult:  1.300000
RouterOpts.max_router_iterations:  50
RouterOpts.astar_fac:  1.200000
RouterOpts.criticality_exp:  1.000000
RouterOpts.max_criticality:  0.990000

RoutingArch.directionality:  UNI_DIRECTIONAL
RoutingArch.switch_block_type:  WILTON
RoutingArch.Fs:  3

The circuit will be mapped into a 100 x 100 array of clbs.

Netlist num_nets:  468
Netlist num_blocks:  636
Netlist inputs pins:  232
Netlist output pins:  168

1 50 0
1 45 0
100 48 0
101 48 0
27 0 0
28 0 0
19 1 0
30 0 0
29 1 0
24 1 0
16 1 0
23 0 0
1 81 0
21 0 0
21 1 0
22 0 0
0 75 0
1 83 0
101 86 0
101 85 0
0 83 0
1 87 0
0 14 0
100 8 0
0 10 0
101 9 0
44 1 0
101 10 0
99 10 0
0 11 0
45 0 0
45 1 0
35 1 0
42 1 0
0 86 0
40 0 0
37 1 0
38 0 0
36 1 0
36 0 0
35 0 0
16 101 0
10 100 0
12 101 0
11 100 0
46 1 0
9 100 0
10 101 0
58 0 0
46 2 0
57 0 0
50 1 0
0 13 0
51 1 0
48 0 0
22 2 0
51 0 0
2 98 0
0 49 0
50 0 0
101 52 0
3 101 0
101 99 0
2 100 0
5 101 0
4 100 0
2 99 0
1 96 0
99 9 0
1 97 0
2 81 0
0 100 0
0 51 0
1 99 0
10 0 0
11 1 0
0 89 0
12 0 0
9 1 0
13 1 0
0 52 0
16 0 0
7 0 0
9 0 0
8 1 0
15 100 0
8 0 0
1 48 0
36 101 0
10 1 0
35 101 0
34 100 0
38 100 0
1 51 0
33 100 0
36 100 0
37 101 0
37 100 0
40 100 0
39 101 0
42 101 0
46 0 0
43 101 0
43 100 0
101 3 0
7 1 0
96 1 0
101 4 0
49 0 0
98 1 0
26 0 0
95 1 0
2 82 0
92 0 0
93 1 0
1 19 0
1 84 0
94 1 0
0 18 0
0 19 0
12 100 0
101 18 0
0 84 0
101 19 0
100 18 0
2 18 0
19 0 0
1 22 0
1 23 0
100 11 0
0 20 0
100 20 0
73 101 0
100 36 0
70 100 0
74 100 0
100 49 0
13 0 0
67 101 0
0 45 0
66 101 0
100 64 0
2 2 0
17 0 0
1 38 0
1 95 0
1 21 0
85 0 0
45 2 0
68 100 0
100 95 0
71 100 0
1 100 0
101 96 0
100 84 0
0 96 0
101 94 0
34 101 0
83 0 0
1 31 0
101 14 0
101 97 0
15 101 0
70 0 0
101 91 0
100 0 0
101 56 0
101 90 0
95 0 0
0 79 0
0 98 0
100 94 0
44 100 0
100 3 0
100 59 0
55 0 0
1 30 0
100 9 0
100 61 0
94 0 0
63 1 0
96 101 0
69 0 0
1 42 0
11 101 0
0 59 0
100 91 0
101 1 0
28 101 0
100 90 0
60 100 0
100 1 0
73 1 0
13 100 0
53 101 0
101 66 0
0 93 0
65 101 0
100 60 0
99 61 0
81 0 0
1 79 0
14 100 0
40 101 0
71 101 0
101 40 0
101 57 0
0 94 0
48 1 0
73 0 0
1 60 0
90 101 0
101 60 0
101 59 0
64 0 0
101 50 0
100 77 0
1 101 0
99 62 0
1 52 0
69 1 0
101 62 0
67 99 0
79 101 0
4 101 0
0 46 0
68 101 0
0 7 0
101 71 0
11 2 0
1 93 0
100 101 0
100 92 0
78 101 0
101 65 0
101 47 0
97 100 0
67 100 0
3 1 0
12 1 0
100 66 0
0 60 0
97 101 0
17 101 0
69 100 0
60 101 0
0 28 0
100 27 0
99 47 0
1 67 0
101 39 0
18 100 0
0 36 0
101 43 0
55 100 0
34 1 0
101 95 0
62 0 0
55 101 0
100 44 0
1 27 0
1 44 0
100 12 0
0 37 0
100 35 0
9 101 0
84 0 0
0 64 0
99 60 0
77 101 0
100 42 0
57 100 0
10 2 0
100 33 0
44 99 0
66 100 0
52 1 0
101 32 0
0 30 0
0 8 0
100 34 0
100 93 0
101 61 0
0 53 0
54 101 0
0 16 0
53 100 0
44 0 0
100 37 0
101 34 0
54 100 0
61 1 0
1 77 0
100 10 0
87 100 0
101 29 0
1 18 0
100 28 0
100 30 0
100 96 0
101 35 0
101 31 0
101 63 0
72 101 0
59 0 0
101 92 0
1 28 0
100 32 0
17 100 0
0 23 0
78 100 0
29 0 0
93 0 0
0 31 0
59 100 0
1 40 0
101 25 0
86 100 0
27 101 0
99 0 0
100 62 0
2 4 0
35 99 0
1 82 0
63 101 0
100 25 0
101 26 0
23 1 0
0 99 0
0 77 0
87 99 0
0 22 0
100 29 0
71 1 0
43 0 0
82 0 0
65 100 0
56 101 0
82 101 0
56 100 0
54 99 0
101 79 0
100 43 0
100 78 0
0 80 0
101 77 0
68 99 0
49 101 0
0 2 0
101 78 0
99 78 0
99 1 0
74 0 0
1 61 0
101 75 0
1 78 0
1 12 0
0 70 0
1 85 0
100 4 0
1 63 0
0 78 0
1 20 0
1 35 0
47 1 0
101 28 0
101 55 0
101 36 0
98 77 0
74 1 0
101 76 0
18 101 0
30 101 0
0 81 0
84 101 0
101 30 0
89 100 0
87 101 0
88 101 0
85 100 0
1 58 0
75 1 0
86 101 0
84 100 0
54 0 0
88 100 0
77 0 0
91 100 0
92 100 0
0 21 0
1 39 0
41 99 0
90 100 0
72 2 0
22 1 0
74 101 0
100 80 0
72 0 0
71 0 0
70 1 0
46 100 0
65 0 0
76 1 0
43 1 0
79 1 0
2 1 0
76 0 0
72 1 0
0 58 0
38 1 0
80 101 0
0 44 0
0 33 0
1 43 0
100 40 0
101 46 0
1 41 0
0 39 0
0 38 0
2 40 0
101 49 0
0 6 0
0 40 0
27 100 0
0 87 0
30 100 0
1 53 0
25 1 0
35 100 0
29 101 0
32 99 0
99 77 0
23 101 0
92 101 0
93 101 0
45 100 0
37 0 0
47 101 0
45 101 0
101 11 0
14 101 0
38 99 0
0 69 0
100 7 0
1 66 0
0 42 0
0 68 0
0 85 0
49 1 0
1 98 0
1 69 0
0 3 0
0 27 0
1 80 0
1 68 0
101 12 0
1 59 0
50 101 0
1 1 0
0 57 0
1 65 0
0 66 0
1 2 0
11 0 0
1 3 0
1 94 0
1 0 0
70 2 0
0 4 0
2 0 0
33 101 0
3 0 0
101 41 0
2 3 0
1 4 0
101 54 0
101 70 0
31 0 0
0 74 0
24 0 0
0 88 0
41 0 0
90 0 0
47 0 0
33 0 0
39 0 0
8 101 0
20 101 0
32 0 0
21 101 0
53 0 0
88 0 0
7 101 0
101 100 0
6 101 0
0 12 0
0 90 0
2 101 0
18 0 0
15 0 0
4 0 0
13 101 0
5 0 0
31 101 0
0 50 0
32 101 0
41 101 0
44 101 0
6 0 0
96 0 0
101 87 0
91 0 0
0 17 0
101 84 0
97 0 0
101 17 0
0 24 0
101 20 0
75 101 0
101 51 0
101 64 0
101 7 0
0 95 0
101 21 0
56 0 0
101 98 0
76 101 0
101 88 0
101 93 0
46 101 0
101 2 0
101 58 0
101 22 0
63 0 0
0 43 0
0 91 0
101 89 0
80 0 0
0 62 0
101 80 0
0 63 0
101 53 0
68 0 0
0 92 0
98 101 0
70 101 0
0 9 0
14 0 0
101 67 0
69 101 0
101 27 0
101 69 0
22 101 0
34 0 0
101 45 0
0 26 0
0 47 0
101 13 0
101 37 0
0 61 0
101 42 0
57 101 0
0 34 0
61 101 0
60 0 0
0 35 0
0 72 0
87 0 0
101 15 0
101 16 0
0 29 0
0 32 0
0 97 0
0 25 0
101 33 0
19 101 0
101 73 0
101 72 0
101 38 0
0 65 0
101 6 0
101 24 0
25 0 0
81 101 0
67 0 0
64 101 0
58 101 0
59 101 0
101 83 0
62 101 0
101 82 0
98 0 0
0 56 0
0 76 0
0 15 0
0 73 0
101 5 0
101 68 0
101 23 0
52 0 0
91 101 0
85 101 0
0 55 0
75 0 0
83 101 0
89 101 0
94 101 0
0 48 0
52 101 0
95 101 0
79 0 0
20 0 0
101 81 0
48 101 0
78 0 0
42 0 0
86 0 0
101 44 0
0 41 0
25 101 0
24 101 0
0 54 0
89 0 0
38 101 0
26 101 0
101 74 0
51 101 0
0 67 0
61 0 0
99 101 0
0 71 0
0 82 0
101 8 0
0 1 0
0 5 0
66 0 0
low, high, current -1 -1 8
Confirming Router Algorithm: TIMING_DRIVEN.
T_crit: 1.7613e-08.
T_crit: 1.7613e-08.
T_crit: 1.7613e-08.
T_crit: 1.7613e-08.
T_crit: 1.7613e-08.
T_crit: 1.7613e-08.
T_crit: 1.7613e-08.
Successfully routed after 8 routing iterations.
Completed net delay value cross check successfully.
low, high, current -1 8 4
Confirming Router Algorithm: TIMING_DRIVEN.
T_crit: 1.77963e-08.
T_crit: 1.77963e-08.
T_crit: 1.77963e-08.
T_crit: 1.77963e-08.
T_crit: 1.77963e-08.
T_crit: 1.77963e-08.
T_crit: 1.77963e-08.
T_crit: 1.77963e-08.
T_crit: 1.77963e-08.
T_crit: 1.77963e-08.
T_crit: 1.77963e-08.
T_crit: 1.77963e-08.
T_crit: 1.77963e-08.
T_crit: 1.77963e-08.
T_crit: 1.77963e-08.
T_crit: 1.77963e-08.
T_crit: 1.77963e-08.
T_crit: 1.77963e-08.
T_crit: 1.77963e-08.
T_crit: 1.77963e-08.
T_crit: 1.77963e-08.
T_crit: 1.77963e-08.
T_crit: 1.77963e-08.
T_crit: 1.77963e-08.
T_crit: 1.77963e-08.
T_crit: 1.77963e-08.
T_crit: 1.77963e-08.
T_crit: 1.77963e-08.
T_crit: 1.77963e-08.
T_crit: 1.77963e-08.
T_crit: 1.77963e-08.
T_crit: 1.77963e-08.
T_crit: 1.77963e-08.
T_crit: 1.77963e-08.
T_crit: 1.77963e-08.
T_crit: 1.77963e-08.
T_crit: 1.77963e-08.
T_crit: 1.77963e-08.
T_crit: 1.77963e-08.
T_crit: 1.77963e-08.
T_crit: 1.77963e-08.
T_crit: 1.77963e-08.
T_crit: 1.77963e-08.
T_crit: 1.77963e-08.
T_crit: 1.77963e-08.
T_crit: 1.77963e-08.
T_crit: 1.77963e-08.
T_crit: 1.77963e-08.
T_crit: 1.77963e-08.
T_crit: 1.77963e-08.
Routing failed.
low, high, current 4 8 6
Confirming Router Algorithm: TIMING_DRIVEN.
T_crit: 1.77214e-08.
T_crit: 1.77214e-08.
T_crit: 1.77214e-08.
T_crit: 1.77214e-08.
T_crit: 1.77214e-08.
T_crit: 1.77214e-08.
T_crit: 1.77214e-08.
T_crit: 1.77214e-08.
T_crit: 1.77214e-08.
T_crit: 1.77214e-08.
T_crit: 1.77214e-08.
T_crit: 1.77214e-08.
T_crit: 1.77214e-08.
T_crit: 1.77214e-08.
T_crit: 1.77214e-08.
T_crit: 1.77214e-08.
T_crit: 1.77214e-08.
T_crit: 1.77214e-08.
T_crit: 1.77214e-08.
T_crit: 1.77214e-08.
T_crit: 1.77214e-08.
T_crit: 1.77214e-08.
T_crit: 1.77214e-08.
T_crit: 1.77214e-08.
T_crit: 1.77214e-08.
T_crit: 1.77214e-08.
T_crit: 1.77214e-08.
T_crit: 1.77214e-08.
T_crit: 1.77214e-08.
T_crit: 1.77214e-08.
T_crit: 1.77214e-08.
T_crit: 1.77214e-08.
T_crit: 1.77214e-08.
T_crit: 1.77214e-08.
T_crit: 1.77214e-08.
T_crit: 1.77214e-08.
T_crit: 1.77214e-08.
T_crit: 1.77214e-08.
T_crit: 1.77214e-08.
T_crit: 1.77214e-08.
T_crit: 1.77214e-08.
T_crit: 1.77214e-08.
T_crit: 1.77214e-08.
T_crit: 1.77214e-08.
T_crit: 1.77214e-08.
T_crit: 1.77214e-08.
T_crit: 1.77214e-08.
T_crit: 1.77214e-08.
T_crit: 1.77214e-08.
T_crit: 1.77214e-08.
Routing failed.

Checking to ensure routing is legal ...
Completed routing consistency check successfully.

Serial number (magic cookie) for the routing is: 53461837
Best routing used a channel width factor of 8.


Average number of bends per net: 2.94872  Maximum # of bends: 10


The number of routed nets (nonglobal): 468
Wirelength results (all in units of 1 clb segments):
	Total wirelength: 12460   Average net length: 26.6239
	Maximum net length: 126

Wirelength results in terms of physical segments:
	Total wiring segments used: 6413   Av. wire segments per net: 13.7030
	Maximum segments used by a net: 63


X - Directed channels:

j	max occ	av_occ		capacity
0	8	4.71000  	8
1	8	2.80000  	8
2	6	1.84000  	8
3	6	0.620000 	8
4	1	0.0200000	8
5	2	1.03000  	8
6	4	1.02000  	8
7	2	0.960000 	8
8	5	0.100000 	8
9	4	2.04000  	8
10	3	2.95000  	8
11	5	0.170000 	8
12	3	2.92000  	8
13	1	0.0200000	8
14	0	0.00000  	8
15	1	0.0200000	8
16	1	0.0200000	8
17	5	4.03000  	8
18	3	0.0500000	8
19	4	1.05000  	8
20	5	2.05000  	8
21	2	0.0700000	8
22	3	0.0600000	8
23	1	0.0200000	8
24	1	0.0300000	8
25	0	0.00000  	8
26	2	0.0500000	8
27	4	1.06000  	8
28	3	2.99000  	8
29	3	1.06000  	8
30	2	1.01000  	8
31	2	1.01000  	8
32	2	1.03000  	8
33	2	1.01000  	8
34	2	1.03000  	8
35	3	1.09000  	8
36	3	0.0300000	8
37	3	1.04000  	8
38	3	1.07000  	8
39	6	2.11000  	8
40	3	0.0500000	8
41	6	0.130000 	8
42	3	1.05000  	8
43	3	0.0900000	8
44	5	2.07000  	8
45	2	0.980000 	8
46	4	2.98000  	8
47	3	1.07000  	8
48	2	0.0500000	8
49	2	0.0500000	8
50	3	0.0500000	8
51	3	1.03000  	8
52	3	1.03000  	8
53	0	0.00000  	8
54	2	0.0400000	8
55	0	0.00000  	8
56	1	0.0200000	8
57	4	0.0600000	8
58	4	0.0800000	8
59	4	1.15000  	8
60	3	1.04000  	8
61	6	3.07000  	8
62	5	3.97000  	8
63	3	1.03000  	8
64	3	0.120000 	8
65	3	0.0800000	8
66	3	0.0600000	8
67	4	0.0800000	8
68	4	1.97000  	8
69	2	0.0700000	8
70	1	0.0200000	8
71	2	0.420000 	8
72	1	0.870000 	8
73	1	0.230000 	8
74	1	0.0300000	8
75	1	0.0200000	8
76	7	2.11000  	8
77	5	4.01000  	8
78	2	1.05000  	8
79	4	0.140000 	8
80	4	2.01000  	8
81	3	0.0900000	8
82	6	1.08000  	8
83	3	2.00000  	8
84	2	0.0600000	8
85	2	0.0500000	8
86	2	0.0500000	8
87	2	0.980000 	8
88	1	0.0200000	8
89	1	0.0200000	8
90	2	1.03000  	8
91	3	0.0800000	8
92	3	1.05000  	8
93	3	1.06000  	8
94	5	0.130000 	8
95	4	3.00000  	8
96	4	0.0700000	8
97	5	1.35000  	8
98	7	2.38000  	8
99	8	3.96000  	8
100	8	4.88000  	8

Y - Directed channels:

i	max occ	av_occ		capacity
0	7	3.90000  	8
1	7	2.09000  	8
2	4	1.34000  	8
3	3	0.450000 	8
4	2	0.0800000	8
5	1	0.0700000	8
6	1	0.0400000	8
7	2	0.110000 	8
8	3	0.0600000	8
9	3	0.0900000	8
10	4	0.120000 	8
11	4	0.160000 	8
12	5	0.0900000	8
13	2	0.0400000	8
14	4	0.0600000	8
15	2	0.0400000	8
16	3	0.0800000	8
17	3	0.0600000	8
18	3	0.0600000	8
19	3	0.0900000	8
20	2	0.0600000	8
21	4	0.0800000	8
22	4	0.0800000	8
23	4	0.0600000	8
24	4	0.0600000	8
25	2	0.0600000	8
26	2	0.0900000	8
27	1	0.0200000	8
28	2	0.0600000	8
29	4	0.0700000	8
30	1	0.0100000	8
31	2	0.0400000	8
32	3	0.0700000	8
33	6	0.120000 	8
34	4	0.180000 	8
35	4	0.0900000	8
36	3	0.0800000	8
37	4	0.150000 	8
38	4	0.100000 	8
39	2	0.0400000	8
40	5	0.110000 	8
41	4	0.0900000	8
42	2	0.0500000	8
43	4	0.110000 	8
44	4	0.120000 	8
45	5	0.200000 	8
46	4	0.0700000	8
47	6	0.200000 	8
48	4	0.0800000	8
49	2	0.0600000	8
50	4	0.0700000	8
51	4	0.360000 	8
52	2	0.0400000	8
53	3	0.110000 	8
54	5	0.110000 	8
55	3	0.0700000	8
56	4	0.0600000	8
57	2	0.0600000	8
58	3	0.0600000	8
59	3	0.350000 	8
60	2	0.0300000	8
61	1	0.0200000	8
62	1	0.0200000	8
63	2	0.320000 	8
64	0	0.00000  	8
65	5	0.120000 	8
66	2	0.0400000	8
67	7	0.200000 	8
68	3	0.120000 	8
69	5	0.140000 	8
70	3	0.100000 	8
71	3	0.0900000	8
72	5	0.140000 	8
73	4	0.110000 	8
74	2	0.0700000	8
75	5	0.110000 	8
76	1	0.0300000	8
77	2	0.330000 	8
78	2	0.0500000	8
79	3	0.0500000	8
80	1	0.0200000	8
81	1	0.0100000	8
82	1	0.0200000	8
83	3	0.0800000	8
84	3	0.0800000	8
85	1	0.0300000	8
86	4	0.110000 	8
87	5	0.130000 	8
88	3	0.0800000	8
89	3	0.0500000	8
90	4	0.0500000	8
91	3	0.0800000	8
92	2	0.0500000	8
93	2	0.0700000	8
94	3	0.0500000	8
95	5	0.0900000	8
96	3	0.160000 	8
97	3	0.380000 	8
98	4	1.08000  	8
99	6	1.56000  	8
100	7	3.49000  	8

Total Tracks in X-direction: 808  in Y-direction: 808

Logic Area (in minimum width transistor areas):
Total Logic Area: 3e+08  Per 1x1 logic tile: 30000

Routing area (in minimum width transistor areas):
Total Routing Area: 1.05266e+07  Per logic tile: 1052.66

Segment usage by type (index):
Segment type       Fractional utilization
------------       ----------------------
       0                  0.0786

Segment usage by length:
Segment length       Fractional utilization
--------------       ----------------------
        2                   0.0786

Critical Path: 1.7613e-08 (s)

Time elapsed (PLACE&ROUTE): 16555.274000 ms


Time elapsed (Fernando): 16555.284000 ms

