
VPR FPGA Placement and Routing.
Version: Version 5.0.2
Compiled: Dec 11 2020.
Original VPR by V. Betz.
Timing-driven placement enhancements by A. Marquardt.
Single-drivers enhancements by Andy Ye with additions by.
Mark Fang, Jason Luu, Ted Campbell
Heterogeneous stucture support by Jason Luu and Ted Campbell.
This code is licensed only for non-commercial use.

Auto-sizing FPGA, try x = 29 y = 29
Auto-sizing FPGA, try x = 58 y = 58
Auto-sizing FPGA, try x = 116 y = 116
Auto-sizing FPGA, try x = 58 y = 58
Auto-sizing FPGA, try x = 87 y = 87
Auto-sizing FPGA, try x = 101 y = 101
Auto-sizing FPGA, try x = 94 y = 94
Auto-sizing FPGA, try x = 90 y = 90
Auto-sizing FPGA, try x = 88 y = 88
Auto-sizing FPGA, try x = 87 y = 87
FPGA auto-sized to, x = 88 y = 88

Resource Usage:
Netlist      0	blocks of type <EMPTY>
Architecture 4	blocks of type <EMPTY>
Netlist      349	blocks of type .io
Architecture 352	blocks of type .io
Netlist      512	blocks of type .clb
Architecture 7744	blocks of type .clb

Timing analysis: ON

Operation:  ROUTE_ONLY

PlacerOpts.place_freq:  PLACE_NEVER

RouterOpts.route_type:  DETAILED
RouterOpts.router_algorithm:  TIMING_DRIVEN
RouterOpts.base_cost_type:  DELAY_NORMALIZED
RouterOpts.fixed_channel_width:  NO_FIXED_CHANNEL_WIDTH
RouterOpts.acc_fac:  1.000000
RouterOpts.bb_factor:  3
RouterOpts.bend_cost:  0.000000
RouterOpts.first_iter_pres_fac:  0.500000
RouterOpts.initial_pres_fac:  0.500000
RouterOpts.pres_fac_mult:  1.300000
RouterOpts.max_router_iterations:  50
RouterOpts.astar_fac:  1.200000
RouterOpts.criticality_exp:  1.000000
RouterOpts.max_criticality:  0.990000

RoutingArch.directionality:  UNI_DIRECTIONAL
RoutingArch.switch_block_type:  WILTON
RoutingArch.Fs:  3

The circuit will be mapped into a 88 x 88 array of clbs.

Netlist num_nets:  646
Netlist num_blocks:  861
Netlist inputs pins:  134
Netlist output pins:  215

72 87 0
67 83 0
67 80 0
58 76 0
53 78 0
38 82 0
50 78 0
55 77 0
39 81 0
66 82 0
59 76 0
70 88 0
67 81 0
50 79 0
68 82 0
69 87 0
70 85 0
63 81 0
68 81 0
40 81 0
61 79 0
51 78 0
68 85 0
65 81 0
46 79 0
72 86 0
48 78 0
57 77 0
70 82 0
65 79 0
69 82 0
63 75 0
55 76 0
67 86 0
63 80 0
62 77 0
56 78 0
74 88 0
66 84 0
64 76 0
72 84 0
55 78 0
64 82 0
64 79 0
66 83 0
49 85 0
45 85 0
54 73 0
72 88 0
61 80 0
60 88 0
57 79 0
67 79 0
47 77 0
58 88 0
73 85 0
52 88 0
56 73 0
70 83 0
59 75 0
39 82 0
45 87 0
42 83 0
54 83 0
54 75 0
61 76 0
35 88 0
43 84 0
43 81 0
0 73 0
53 84 0
34 86 0
47 79 0
49 87 0
75 86 0
41 81 0
53 81 0
43 87 0
46 81 0
47 81 0
58 85 0
47 87 0
58 77 0
8 88 0
6 89 0
60 75 0
56 80 0
75 88 0
59 84 0
83 89 0
1 83 0
49 80 0
50 81 0
47 89 0
44 84 0
42 89 0
44 77 0
48 81 0
27 89 0
52 86 0
40 83 0
42 78 0
56 83 0
37 88 0
36 85 0
35 87 0
67 85 0
57 83 0
61 75 0
16 88 0
68 87 0
32 86 0
0 58 0
63 84 0
56 82 0
89 78 0
42 81 0
41 76 0
43 85 0
37 81 0
71 83 0
89 75 0
43 77 0
21 88 0
65 78 0
11 89 0
45 86 0
35 85 0
3 88 0
44 82 0
0 86 0
2 89 0
88 77 0
33 86 0
41 84 0
69 84 0
53 87 0
47 78 0
0 79 0
52 82 0
48 86 0
31 89 0
0 82 0
73 86 0
0 67 0
53 77 0
89 55 0
48 85 0
89 71 0
34 85 0
89 73 0
1 89 0
71 82 0
46 82 0
64 83 0
56 85 0
59 80 0
73 89 0
44 78 0
42 82 0
32 87 0
39 85 0
53 75 0
38 85 0
40 84 0
9 89 0
50 89 0
0 53 0
33 88 0
39 83 0
48 88 0
53 73 0
52 77 0
35 89 0
63 77 0
36 86 0
34 87 0
36 89 0
53 89 0
18 89 0
40 85 0
34 89 0
1 84 0
57 89 0
60 77 0
89 87 0
73 88 0
89 53 0
86 89 0
46 87 0
87 80 0
33 82 0
56 87 0
30 89 0
78 89 0
81 89 0
36 87 0
0 85 0
51 79 0
23 89 0
58 84 0
45 83 0
7 89 0
71 87 0
21 89 0
55 80 0
0 66 0
8 89 0
89 70 0
47 84 0
77 89 0
63 82 0
47 83 0
65 88 0
59 87 0
53 82 0
49 88 0
42 76 0
22 89 0
41 80 0
61 84 0
55 83 0
66 87 0
0 55 0
58 74 0
54 89 0
38 89 0
48 87 0
43 89 0
65 80 0
55 81 0
52 76 0
67 82 0
52 75 0
54 79 0
16 89 0
39 87 0
28 89 0
15 89 0
0 70 0
43 83 0
89 58 0
52 87 0
3 89 0
35 86 0
89 68 0
0 71 0
0 68 0
24 89 0
61 86 0
59 77 0
25 89 0
32 89 0
64 89 0
23 88 0
0 65 0
44 80 0
0 77 0
59 85 0
44 76 0
10 88 0
57 74 0
14 89 0
58 89 0
39 88 0
9 88 0
89 76 0
15 88 0
72 89 0
47 88 0
55 79 0
71 89 0
66 80 0
68 86 0
74 89 0
46 78 0
37 87 0
4 89 0
56 72 0
45 76 0
39 79 0
1 86 0
75 87 0
0 63 0
63 83 0
47 80 0
59 82 0
41 86 0
52 84 0
0 75 0
45 81 0
33 89 0
55 89 0
38 83 0
34 88 0
79 89 0
62 89 0
51 88 0
40 88 0
65 82 0
57 72 0
0 80 0
57 84 0
41 85 0
52 81 0
0 81 0
70 87 0
52 80 0
61 87 0
45 88 0
58 80 0
89 57 0
0 84 0
89 67 0
40 79 0
59 83 0
12 89 0
43 76 0
66 88 0
89 63 0
57 76 0
63 85 0
35 84 0
44 88 0
73 87 0
7 88 0
89 49 0
40 87 0
0 50 0
40 89 0
60 89 0
0 88 0
46 84 0
28 88 0
58 78 0
22 88 0
41 77 0
49 89 0
54 78 0
44 81 0
29 89 0
37 85 0
89 86 0
43 78 0
52 85 0
89 72 0
64 78 0
48 89 0
29 88 0
51 89 0
57 81 0
60 79 0
45 79 0
51 85 0
36 84 0
37 89 0
44 87 0
49 84 0
19 89 0
54 82 0
71 85 0
5 89 0
46 77 0
63 89 0
56 86 0
0 72 0
36 88 0
89 80 0
39 89 0
42 86 0
45 78 0
60 84 0
52 89 0
70 86 0
17 89 0
44 75 0
0 74 0
41 89 0
65 84 0
0 76 0
89 74 0
62 75 0
69 81 0
0 78 0
37 86 0
44 85 0
40 76 0
54 84 0
67 87 0
57 85 0
39 84 0
34 84 0
59 81 0
68 80 0
36 82 0
31 81 0
61 85 0
46 88 0
74 85 0
33 85 0
38 87 0
89 82 0
61 82 0
51 80 0
43 75 0
60 81 0
62 83 0
68 83 0
51 77 0
53 80 0
0 83 0
56 75 0
64 85 0
53 83 0
49 77 0
45 80 0
50 85 0
41 83 0
62 86 0
40 86 0
44 83 0
50 77 0
51 81 0
41 78 0
41 79 0
39 80 0
48 80 0
31 87 0
45 82 0
1 80 0
32 88 0
63 76 0
89 85 0
27 86 0
55 73 0
66 85 0
13 88 0
10 89 0
55 82 0
57 82 0
40 75 0
44 79 0
50 84 0
70 89 0
56 81 0
42 88 0
60 83 0
60 80 0
53 85 0
0 62 0
47 85 0
49 86 0
0 87 0
48 83 0
55 86 0
89 79 0
51 87 0
89 65 0
52 79 0
52 78 0
50 82 0
46 86 0
50 83 0
48 77 0
0 64 0
45 84 0
42 79 0
58 83 0
57 86 0
55 72 0
62 82 0
43 88 0
55 75 0
37 83 0
35 83 0
20 89 0
42 87 0
54 81 0
0 69 0
71 84 0
51 76 0
51 84 0
54 74 0
50 87 0
65 86 0
59 79 0
62 88 0
53 79 0
53 76 0
64 84 0
63 78 0
31 88 0
67 84 0
48 79 0
43 82 0
33 87 0
49 78 0
51 82 0
38 88 0
38 81 0
57 80 0
54 87 0
42 75 0
57 88 0
89 66 0
48 82 0
62 85 0
64 88 0
58 75 0
66 79 0
61 89 0
75 89 0
63 86 0
76 89 0
59 86 0
41 88 0
46 83 0
54 77 0
69 80 0
53 86 0
57 73 0
61 83 0
62 78 0
54 76 0
57 75 0
56 76 0
54 85 0
55 85 0
56 77 0
30 88 0
42 85 0
44 89 0
54 80 0
57 78 0
66 86 0
42 84 0
61 78 0
63 87 0
38 80 0
51 86 0
60 86 0
89 64 0
62 84 0
64 87 0
54 88 0
55 87 0
62 81 0
58 79 0
44 86 0
63 88 0
65 83 0
43 80 0
49 82 0
74 87 0
46 80 0
51 83 0
49 83 0
52 83 0
45 77 0
58 87 0
48 84 0
43 86 0
41 82 0
46 89 0
69 83 0
49 81 0
64 80 0
64 81 0
80 89 0
34 81 0
50 86 0
20 88 0
56 79 0
42 77 0
50 80 0
67 88 0
47 82 0
40 82 0
68 84 0
42 80 0
60 85 0
61 88 0
38 86 0
61 81 0
38 84 0
56 84 0
74 86 0
71 88 0
40 77 0
56 88 0
37 84 0
64 86 0
62 80 0
46 85 0
70 84 0
65 77 0
72 85 0
65 85 0
59 88 0
66 78 0
49 79 0
45 89 0
60 87 0
47 86 0
58 86 0
43 79 0
13 89 0
64 77 0
60 76 0
89 77 0
69 86 0
59 78 0
62 87 0
54 86 0
40 78 0
63 79 0
41 87 0
58 81 0
69 88 0
62 76 0
55 84 0
36 83 0
60 82 0
60 78 0
56 74 0
50 88 0
26 89 0
69 85 0
62 79 0
57 87 0
66 81 0
37 82 0
55 74 0
40 80 0
58 82 0
65 87 0
68 88 0
55 88 0
33 81 0
61 77 0
71 86 0
76 88 0
82 89 0
39 86 0
53 88 0
53 74 0
89 4 0
85 0 0
0 20 0
89 20 0
0 25 0
31 0 0
40 0 0
89 17 0
39 0 0
0 7 0
89 25 0
3 0 0
0 13 0
34 0 0
0 18 0
5 0 0
0 9 0
2 0 0
89 19 0
21 0 0
89 12 0
18 0 0
0 2 0
89 6 0
35 0 0
89 14 0
36 0 0
83 0 0
0 30 0
89 13 0
89 18 0
89 24 0
62 0 0
13 0 0
0 3 0
67 0 0
89 15 0
0 17 0
9 0 0
89 26 0
0 27 0
89 10 0
88 0 0
89 7 0
86 0 0
89 83 0
53 0 0
0 6 0
7 0 0
89 62 0
71 0 0
47 0 0
89 28 0
0 46 0
89 22 0
89 44 0
43 0 0
33 0 0
45 0 0
0 15 0
89 88 0
89 51 0
0 23 0
89 84 0
89 46 0
89 56 0
0 56 0
0 38 0
0 1 0
8 0 0
0 33 0
89 54 0
0 26 0
68 0 0
0 57 0
0 11 0
37 0 0
89 23 0
11 0 0
56 89 0
42 0 0
0 52 0
89 47 0
60 0 0
75 0 0
61 0 0
79 0 0
89 81 0
12 0 0
89 32 0
0 45 0
89 9 0
78 0 0
89 45 0
0 47 0
19 0 0
89 48 0
70 0 0
89 38 0
0 34 0
87 89 0
0 14 0
30 0 0
51 0 0
89 3 0
89 37 0
0 4 0
89 35 0
58 0 0
0 59 0
77 0 0
89 8 0
24 0 0
74 0 0
81 0 0
49 0 0
76 0 0
46 0 0
0 36 0
89 40 0
59 89 0
23 0 0
89 29 0
0 10 0
41 0 0
64 0 0
25 0 0
44 0 0
28 0 0
0 61 0
0 49 0
72 0 0
59 0 0
10 0 0
0 35 0
26 0 0
89 33 0
32 0 0
0 29 0
48 0 0
89 50 0
0 43 0
55 0 0
0 41 0
50 0 0
0 37 0
67 89 0
0 12 0
88 89 0
89 41 0
52 0 0
89 69 0
0 44 0
57 0 0
89 21 0
89 42 0
0 54 0
66 0 0
89 30 0
0 19 0
56 0 0
0 24 0
69 0 0
0 60 0
0 21 0
0 40 0
89 61 0
69 89 0
89 1 0
85 89 0
4 0 0
0 22 0
89 43 0
89 59 0
73 0 0
89 5 0
87 0 0
27 0 0
0 32 0
84 0 0
68 89 0
38 0 0
20 0 0
0 28 0
89 2 0
0 51 0
65 0 0
0 16 0
89 34 0
29 0 0
84 89 0
0 42 0
65 89 0
66 89 0
0 5 0
1 0 0
54 0 0
82 0 0
89 31 0
6 0 0
0 31 0
89 39 0
89 52 0
89 16 0
0 39 0
0 8 0
89 11 0
89 60 0
89 36 0
22 0 0
14 0 0
63 0 0
80 0 0
89 27 0
0 48 0
low, high, current -1 -1 8
Confirming Router Algorithm: TIMING_DRIVEN.
T_crit: 2.01751e-08.
T_crit: 2.00622e-08.
T_crit: 1.99671e-08.
T_crit: 1.99671e-08.
T_crit: 2.00622e-08.
T_crit: 2.00622e-08.
T_crit: 1.99671e-08.
T_crit: 1.98732e-08.
T_crit: 1.99696e-08.
T_crit: 2.15204e-08.
T_crit: 2.23436e-08.
T_crit: 2.25764e-08.
T_crit: 2.17215e-08.
T_crit: 2.27686e-08.
T_crit: 2.17297e-08.
T_crit: 2.1731e-08.
T_crit: 2.18331e-08.
T_crit: 2.18331e-08.
T_crit: 2.16263e-08.
T_crit: 2.18331e-08.
T_crit: 2.18331e-08.
T_crit: 2.21482e-08.
T_crit: 2.22504e-08.
T_crit: 2.33038e-08.
T_crit: 2.25536e-08.
T_crit: 2.37161e-08.
T_crit: 2.28885e-08.
T_crit: 2.32651e-08.
T_crit: 2.35475e-08.
T_crit: 2.42173e-08.
T_crit: 2.39101e-08.
T_crit: 2.34853e-08.
T_crit: 2.36756e-08.
T_crit: 2.31777e-08.
T_crit: 2.4037e-08.
T_crit: 2.55879e-08.
T_crit: 2.50614e-08.
T_crit: 2.53729e-08.
T_crit: 2.4356e-08.
T_crit: 2.43213e-08.
T_crit: 2.51509e-08.
T_crit: 2.38157e-08.
T_crit: 2.38025e-08.
T_crit: 2.46409e-08.
T_crit: 2.50759e-08.
T_crit: 2.44531e-08.
T_crit: 2.46599e-08.
T_crit: 2.48692e-08.
T_crit: 2.41467e-08.
T_crit: 2.41221e-08.
Routing failed.
low, high, current 8 -1 16
Confirming Router Algorithm: TIMING_DRIVEN.
T_crit: 2.01751e-08.
T_crit: 1.99671e-08.
T_crit: 1.99671e-08.
T_crit: 1.99671e-08.
T_crit: 1.99671e-08.
T_crit: 1.99671e-08.
T_crit: 1.99684e-08.
T_crit: 1.99684e-08.
T_crit: 1.99684e-08.
T_crit: 1.99684e-08.
T_crit: 1.99684e-08.
T_crit: 1.99684e-08.
T_crit: 1.99684e-08.
T_crit: 1.99684e-08.
T_crit: 1.99684e-08.
T_crit: 2.0073e-08.
T_crit: 2.01821e-08.
T_crit: 2.0073e-08.
T_crit: 2.0073e-08.
T_crit: 2.01833e-08.
T_crit: 2.0073e-08.
T_crit: 2.07135e-08.
T_crit: 2.0073e-08.
T_crit: 2.02778e-08.
T_crit: 2.01681e-08.
T_crit: 2.02823e-08.
T_crit: 2.24778e-08.
T_crit: 2.16415e-08.
T_crit: 2.23828e-08.
T_crit: 2.19598e-08.
T_crit: 2.34149e-08.
T_crit: 2.3309e-08.
T_crit: 2.32994e-08.
T_crit: 2.32982e-08.
T_crit: 2.32994e-08.
T_crit: 2.28084e-08.
T_crit: 2.27882e-08.
T_crit: 2.28942e-08.
T_crit: 2.26861e-08.
T_crit: 2.34098e-08.
T_crit: 2.23734e-08.
T_crit: 2.23734e-08.
T_crit: 2.23734e-08.
T_crit: 2.23841e-08.
T_crit: 2.23734e-08.
T_crit: 2.23734e-08.
T_crit: 2.30993e-08.
T_crit: 2.37853e-08.
T_crit: 2.34751e-08.
T_crit: 2.26798e-08.
Routing failed.
low, high, current 16 -1 32
Confirming Router Algorithm: TIMING_DRIVEN.
T_crit: 2.01751e-08.
T_crit: 2.00622e-08.
T_crit: 2.00622e-08.
T_crit: 2.00622e-08.
T_crit: 1.99671e-08.
T_crit: 2.00622e-08.
T_crit: 2.00622e-08.
T_crit: 2.00622e-08.
T_crit: 2.00622e-08.
T_crit: 1.99684e-08.
T_crit: 1.99684e-08.
T_crit: 1.99671e-08.
T_crit: 1.99671e-08.
T_crit: 1.99671e-08.
T_crit: 1.99671e-08.
T_crit: 2.00718e-08.
T_crit: 2.00718e-08.
T_crit: 2.00718e-08.
Successfully routed after 19 routing iterations.
Completed net delay value cross check successfully.
low, high, current 16 32 24
Confirming Router Algorithm: TIMING_DRIVEN.
T_crit: 2.01751e-08.
T_crit: 2.00622e-08.
T_crit: 1.99588e-08.
T_crit: 2.00622e-08.
T_crit: 1.99671e-08.
T_crit: 2.00622e-08.
T_crit: 1.99671e-08.
T_crit: 1.99671e-08.
T_crit: 1.99671e-08.
T_crit: 1.99671e-08.
T_crit: 1.99684e-08.
T_crit: 1.99684e-08.
T_crit: 1.99684e-08.
T_crit: 1.99684e-08.
T_crit: 1.99684e-08.
T_crit: 2.0073e-08.
T_crit: 1.99779e-08.
T_crit: 1.99779e-08.
T_crit: 1.99779e-08.
T_crit: 1.99779e-08.
T_crit: 1.99779e-08.
T_crit: 1.99779e-08.
T_crit: 1.99779e-08.
T_crit: 1.99779e-08.
T_crit: 1.99779e-08.
T_crit: 1.99779e-08.
T_crit: 1.99779e-08.
T_crit: 1.99779e-08.
T_crit: 1.99779e-08.
T_crit: 1.99779e-08.
T_crit: 1.99779e-08.
T_crit: 1.99779e-08.
T_crit: 1.99779e-08.
T_crit: 1.99779e-08.
T_crit: 1.99779e-08.
T_crit: 1.99779e-08.
T_crit: 1.99779e-08.
T_crit: 2.00717e-08.
T_crit: 2.00717e-08.
T_crit: 2.00717e-08.
T_crit: 2.00717e-08.
T_crit: 2.00717e-08.
T_crit: 2.00717e-08.
T_crit: 2.00717e-08.
T_crit: 2.00717e-08.
T_crit: 2.00717e-08.
T_crit: 2.00717e-08.
T_crit: 2.00717e-08.
T_crit: 2.00717e-08.
Successfully routed after 50 routing iterations.
Completed net delay value cross check successfully.
low, high, current 16 24 20
Confirming Router Algorithm: TIMING_DRIVEN.
T_crit: 2.04675e-08.
T_crit: 2.01529e-08.
T_crit: 2.01788e-08.
T_crit: 2.03463e-08.
T_crit: 2.03641e-08.
T_crit: 2.03514e-08.
T_crit: 2.01662e-08.
T_crit: 2.00755e-08.
T_crit: 1.99684e-08.
T_crit: 1.99506e-08.
T_crit: 1.98662e-08.
T_crit: 1.99506e-08.
T_crit: 2.00226e-08.
T_crit: 2.00226e-08.
T_crit: 2.00226e-08.
T_crit: 2.00226e-08.
T_crit: 1.99804e-08.
T_crit: 1.97793e-08.
T_crit: 2.00552e-08.
T_crit: 2.0073e-08.
T_crit: 2.0073e-08.
T_crit: 2.0073e-08.
T_crit: 2.0073e-08.
T_crit: 1.99709e-08.
T_crit: 2.0073e-08.
T_crit: 2.0073e-08.
T_crit: 2.07449e-08.
T_crit: 2.02168e-08.
T_crit: 2.02168e-08.
T_crit: 2.02168e-08.
T_crit: 2.02168e-08.
T_crit: 2.02168e-08.
T_crit: 2.12133e-08.
T_crit: 2.12216e-08.
T_crit: 2.12216e-08.
T_crit: 2.14176e-08.
T_crit: 2.10928e-08.
T_crit: 2.17757e-08.
T_crit: 2.11975e-08.
T_crit: 2.11975e-08.
T_crit: 2.14454e-08.
T_crit: 2.14454e-08.
T_crit: 2.14454e-08.
T_crit: 2.14454e-08.
T_crit: 2.14454e-08.
T_crit: 2.12913e-08.
T_crit: 2.17543e-08.
T_crit: 2.15438e-08.
T_crit: 2.14378e-08.
T_crit: 2.14378e-08.
Routing failed.
low, high, current 20 24 22
Confirming Router Algorithm: TIMING_DRIVEN.
T_crit: 2.00572e-08.
T_crit: 2.01644e-08.
T_crit: 1.99538e-08.
T_crit: 2.00401e-08.
T_crit: 2.01188e-08.
T_crit: 2.0153e-08.
T_crit: 2.01296e-08.
T_crit: 2.01283e-08.
T_crit: 2.01283e-08.
T_crit: 2.00635e-08.
T_crit: 2.01258e-08.
T_crit: 2.0025e-08.
T_crit: 2.00129e-08.
T_crit: 2.00129e-08.
T_crit: 2.00142e-08.
T_crit: 2.00142e-08.
T_crit: 2.00142e-08.
T_crit: 2.00142e-08.
T_crit: 2.00142e-08.
T_crit: 1.99217e-08.
T_crit: 1.99217e-08.
T_crit: 1.99563e-08.
T_crit: 1.99563e-08.
T_crit: 1.99563e-08.
T_crit: 2.06447e-08.
T_crit: 2.01352e-08.
T_crit: 2.01352e-08.
T_crit: 2.01377e-08.
T_crit: 1.99563e-08.
T_crit: 1.99563e-08.
T_crit: 2.111e-08.
T_crit: 2.12172e-08.
T_crit: 2.12172e-08.
T_crit: 2.10079e-08.
T_crit: 2.10079e-08.
T_crit: 2.14893e-08.
T_crit: 2.12826e-08.
T_crit: 2.12826e-08.
T_crit: 2.12826e-08.
T_crit: 2.12826e-08.
T_crit: 2.12826e-08.
T_crit: 2.12826e-08.
T_crit: 2.12826e-08.
T_crit: 2.10771e-08.
T_crit: 2.08703e-08.
T_crit: 2.08703e-08.
T_crit: 2.08703e-08.
T_crit: 2.08703e-08.
T_crit: 2.08703e-08.
T_crit: 2.08703e-08.
Routing failed.

Checking to ensure routing is legal ...
Completed routing consistency check successfully.

Serial number (magic cookie) for the routing is: 1669671596
Best routing used a channel width factor of 24.


Average number of bends per net: 9.17028  Maximum # of bends: 214


The number of routed nets (nonglobal): 646
Wirelength results (all in units of 1 clb segments):
	Total wirelength: 44613   Average net length: 69.0604
	Maximum net length: 611

Wirelength results in terms of physical segments:
	Total wiring segments used: 22466   Av. wire segments per net: 34.7771
	Maximum segments used by a net: 308


X - Directed channels:

j	max occ	av_occ		capacity
0	9	5.46591  	24
1	10	5.01136  	24
2	6	2.64773  	24
3	5	2.32955  	24
4	3	1.26136  	24
5	3	1.28409  	24
6	2	0.715909 	24
7	2	0.784091 	24
8	2	1.22727  	24
9	2	1.01136  	24
10	2	0.795455 	24
11	1	0.806818 	24
12	2	1.20455  	24
13	2	0.647727 	24
14	2	0.875000 	24
15	2	0.977273 	24
16	2	1.10227  	24
17	1	0.818182 	24
18	2	0.761364 	24
19	1	0.715909 	24
20	2	1.03409  	24
21	1	0.693182 	24
22	3	1.29545  	24
23	1	0.988636 	24
24	2	0.454545 	24
25	2	0.897727 	24
26	2	1.01136  	24
27	2	0.965909 	24
28	2	0.784091 	24
29	2	0.784091 	24
30	2	0.704545 	24
31	3	1.32955  	24
32	1	0.340909 	24
33	3	0.409091 	24
34	2	0.397727 	24
35	3	0.670455 	24
36	1	0.738636 	24
37	2	1.09091  	24
38	3	0.443182 	24
39	2	1.05682  	24
40	1	0.965909 	24
41	2	1.06818  	24
42	1	0.0340909	24
43	3	0.886364 	24
44	2	0.534091 	24
45	2	1.11364  	24
46	2	1.05682  	24
47	1	0.0340909	24
48	2	0.625000 	24
49	1	0.0227273	24
50	2	0.0568182	24
51	2	0.795455 	24
52	2	0.875000 	24
53	0	0.00000  	24
54	2	1.42045  	24
55	0	0.00000  	24
56	2	0.965909 	24
57	3	0.0909091	24
58	1	0.0113636	24
59	2	1.25000  	24
60	3	0.420455 	24
61	2	0.556818 	24
62	1	0.363636 	24
63	2	1.06818  	24
64	1	0.0227273	24
65	2	1.22727  	24
66	2	1.27273  	24
67	1	0.965909 	24
68	1	0.0909091	24
69	10	2.27273  	24
70	16	3.15909  	24
71	20	4.50000  	24
72	23	6.38636  	24
73	24	7.67045  	24
74	23	9.29545  	24
75	23	9.39773  	24
76	23	8.52273  	24
77	24	9.77273  	24
78	23	8.60227  	24
79	24	10.6023  	24
80	23	8.63636  	24
81	24	9.52273  	24
82	24	9.87500  	24
83	24	11.3295  	24
84	24	10.9318  	24
85	24	12.3750  	24
86	24	12.5455  	24
87	24	13.7045  	24
88	24	15.0000  	24

Y - Directed channels:

i	max occ	av_occ		capacity
0	9	3.90909  	24
1	6	2.65909  	24
2	6	1.61364  	24
3	3	0.681818 	24
4	2	0.0681818	24
5	2	0.0568182	24
6	3	0.102273 	24
7	5	0.613636 	24
8	3	1.07955  	24
9	4	0.0909091	24
10	3	0.147727 	24
11	3	0.0795455	24
12	1	0.0681818	24
13	3	1.02273  	24
14	6	1.09091  	24
15	5	0.170455 	24
16	3	0.0568182	24
17	1	0.0227273	24
18	0	0.00000  	24
19	3	1.05682  	24
20	7	0.306818 	24
21	5	0.238636 	24
22	4	1.05682  	24
23	5	0.409091 	24
24	4	1.07955  	24
25	3	1.11364  	24
26	3	0.215909 	24
27	5	0.443182 	24
28	5	0.409091 	24
29	8	0.784091 	24
30	7	0.636364 	24
31	11	1.89773  	24
32	13	2.39773  	24
33	15	1.60227  	24
34	15	2.02273  	24
35	19	3.07955  	24
36	16	3.52273  	24
37	18	5.86364  	24
38	18	4.43182  	24
39	17	3.20455  	24
40	18	2.78409  	24
41	22	3.29545  	24
42	21	4.20455  	24
43	20	4.75000  	24
44	18	4.45455  	24
45	22	5.60227  	24
46	21	4.57955  	24
47	23	7.92045  	24
48	22	5.85227  	24
49	22	4.93182  	24
50	23	5.06818  	24
51	22	5.84091  	24
52	22	5.63636  	24
53	22	6.43182  	24
54	21	6.29545  	24
55	21	6.85227  	24
56	23	6.32955  	24
57	21	4.72727  	24
58	22	6.56818  	24
59	22	8.62500  	24
60	22	7.46591  	24
61	20	6.34091  	24
62	18	6.57955  	24
63	22	7.25000  	24
64	21	5.52273  	24
65	19	6.76136  	24
66	19	6.39773  	24
67	16	7.68182  	24
68	13	4.78409  	24
69	12	3.47727  	24
70	9	3.53409  	24
71	7	2.86364  	24
72	9	3.11364  	24
73	7	5.81818  	24
74	6	1.72727  	24
75	4	2.36364  	24
76	1	0.159091 	24
77	1	0.534091 	24
78	2	1.09091  	24
79	1	0.0340909	24
80	3	0.0681818	24
81	1	0.0340909	24
82	2	0.113636 	24
83	2	1.03409  	24
84	1	0.159091 	24
85	3	1.85227  	24
86	6	2.14773  	24
87	8	4.03409  	24
88	10	5.53409  	24

Total Tracks in X-direction: 2136  in Y-direction: 2136

Logic Area (in minimum width transistor areas):
Total Logic Area: 2.3232e+08  Per 1x1 logic tile: 30000

Routing area (in minimum width transistor areas):
Total Routing Area: 2.37824e+07  Per logic tile: 3071.07

Segment usage by type (index):
Segment type       Fractional utilization
------------       ----------------------
       0                  0.118

Segment usage by length:
Segment length       Fractional utilization
--------------       ----------------------
        2                   0.118

Critical Path: 2.00717e-08 (s)

Time elapsed (PLACE&ROUTE): 860919.775000 ms


Time elapsed (Fernando): 860919.793000 ms

