
VPR FPGA Placement and Routing.
Version: Version 5.0.2
Compiled: Dec 11 2020.
Original VPR by V. Betz.
Timing-driven placement enhancements by A. Marquardt.
Single-drivers enhancements by Andy Ye with additions by.
Mark Fang, Jason Luu, Ted Campbell
Heterogeneous stucture support by Jason Luu and Ted Campbell.
This code is licensed only for non-commercial use.

Auto-sizing FPGA, try x = 92 y = 92
Auto-sizing FPGA, try x = 184 y = 184
Auto-sizing FPGA, try x = 92 y = 92
Auto-sizing FPGA, try x = 138 y = 138
Auto-sizing FPGA, try x = 161 y = 161
Auto-sizing FPGA, try x = 149 y = 149
Auto-sizing FPGA, try x = 143 y = 143
Auto-sizing FPGA, try x = 140 y = 140
Auto-sizing FPGA, try x = 139 y = 139
Auto-sizing FPGA, try x = 139 y = 139
FPGA auto-sized to, x = 140 y = 140

Resource Usage:
Netlist      0	blocks of type <EMPTY>
Architecture 4	blocks of type <EMPTY>
Netlist      557	blocks of type .io
Architecture 560	blocks of type .io
Netlist      7875	blocks of type .clb
Architecture 19600	blocks of type .clb

Timing analysis: ON

Operation:  ROUTE_ONLY

PlacerOpts.place_freq:  PLACE_NEVER

RouterOpts.route_type:  DETAILED
RouterOpts.router_algorithm:  TIMING_DRIVEN
RouterOpts.base_cost_type:  DELAY_NORMALIZED
RouterOpts.fixed_channel_width:  NO_FIXED_CHANNEL_WIDTH
RouterOpts.acc_fac:  1.000000
RouterOpts.bb_factor:  3
RouterOpts.bend_cost:  0.000000
RouterOpts.first_iter_pres_fac:  0.500000
RouterOpts.initial_pres_fac:  0.500000
RouterOpts.pres_fac_mult:  1.300000
RouterOpts.max_router_iterations:  50
RouterOpts.astar_fac:  1.200000
RouterOpts.criticality_exp:  1.000000
RouterOpts.max_criticality:  0.990000

RoutingArch.directionality:  UNI_DIRECTIONAL
RoutingArch.switch_block_type:  WILTON
RoutingArch.Fs:  3

The circuit will be mapped into a 140 x 140 array of clbs.

Netlist num_nets:  7907
Netlist num_blocks:  8432
Netlist inputs pins:  32
Netlist output pins:  525

129 22 0
123 31 0
104 81 0
85 44 0
88 30 0
58 43 0
64 37 0
63 18 0
59 43 0
0 94 0
19 11 0
7 9 0
77 31 0
72 56 0
68 52 0
87 76 0
92 42 0
89 76 0
56 43 0
129 34 0
134 1 0
37 12 0
6 26 0
36 30 0
83 46 0
69 56 0
88 38 0
92 43 0
97 84 0
69 8 0
67 26 0
36 29 0
1 38 0
34 29 0
95 35 0
88 73 0
130 62 0
5 43 0
141 94 0
97 76 0
139 24 0
104 47 0
73 36 0
104 17 0
58 20 0
86 37 0
3 37 0
98 75 0
136 2 0
73 15 0
135 18 0
55 24 0
24 16 0
83 34 0
81 33 0
103 73 0
6 43 0
13 44 0
100 77 0
2 27 0
108 19 0
26 3 0
28 3 0
28 27 0
71 45 0
68 55 0
97 77 0
119 21 0
80 66 0
105 82 0
101 38 0
139 1 0
80 25 0
110 3 0
50 36 0
49 26 0
105 48 0
139 47 0
139 48 0
132 7 0
91 48 0
52 23 0
46 25 0
3 53 0
60 26 0
46 24 0
88 74 0
103 80 0
126 33 0
7 47 0
107 78 0
137 41 0
0 51 0
140 50 0
136 52 0
95 36 0
3 20 0
62 3 0
46 21 0
63 25 0
61 26 0
72 37 0
95 41 0
50 26 0
76 28 0
95 65 0
140 51 0
1 52 0
137 40 0
137 31 0
100 11 0
137 26 0
26 22 0
15 26 0
73 35 0
70 42 0
61 25 0
63 26 0
64 26 0
36 27 0
59 33 0
88 41 0
81 68 0
2 54 0
1 55 0
3 57 0
137 35 0
136 18 0
129 12 0
89 20 0
34 12 0
34 24 0
70 27 0
71 24 0
63 28 0
129 58 0
86 74 0
134 14 0
85 74 0
72 50 0
94 60 0
137 54 0
72 49 0
134 54 0
131 54 0
95 77 0
89 32 0
89 25 0
124 19 0
71 7 0
130 13 0
10 41 0
94 27 0
120 22 0
121 50 0
107 52 0
115 62 0
78 23 0
98 77 0
107 67 0
94 33 0
87 64 0
95 27 0
114 11 0
6 6 0
135 15 0
81 51 0
7 44 0
76 50 0
59 13 0
73 51 0
107 43 0
117 33 0
106 53 0
2 55 0
131 52 0
98 46 0
126 53 0
96 72 0
95 73 0
55 31 0
126 39 0
93 10 0
140 11 0
110 5 0
126 28 0
93 78 0
81 34 0
101 55 0
78 50 0
104 53 0
117 46 0
132 9 0
110 61 0
116 46 0
102 39 0
102 70 0
125 48 0
104 69 0
94 2 0
108 66 0
108 77 0
120 37 0
126 17 0
138 9 0
18 31 0
18 24 0
74 1 0
97 53 0
102 54 0
139 26 0
97 17 0
102 55 0
95 40 0
91 68 0
118 54 0
131 47 0
131 48 0
100 42 0
96 4 0
100 72 0
55 30 0
109 66 0
101 71 0
109 76 0
109 5 0
134 2 0
101 22 0
85 57 0
51 32 0
125 10 0
95 46 0
71 52 0
58 36 0
132 47 0
133 45 0
125 47 0
136 60 0
96 15 0
108 2 0
97 66 0
39 29 0
107 68 0
92 67 0
75 28 0
75 1 0
97 62 0
59 36 0
62 11 0
97 71 0
134 44 0
132 53 0
134 45 0
86 65 0
4 47 0
86 69 0
85 68 0
95 74 0
104 71 0
104 70 0
106 69 0
98 66 0
54 29 0
117 10 0
131 51 0
97 72 0
114 10 0
45 4 0
40 10 0
40 4 0
135 23 0
70 48 0
61 35 0
97 46 0
129 10 0
97 24 0
7 48 0
5 53 0
5 50 0
58 39 0
94 29 0
107 70 0
103 71 0
106 70 0
90 50 0
132 11 0
74 2 0
95 20 0
97 54 0
70 14 0
71 38 0
83 1 0
103 35 0
82 45 0
106 73 0
135 59 0
120 64 0
87 38 0
97 29 0
94 16 0
99 26 0
98 76 0
67 55 0
86 29 0
79 61 0
70 57 0
98 27 0
86 41 0
95 37 0
63 16 0
93 14 0
34 14 0
140 25 0
84 22 0
66 31 0
89 41 0
71 39 0
76 42 0
91 29 0
80 44 0
74 53 0
75 53 0
78 56 0
83 45 0
96 67 0
121 63 0
119 63 0
96 29 0
97 28 0
95 29 0
98 28 0
92 31 0
95 83 0
83 73 0
102 25 0
78 35 0
119 52 0
82 48 0
75 41 0
86 25 0
56 34 0
116 38 0
120 1 0
96 28 0
121 64 0
137 33 0
98 26 0
93 9 0
99 27 0
109 1 0
93 17 0
95 30 0
94 31 0
111 16 0
84 24 0
90 30 0
94 30 0
72 61 0
57 33 0
107 47 0
92 75 0
85 53 0
64 23 0
34 6 0
5 9 0
50 21 0
129 40 0
66 24 0
131 19 0
113 7 0
74 16 0
92 40 0
91 38 0
100 80 0
97 30 0
100 26 0
99 60 0
102 64 0
110 19 0
102 24 0
101 25 0
102 26 0
110 2 0
84 27 0
86 26 0
93 25 0
132 34 0
95 16 0
96 37 0
98 35 0
16 37 0
19 37 0
71 35 0
69 34 0
88 24 0
100 28 0
91 19 0
66 33 0
102 27 0
68 51 0
109 67 0
104 64 0
137 49 0
68 11 0
132 51 0
55 45 0
134 55 0
105 62 0
36 11 0
117 29 0
132 54 0
88 0 0
91 66 0
88 29 0
125 1 0
123 44 0
22 3 0
38 16 0
122 42 0
43 9 0
102 4 0
10 6 0
65 29 0
92 1 0
75 51 0
133 6 0
138 7 0
136 6 0
137 44 0
139 50 0
48 33 0
139 53 0
94 57 0
106 62 0
137 55 0
130 61 0
94 79 0
32 30 0
111 30 0
128 32 0
85 62 0
86 62 0
85 69 0
101 66 0
82 21 0
110 4 0
123 30 0
87 25 0
16 21 0
14 36 0
26 7 0
5 12 0
99 6 0
124 45 0
113 14 0
65 28 0
4 43 0
94 54 0
136 33 0
136 44 0
136 43 0
133 48 0
85 41 0
69 43 0
113 29 0
134 42 0
105 54 0
100 66 0
86 61 0
99 69 0
101 67 0
80 18 0
86 23 0
94 10 0
115 30 0
103 33 0
122 40 0
109 8 0
94 42 0
28 25 0
50 5 0
5 8 0
137 13 0
37 3 0
72 12 0
82 34 0
88 55 0
27 34 0
76 44 0
101 19 0
137 43 0
138 43 0
124 48 0
135 38 0
95 64 0
103 63 0
105 43 0
104 54 0
102 66 0
104 65 0
77 18 0
102 51 0
132 36 0
64 39 0
132 32 0
95 76 0
130 27 0
97 39 0
119 38 0
7 8 0
3 33 0
134 28 0
129 29 0
130 29 0
122 46 0
122 47 0
121 48 0
40 23 0
52 38 0
120 46 0
70 22 0
97 48 0
45 31 0
110 55 0
110 49 0
69 35 0
118 68 0
101 65 0
98 67 0
97 68 0
98 68 0
91 58 0
62 13 0
61 46 0
45 25 0
41 26 0
39 27 0
129 27 0
129 28 0
96 7 0
91 23 0
107 69 0
106 30 0
15 7 0
37 23 0
90 12 0
31 33 0
25 33 0
96 61 0
25 34 0
119 26 0
64 35 0
134 46 0
120 43 0
54 31 0
131 49 0
74 18 0
105 64 0
70 35 0
78 21 0
130 54 0
69 23 0
66 32 0
120 66 0
96 70 0
95 70 0
107 41 0
69 15 0
39 26 0
74 48 0
48 19 0
136 1 0
104 43 0
25 20 0
79 20 0
120 53 0
97 59 0
66 49 0
118 27 0
120 38 0
88 23 0
83 22 0
98 71 0
49 38 0
48 36 0
93 33 0
67 34 0
106 42 0
102 40 0
94 81 0
108 41 0
103 79 0
129 37 0
89 49 0
38 27 0
58 32 0
66 22 0
69 20 0
107 55 0
79 55 0
138 27 0
123 19 0
63 15 0
81 30 0
106 55 0
70 25 0
108 69 0
52 28 0
104 59 0
66 21 0
88 10 0
107 20 0
110 62 0
75 61 0
114 12 0
91 18 0
99 43 0
123 34 0
100 32 0
113 69 0
119 49 0
63 40 0
97 50 0
133 35 0
28 33 0
6 38 0
114 40 0
115 39 0
127 46 0
77 26 0
121 49 0
116 41 0
119 27 0
2 33 0
118 28 0
4 33 0
6 39 0
106 33 0
107 2 0
20 2 0
103 3 0
66 14 0
121 2 0
127 12 0
86 36 0
63 48 0
94 66 0
112 36 0
126 43 0
111 36 0
79 39 0
105 29 0
4 39 0
5 35 0
89 55 0
89 1 0
86 33 0
78 61 0
86 46 0
107 65 0
55 34 0
93 76 0
76 62 0
96 34 0
120 18 0
78 43 0
78 62 0
107 22 0
108 40 0
99 81 0
97 80 0
114 66 0
78 22 0
85 21 0
138 46 0
95 10 0
26 20 0
9 28 0
109 75 0
105 35 0
134 7 0
105 56 0
63 39 0
92 55 0
101 33 0
8 18 0
48 20 0
105 16 0
106 37 0
100 34 0
122 53 0
134 11 0
51 28 0
91 62 0
7 46 0
85 10 0
85 7 0
97 9 0
95 55 0
121 40 0
138 32 0
86 32 0
16 36 0
27 15 0
108 11 0
53 38 0
118 49 0
14 35 0
93 66 0
132 37 0
121 56 0
120 49 0
73 2 0
135 51 0
81 44 0
1 39 0
87 32 0
85 32 0
79 58 0
65 9 0
79 62 0
93 65 0
124 25 0
79 63 0
106 25 0
84 10 0
67 3 0
102 14 0
109 63 0
16 27 0
12 7 0
69 31 0
124 8 0
121 46 0
95 14 0
74 61 0
139 37 0
98 34 0
135 26 0
125 41 0
99 24 0
85 31 0
2 39 0
102 31 0
103 25 0
84 30 0
77 22 0
57 32 0
91 73 0
83 65 0
94 73 0
133 37 0
111 23 0
111 26 0
72 39 0
120 65 0
113 66 0
97 23 0
51 38 0
94 4 0
95 2 0
94 22 0
99 21 0
8 33 0
14 29 0
29 29 0
44 4 0
55 18 0
4 18 0
1 57 0
11 7 0
17 35 0
100 20 0
123 6 0
106 66 0
102 56 0
119 57 0
5 42 0
139 58 0
90 32 0
91 34 0
85 65 0
130 36 0
77 33 0
3 16 0
131 10 0
83 6 0
83 2 0
112 6 0
123 10 0
44 31 0
73 21 0
76 55 0
90 67 0
138 35 0
84 29 0
1 56 0
85 28 0
70 26 0
109 43 0
98 53 0
4 38 0
55 39 0
100 60 0
134 38 0
72 60 0
55 15 0
112 14 0
123 64 0
122 16 0
59 14 0
103 18 0
99 45 0
104 28 0
128 9 0
90 45 0
86 14 0
86 7 0
98 17 0
101 61 0
59 16 0
116 28 0
104 52 0
105 63 0
128 35 0
123 12 0
95 80 0
84 2 0
119 60 0
95 78 0
107 62 0
95 7 0
113 1 0
136 35 0
113 65 0
98 33 0
15 40 0
104 31 0
12 42 0
2 15 0
84 69 0
86 6 0
76 52 0
114 25 0
108 67 0
78 65 0
111 50 0
106 39 0
111 65 0
129 6 0
98 25 0
41 29 0
101 18 0
98 45 0
84 72 0
57 36 0
93 20 0
99 19 0
95 49 0
88 37 0
114 74 0
51 40 0
85 73 0
140 44 0
114 73 0
82 69 0
83 72 0
111 4 0
103 41 0
109 73 0
113 72 0
135 31 0
19 34 0
112 9 0
97 74 0
126 42 0
119 20 0
135 8 0
105 77 0
7 41 0
125 2 0
128 28 0
3 39 0
5 23 0
125 40 0
129 42 0
136 51 0
65 40 0
3 22 0
132 26 0
99 33 0
133 54 0
87 53 0
84 40 0
104 45 0
132 55 0
128 31 0
72 3 0
133 59 0
71 41 0
113 2 0
102 15 0
117 69 0
113 23 0
110 44 0
115 26 0
135 6 0
119 46 0
139 30 0
137 38 0
138 36 0
69 5 0
138 30 0
101 21 0
139 22 0
107 21 0
87 73 0
112 25 0
3 15 0
1 15 0
98 41 0
131 6 0
112 27 0
129 7 0
114 63 0
114 24 0
131 7 0
110 42 0
98 32 0
108 23 0
96 44 0
124 43 0
110 1 0
111 57 0
72 10 0
87 66 0
127 8 0
116 69 0
107 29 0
100 59 0
66 10 0
123 52 0
88 69 0
108 33 0
89 69 0
102 33 0
110 35 0
86 73 0
94 20 0
112 74 0
86 64 0
87 26 0
88 2 0
110 25 0
113 73 0
68 47 0
115 69 0
123 62 0
137 32 0
99 25 0
105 10 0
110 8 0
89 46 0
91 45 0
80 28 0
136 3 0
73 48 0
95 33 0
78 58 0
77 54 0
78 55 0
135 28 0
1 22 0
137 39 0
135 27 0
104 35 0
124 37 0
114 14 0
114 13 0
69 41 0
56 38 0
133 60 0
133 8 0
140 48 0
117 11 0
77 16 0
111 18 0
99 77 0
138 18 0
96 20 0
96 66 0
117 58 0
4 15 0
118 20 0
91 36 0
132 44 0
117 21 0
96 22 0
99 9 0
101 57 0
96 68 0
127 49 0
128 48 0
95 43 0
100 68 0
95 26 0
126 49 0
95 75 0
95 32 0
97 32 0
89 68 0
84 65 0
96 82 0
103 15 0
103 16 0
87 2 0
101 31 0
86 67 0
101 39 0
77 56 0
121 16 0
98 3 0
87 29 0
103 53 0
75 12 0
1 34 0
114 60 0
114 61 0
1 19 0
1 13 0
95 23 0
129 45 0
9 46 0
78 54 0
82 7 0
82 23 0
78 46 0
102 60 0
92 49 0
113 6 0
133 2 0
99 38 0
106 12 0
129 4 0
129 50 0
131 45 0
118 41 0
130 49 0
128 20 0
84 44 0
106 29 0
139 13 0
87 67 0
3 17 0
130 46 0
131 13 0
123 14 0
105 41 0
89 70 0
90 69 0
67 21 0
140 47 0
94 61 0
116 43 0
126 45 0
68 45 0
74 20 0
113 5 0
89 67 0
83 67 0
77 61 0
126 52 0
113 13 0
58 40 0
83 23 0
76 17 0
83 64 0
93 1 0
80 24 0
97 13 0
73 30 0
115 1 0
98 52 0
105 12 0
1 43 0
113 62 0
66 23 0
1 28 0
92 70 0
120 31 0
101 41 0
137 21 0
1 45 0
120 28 0
115 8 0
89 43 0
100 16 0
73 17 0
106 8 0
98 11 0
98 14 0
66 15 0
68 17 0
67 36 0
107 36 0
128 11 0
131 2 0
64 16 0
87 69 0
67 15 0
49 29 0
70 41 0
95 12 0
97 11 0
93 24 0
118 59 0
64 51 0
71 50 0
98 22 0
48 31 0
64 42 0
54 40 0
63 49 0
99 16 0
93 21 0
123 9 0
103 56 0
94 14 0
115 63 0
89 39 0
88 31 0
5 44 0
134 53 0
124 5 0
4 55 0
74 41 0
106 20 0
92 35 0
122 19 0
67 16 0
106 34 0
124 42 0
139 31 0
117 4 0
117 1 0
65 15 0
127 42 0
125 14 0
124 3 0
100 21 0
115 37 0
52 11 0
137 3 0
128 36 0
87 7 0
128 40 0
129 44 0
70 39 0
104 61 0
139 9 0
99 28 0
4 45 0
108 20 0
59 47 0
140 55 0
117 36 0
108 18 0
89 44 0
94 19 0
3 41 0
126 25 0
77 30 0
112 8 0
113 35 0
106 80 0
87 70 0
93 12 0
7 45 0
73 25 0
131 21 0
54 37 0
2 41 0
3 44 0
128 46 0
137 53 0
126 44 0
127 44 0
58 41 0
77 59 0
57 39 0
91 69 0
105 67 0
123 2 0
58 10 0
59 10 0
56 39 0
113 31 0
82 39 0
99 32 0
76 54 0
93 54 0
4 44 0
69 51 0
78 47 0
76 46 0
91 30 0
65 46 0
81 50 0
84 26 0
98 49 0
93 3 0
133 55 0
84 50 0
108 31 0
60 48 0
125 34 0
86 59 0
71 37 0
132 40 0
108 50 0
140 22 0
59 28 0
106 31 0
34 27 0
16 8 0
16 32 0
46 33 0
2 47 0
37 26 0
53 29 0
70 45 0
70 13 0
124 2 0
69 13 0
97 12 0
100 4 0
106 1 0
128 3 0
126 2 0
125 3 0
1 17 0
114 8 0
107 35 0
89 34 0
96 17 0
95 22 0
117 28 0
122 44 0
62 26 0
112 5 0
114 2 0
84 5 0
85 25 0
113 12 0
109 12 0
61 36 0
92 41 0
133 24 0
132 29 0
76 13 0
92 58 0
71 2 0
91 1 0
98 31 0
89 23 0
92 34 0
92 14 0
101 3 0
87 17 0
94 15 0
86 1 0
93 62 0
85 46 0
76 39 0
57 44 0
140 3 0
77 40 0
74 39 0
75 40 0
85 16 0
14 44 0
81 29 0
109 2 0
121 6 0
123 4 0
10 43 0
111 42 0
121 5 0
110 30 0
119 0 0
111 2 0
13 8 0
86 24 0
109 11 0
71 48 0
78 27 0
90 13 0
125 23 0
33 17 0
93 81 0
138 6 0
48 12 0
11 3 0
37 2 0
124 28 0
24 27 0
39 3 0
40 24 0
126 58 0
95 66 0
59 46 0
91 72 0
66 48 0
80 29 0
38 25 0
96 5 0
38 26 0
76 27 0
76 47 0
122 62 0
74 46 0
136 5 0
137 9 0
105 60 0
73 45 0
126 141 0
63 51 0
91 51 0
100 61 0
76 36 0
102 28 0
54 24 0
39 22 0
79 42 0
43 24 0
8 12 0
74 43 0
8 43 0
75 31 0
75 36 0
69 57 0
92 51 0
95 52 0
87 22 0
98 65 0
83 68 0
135 9 0
68 56 0
94 48 0
105 17 0
124 31 0
98 42 0
124 14 0
12 41 0
107 44 0
53 5 0
46 28 0
42 11 0
35 26 0
7 30 0
55 43 0
81 39 0
7 22 0
92 65 0
13 27 0
132 48 0
140 20 0
80 63 0
20 26 0
34 7 0
8 30 0
5 24 0
106 45 0
109 50 0
99 42 0
88 50 0
13 40 0
3 32 0
35 31 0
35 30 0
0 97 0
95 54 0
104 82 0
95 47 0
94 3 0
87 19 0
93 51 0
92 52 0
107 74 0
92 53 0
94 53 0
86 70 0
64 47 0
123 53 0
91 64 0
130 10 0
97 15 0
14 7 0
127 48 0
36 25 0
94 37 0
41 28 0
6 35 0
35 24 0
17 7 0
31 32 0
88 51 0
104 73 0
127 1 0
133 57 0
14 49 0
12 48 0
12 47 0
100 69 0
58 3 0
7 1 0
98 74 0
19 10 0
19 14 0
70 55 0
85 67 0
2 42 0
126 56 0
6 48 0
134 51 0
60 43 0
82 4 0
84 60 0
81 62 0
133 36 0
86 16 0
82 63 0
126 8 0
71 59 0
64 2 0
35 21 0
26 31 0
42 22 0
9 18 0
61 19 0
63 52 0
86 27 0
65 43 0
74 17 0
66 52 0
81 46 0
68 53 0
68 54 0
110 63 0
54 35 0
97 37 0
64 46 0
50 34 0
60 34 0
54 34 0
118 4 0
4 53 0
108 70 0
87 14 0
84 33 0
41 5 0
49 16 0
12 38 0
37 22 0
65 48 0
56 13 0
113 61 0
139 39 0
71 26 0
1 44 0
128 37 0
66 47 0
68 46 0
104 49 0
118 25 0
103 75 0
103 44 0
62 50 0
67 47 0
115 36 0
85 72 0
106 67 0
105 68 0
108 45 0
52 2 0
65 24 0
61 32 0
88 40 0
3 29 0
82 17 0
104 46 0
73 37 0
67 45 0
72 17 0
53 14 0
84 71 0
103 78 0
52 32 0
63 33 0
57 43 0
65 47 0
77 38 0
103 69 0
2 52 0
49 34 0
106 14 0
134 12 0
85 12 0
17 5 0
139 49 0
43 10 0
77 51 0
140 39 0
53 11 0
88 71 0
48 10 0
85 36 0
76 32 0
140 34 0
84 64 0
95 42 0
71 5 0
128 38 0
119 59 0
101 47 0
138 8 0
51 10 0
102 61 0
80 37 0
54 12 0
54 21 0
138 44 0
139 43 0
83 38 0
6 46 0
49 36 0
125 18 0
90 46 0
89 42 0
44 26 0
96 2 0
3 48 0
86 49 0
9 40 0
9 42 0
76 31 0
118 18 0
109 35 0
101 30 0
102 29 0
98 72 0
103 27 0
101 15 0
129 36 0
126 6 0
69 26 0
110 56 0
83 26 0
104 40 0
110 18 0
116 21 0
74 29 0
116 64 0
105 39 0
117 68 0
85 2 0
98 82 0
98 64 0
82 67 0
136 39 0
96 58 0
115 66 0
94 9 0
140 30 0
112 71 0
106 19 0
96 81 0
94 74 0
96 16 0
139 23 0
110 72 0
135 12 0
110 68 0
112 35 0
90 55 0
97 41 0
96 83 0
108 1 0
107 71 0
119 58 0
113 43 0
74 30 0
132 61 0
52 39 0
108 13 0
108 78 0
75 63 0
87 24 0
102 67 0
90 24 0
90 19 0
73 39 0
130 39 0
110 75 0
108 27 0
74 62 0
70 2 0
80 67 0
118 66 0
128 12 0
89 22 0
61 38 0
88 39 0
64 52 0
65 53 0
88 63 0
67 52 0
131 33 0
109 57 0
79 43 0
80 41 0
109 46 0
93 43 0
108 57 0
105 81 0
92 20 0
102 53 0
118 47 0
84 52 0
115 55 0
103 4 0
110 58 0
107 26 0
103 65 0
115 67 0
104 36 0
71 14 0
100 38 0
110 74 0
101 13 0
81 5 0
105 5 0
35 29 0
80 6 0
120 58 0
128 19 0
101 50 0
125 6 0
104 14 0
104 1 0
100 1 0
106 4 0
130 52 0
114 48 0
127 3 0
96 23 0
118 16 0
121 20 0
118 19 0
119 17 0
79 21 0
138 5 0
80 55 0
101 74 0
105 22 0
134 21 0
105 33 0
114 27 0
87 65 0
114 49 0
113 28 0
133 9 0
118 55 0
82 9 0
59 37 0
83 30 0
138 20 0
106 21 0
131 22 0
139 5 0
113 34 0
132 20 0
76 25 0
85 37 0
117 61 0
90 60 0
98 61 0
89 21 0
103 24 0
64 19 0
113 42 0
104 63 0
96 54 0
114 42 0
89 74 0
104 22 0
132 60 0
132 5 0
89 75 0
106 26 0
115 29 0
114 31 0
96 51 0
86 72 0
121 24 0
106 23 0
118 1 0
63 10 0
128 58 0
117 62 0
79 48 0
93 59 0
111 43 0
92 80 0
115 52 0
111 77 0
105 23 0
106 22 0
104 24 0
140 21 0
117 71 0
114 44 0
112 70 0
90 38 0
117 39 0
76 24 0
112 73 0
111 45 0
112 45 0
103 23 0
141 55 0
65 44 0
113 60 0
62 49 0
111 46 0
115 47 0
118 48 0
117 48 0
132 15 0
55 42 0
111 1 0
97 73 0
115 48 0
116 44 0
127 60 0
121 53 0
121 54 0
118 57 0
132 58 0
118 67 0
109 22 0
108 35 0
60 45 0
83 40 0
108 21 0
110 27 0
88 49 0
100 41 0
107 37 0
111 22 0
96 26 0
107 57 0
129 9 0
131 11 0
16 16 0
65 34 0
110 23 0
105 27 0
5 26 0
94 41 0
124 11 0
56 32 0
133 20 0
55 1 0
35 11 0
32 4 0
128 22 0
5 3 0
71 31 0
56 40 0
92 66 0
15 11 0
105 45 0
135 10 0
115 13 0
116 61 0
136 29 0
6 47 0
103 14 0
105 11 0
53 37 0
71 47 0
101 54 0
88 60 0
102 73 0
140 28 0
91 56 0
34 26 0
48 35 0
41 10 0
121 67 0
28 21 0
133 31 0
42 10 0
101 27 0
29 5 0
28 31 0
24 11 0
27 17 0
62 25 0
72 34 0
82 47 0
26 27 0
127 19 0
49 18 0
63 45 0
5 36 0
44 7 0
7 20 0
112 17 0
43 11 0
127 30 0
68 39 0
16 26 0
68 36 0
21 31 0
111 6 0
81 48 0
106 36 0
75 35 0
38 1 0
78 12 0
120 67 0
124 47 0
85 24 0
12 2 0
79 1 0
57 24 0
75 58 0
92 16 0
110 32 0
60 25 0
99 56 0
31 20 0
136 23 0
128 60 0
0 34 0
112 20 0
105 47 0
91 54 0
60 21 0
80 26 0
7 31 0
109 13 0
127 25 0
94 26 0
116 16 0
115 50 0
73 24 0
78 39 0
97 20 0
39 1 0
47 4 0
141 70 0
70 9 0
55 36 0
80 5 0
59 9 0
128 8 0
13 9 0
4 56 0
110 0 0
12 9 0
46 16 0
92 3 0
50 13 0
63 19 0
114 15 0
117 40 0
36 9 0
96 38 0
88 26 0
97 64 0
116 47 0
97 65 0
60 27 0
138 26 0
124 50 0
84 19 0
140 33 0
31 25 0
24 1 0
119 22 0
65 11 0
43 3 0
100 14 0
119 34 0
121 15 0
35 28 0
120 17 0
112 31 0
136 14 0
8 41 0
101 62 0
39 19 0
68 49 0
139 15 0
112 60 0
29 25 0
102 59 0
65 25 0
72 42 0
111 28 0
101 45 0
90 9 0
104 4 0
97 35 0
5 25 0
103 47 0
11 25 0
24 30 0
95 4 0
11 2 0
93 77 0
91 57 0
115 34 0
4 52 0
86 60 0
115 14 0
118 37 0
75 62 0
23 11 0
72 53 0
98 2 0
93 67 0
78 33 0
94 58 0
97 2 0
136 57 0
88 6 0
108 71 0
108 8 0
135 49 0
88 58 0
69 22 0
116 42 0
72 45 0
100 5 0
64 49 0
130 31 0
11 36 0
80 15 0
96 56 0
137 37 0
100 27 0
132 4 0
63 9 0
23 27 0
80 43 0
61 14 0
120 19 0
109 3 0
97 34 0
4 5 0
83 33 0
116 26 0
36 7 0
20 21 0
112 53 0
106 79 0
112 75 0
38 28 0
107 14 0
126 35 0
75 55 0
92 63 0
130 25 0
67 9 0
111 3 0
94 12 0
114 70 0
122 51 0
134 43 0
52 1 0
107 49 0
115 58 0
65 50 0
124 17 0
92 23 0
75 32 0
78 48 0
121 12 0
128 4 0
70 29 0
14 47 0
0 60 0
61 45 0
71 56 0
89 51 0
87 62 0
138 12 0
108 42 0
110 26 0
94 39 0
107 60 0
41 9 0
88 64 0
49 32 0
96 39 0
88 76 0
106 5 0
8 34 0
84 54 0
5 56 0
74 21 0
135 29 0
124 9 0
141 50 0
54 20 0
111 5 0
107 3 0
14 17 0
79 64 0
65 38 0
131 17 0
135 16 0
32 16 0
6 1 0
5 13 0
42 26 0
80 30 0
58 21 0
103 62 0
31 14 0
83 49 0
25 1 0
41 12 0
102 77 0
91 37 0
3 30 0
28 14 0
102 2 0
33 31 0
139 17 0
28 11 0
22 6 0
44 16 0
108 62 0
59 7 0
140 31 0
94 13 0
78 52 0
49 6 0
29 17 0
14 30 0
82 25 0
58 47 0
129 51 0
29 1 0
7 43 0
16 7 0
82 53 0
79 65 0
13 24 0
44 5 0
123 42 0
37 25 0
38 15 0
28 29 0
90 14 0
82 16 0
136 10 0
123 46 0
95 11 0
87 74 0
5 16 0
56 11 0
109 7 0
52 30 0
7 15 0
27 33 0
72 41 0
10 11 0
48 14 0
99 58 0
12 32 0
118 21 0
56 37 0
130 28 0
21 5 0
140 36 0
28 23 0
101 28 0
26 30 0
61 3 0
93 52 0
101 64 0
22 29 0
90 6 0
117 70 0
137 28 0
110 6 0
34 9 0
67 10 0
5 20 0
58 16 0
106 6 0
128 30 0
107 32 0
72 0 0
87 41 0
25 23 0
118 29 0
109 18 0
10 21 0
5 17 0
109 14 0
81 12 0
141 73 0
71 44 0
28 16 0
22 14 0
137 18 0
16 15 0
129 8 0
51 20 0
85 70 0
43 22 0
5 52 0
136 13 0
53 15 0
84 25 0
23 24 0
125 20 0
125 44 0
106 17 0
84 49 0
75 52 0
48 30 0
91 13 0
101 76 0
14 39 0
103 34 0
100 47 0
109 32 0
130 30 0
116 27 0
101 73 0
75 45 0
88 33 0
108 30 0
56 26 0
3 25 0
67 46 0
94 70 0
8 2 0
91 4 0
72 8 0
68 4 0
96 27 0
127 24 0
39 25 0
61 10 0
101 10 0
85 9 0
12 15 0
69 52 0
83 71 0
128 23 0
82 26 0
1 53 0
70 32 0
72 57 0
68 32 0
51 37 0
54 41 0
89 53 0
5 51 0
72 40 0
102 8 0
67 33 0
104 20 0
107 79 0
65 49 0
96 30 0
62 39 0
115 61 0
109 45 0
94 36 0
116 9 0
109 59 0
104 58 0
106 57 0
21 7 0
137 51 0
100 48 0
133 25 0
11 18 0
67 37 0
125 28 0
29 21 0
107 9 0
20 18 0
9 11 0
83 70 0
39 17 0
59 34 0
99 41 0
99 62 0
90 27 0
46 30 0
83 48 0
82 6 0
45 30 0
105 61 0
129 38 0
133 33 0
81 56 0
87 63 0
102 71 0
92 6 0
88 9 0
101 52 0
76 8 0
110 67 0
21 20 0
49 22 0
98 83 0
117 30 0
107 18 0
138 54 0
52 18 0
94 6 0
28 19 0
85 47 0
64 45 0
124 46 0
120 60 0
130 20 0
65 4 0
14 10 0
83 44 0
118 44 0
13 32 0
65 10 0
93 71 0
108 24 0
98 24 0
120 27 0
2 23 0
98 56 0
89 15 0
28 28 0
57 27 0
27 24 0
28 24 0
36 13 0
81 35 0
91 46 0
26 12 0
64 17 0
60 31 0
27 11 0
67 29 0
92 50 0
4 25 0
49 31 0
127 36 0
104 13 0
96 6 0
43 16 0
108 16 0
105 69 0
137 22 0
6 55 0
131 44 0
105 1 0
82 24 0
113 36 0
82 60 0
106 7 0
69 11 0
97 69 0
115 11 0
27 19 0
117 41 0
79 10 0
110 52 0
62 51 0
43 26 0
35 8 0
117 64 0
110 34 0
31 30 0
17 11 0
34 22 0
30 16 0
51 22 0
18 26 0
113 3 0
111 54 0
140 53 0
50 16 0
16 2 0
131 26 0
7 16 0
133 5 0
80 11 0
20 33 0
126 23 0
115 51 0
48 27 0
88 13 0
103 40 0
119 64 0
47 19 0
25 4 0
81 63 0
74 60 0
71 30 0
98 30 0
31 22 0
116 36 0
82 13 0
54 33 0
13 33 0
49 28 0
36 17 0
138 42 0
113 52 0
74 12 0
127 7 0
55 2 0
78 34 0
131 5 0
1 25 0
49 11 0
1 37 0
122 25 0
66 11 0
18 8 0
100 24 0
77 7 0
40 1 0
107 8 0
70 5 0
121 65 0
93 60 0
81 37 0
138 48 0
62 35 0
129 32 0
39 15 0
119 5 0
79 54 0
17 4 0
101 26 0
32 6 0
120 6 0
44 8 0
52 16 0
28 26 0
8 29 0
80 64 0
45 2 0
115 25 0
21 15 0
38 17 0
17 34 0
136 36 0
112 62 0
107 77 0
64 33 0
78 31 0
100 64 0
113 49 0
115 10 0
87 58 0
89 72 0
121 52 0
112 12 0
126 24 0
83 59 0
97 57 0
24 29 0
33 10 0
51 21 0
104 19 0
49 8 0
79 4 0
118 6 0
43 6 0
120 25 0
3 46 0
113 38 0
101 29 0
60 2 0
42 5 0
92 22 0
89 14 0
41 22 0
93 32 0
80 39 0
55 27 0
140 18 0
128 42 0
6 56 0
69 25 0
119 16 0
48 23 0
137 17 0
125 37 0
141 49 0
105 53 0
13 29 0
136 40 0
82 41 0
22 2 0
13 20 0
103 7 0
7 28 0
65 3 0
121 61 0
116 50 0
104 6 0
100 29 0
112 1 0
84 15 0
45 17 0
62 24 0
95 63 0
99 48 0
6 57 0
124 4 0
89 50 0
120 50 0
141 61 0
70 11 0
13 25 0
93 2 0
93 19 0
3 52 0
93 49 0
26 11 0
68 43 0
24 2 0
65 14 0
84 6 0
55 20 0
16 17 0
24 24 0
101 80 0
91 35 0
94 28 0
79 53 0
108 59 0
128 57 0
53 41 0
82 29 0
118 30 0
84 41 0
124 60 0
101 44 0
21 17 0
123 21 0
98 19 0
99 46 0
6 29 0
52 24 0
3 12 0
10 18 0
12 34 0
96 69 0
11 16 0
110 15 0
102 69 0
46 19 0
91 63 0
7 51 0
27 22 0
64 6 0
6 28 0
90 76 0
125 54 0
31 2 0
105 7 0
104 29 0
114 9 0
86 0 0
111 47 0
2 48 0
124 21 0
99 4 0
118 40 0
133 23 0
60 41 0
48 29 0
106 81 0
19 29 0
126 1 0
91 67 0
37 5 0
40 21 0
47 12 0
42 28 0
89 10 0
51 25 0
129 56 0
59 19 0
33 13 0
67 31 0
76 14 0
32 29 0
43 29 0
57 18 0
80 42 0
74 58 0
15 4 0
128 62 0
60 10 0
82 61 0
129 57 0
21 24 0
68 24 0
106 35 0
72 38 0
134 58 0
120 62 0
107 33 0
125 60 0
5 40 0
45 33 0
89 33 0
112 37 0
17 8 0
57 14 0
8 17 0
5 6 0
95 5 0
5 39 0
6 3 0
37 29 0
105 13 0
59 21 0
135 4 0
88 7 0
80 20 0
139 44 0
53 20 0
86 9 0
35 27 0
7 5 0
80 34 0
47 28 0
103 51 0
108 58 0
103 6 0
2 36 0
64 10 0
107 5 0
85 58 0
100 79 0
119 8 0
34 17 0
58 2 0
22 10 0
109 0 0
28 17 0
96 63 0
11 19 0
4 17 0
86 3 0
117 55 0
58 1 0
73 10 0
115 27 0
119 13 0
3 40 0
7 32 0
134 24 0
4 7 0
70 43 0
45 11 0
4 4 0
8 1 0
42 31 0
104 76 0
111 12 0
8 42 0
26 19 0
133 32 0
83 54 0
109 6 0
129 21 0
102 82 0
38 10 0
109 25 0
4 24 0
79 59 0
96 57 0
104 7 0
102 65 0
99 49 0
113 37 0
120 30 0
107 16 0
130 42 0
108 73 0
58 34 0
115 18 0
1 46 0
137 52 0
124 58 0
131 24 0
130 2 0
135 43 0
51 33 0
122 50 0
6 33 0
122 23 0
97 0 0
137 56 0
75 49 0
123 50 0
66 53 0
8 31 0
2 51 0
123 35 0
13 22 0
124 49 0
47 31 0
120 2 0
61 33 0
137 4 0
96 55 0
140 57 0
37 9 0
48 4 0
103 48 0
122 30 0
118 60 0
118 36 0
129 61 0
107 51 0
27 3 0
89 54 0
6 54 0
47 32 0
103 52 0
131 36 0
100 50 0
107 31 0
126 29 0
83 37 0
78 4 0
139 35 0
124 38 0
114 19 0
14 24 0
17 36 0
23 14 0
12 31 0
11 13 0
91 52 0
136 9 0
23 5 0
17 1 0
21 22 0
36 15 0
95 56 0
19 23 0
84 59 0
108 9 0
48 17 0
140 14 0
1 20 0
11 32 0
119 66 0
11 34 0
37 16 0
5 38 0
132 35 0
60 28 0
115 5 0
22 22 0
115 60 0
7 18 0
12 3 0
67 6 0
24 21 0
7 2 0
84 57 0
87 33 0
33 19 0
127 18 0
52 6 0
50 28 0
97 3 0
12 10 0
13 12 0
90 49 0
120 20 0
115 4 0
94 50 0
17 37 0
140 1 0
19 31 0
16 38 0
16 12 0
26 17 0
101 51 0
31 21 0
46 20 0
54 8 0
9 12 0
67 12 0
92 15 0
14 6 0
79 22 0
77 48 0
44 2 0
25 16 0
139 46 0
35 13 0
117 27 0
131 16 0
60 4 0
7 37 0
39 5 0
136 59 0
114 43 0
15 12 0
58 46 0
15 8 0
41 13 0
114 30 0
8 37 0
101 68 0
83 8 0
97 4 0
31 24 0
102 50 0
27 14 0
3 23 0
79 32 0
4 21 0
40 20 0
109 31 0
75 30 0
89 11 0
85 19 0
8 39 0
60 1 0
1 36 0
4 22 0
25 28 0
57 40 0
131 43 0
122 8 0
108 32 0
134 60 0
123 49 0
62 23 0
58 18 0
87 36 0
112 44 0
30 14 0
13 4 0
136 50 0
72 32 0
93 26 0
109 49 0
120 34 0
126 51 0
126 61 0
33 20 0
117 24 0
137 12 0
120 54 0
136 32 0
40 18 0
36 10 0
128 17 0
125 33 0
23 25 0
57 6 0
69 1 0
39 28 0
11 40 0
65 20 0
18 15 0
60 7 0
20 22 0
30 1 0
103 64 0
85 26 0
58 37 0
110 54 0
30 24 0
71 23 0
19 28 0
135 14 0
78 40 0
15 27 0
77 36 0
41 4 0
72 22 0
100 49 0
53 18 0
59 11 0
26 5 0
107 61 0
95 50 0
1 49 0
140 17 0
97 79 0
77 41 0
59 12 0
109 42 0
95 18 0
139 33 0
32 31 0
1 7 0
110 21 0
103 39 0
26 28 0
102 12 0
84 63 0
105 55 0
2 26 0
94 21 0
32 26 0
33 22 0
94 38 0
104 39 0
105 50 0
70 12 0
123 63 0
33 12 0
58 25 0
26 34 0
81 7 0
115 40 0
119 44 0
89 28 0
45 8 0
100 70 0
125 30 0
137 57 0
2 19 0
6 2 0
91 8 0
2 14 0
61 48 0
4 28 0
127 13 0
84 31 0
2 25 0
112 3 0
9 27 0
124 51 0
121 27 0
101 0 0
111 61 0
123 36 0
110 66 0
75 19 0
125 15 0
57 2 0
71 8 0
62 5 0
7 12 0
46 8 0
22 13 0
96 31 0
32 5 0
94 18 0
41 3 0
47 5 0
30 13 0
1 40 0
85 33 0
83 66 0
7 39 0
41 23 0
29 9 0
74 52 0
35 9 0
126 12 0
109 48 0
91 42 0
78 44 0
11 11 0
90 40 0
2 21 0
86 52 0
105 71 0
72 6 0
118 61 0
53 12 0
122 26 0
27 29 0
41 21 0
49 19 0
50 33 0
119 24 0
36 6 0
16 3 0
75 26 0
83 58 0
75 33 0
76 64 0
135 25 0
57 17 0
27 16 0
104 66 0
58 4 0
25 17 0
127 45 0
23 12 0
69 29 0
29 8 0
58 30 0
52 29 0
14 9 0
56 18 0
125 52 0
104 80 0
73 60 0
59 18 0
96 0 0
23 32 0
107 0 0
140 7 0
37 28 0
41 17 0
49 12 0
77 46 0
37 27 0
99 59 0
31 16 0
15 22 0
97 75 0
29 26 0
32 11 0
6 9 0
102 79 0
135 42 0
131 12 0
131 41 0
1 5 0
11 27 0
90 70 0
129 54 0
106 63 0
99 83 0
124 41 0
28 20 0
67 1 0
49 14 0
17 20 0
109 28 0
36 20 0
108 64 0
127 58 0
89 29 0
20 14 0
120 41 0
6 13 0
88 45 0
112 48 0
43 18 0
39 14 0
34 11 0
82 52 0
63 21 0
112 72 0
29 11 0
34 23 0
30 32 0
27 1 0
140 12 0
38 24 0
23 6 0
39 18 0
65 39 0
85 51 0
10 13 0
67 24 0
57 16 0
68 6 0
90 0 0
70 18 0
141 13 0
102 35 0
37 6 0
24 34 0
51 16 0
30 9 0
19 18 0
131 23 0
15 30 0
112 19 0
131 42 0
32 24 0
122 33 0
96 25 0
46 14 0
1 6 0
109 39 0
126 15 0
79 46 0
116 51 0
67 50 0
14 48 0
64 24 0
86 22 0
102 32 0
61 4 0
99 12 0
101 16 0
26 6 0
72 7 0
115 71 0
67 43 0
26 14 0
38 4 0
139 25 0
6 22 0
57 3 0
99 14 0
133 46 0
71 33 0
47 6 0
135 1 0
100 6 0
69 37 0
138 24 0
27 21 0
95 3 0
0 19 0
69 33 0
47 1 0
33 18 0
111 10 0
97 1 0
48 3 0
117 47 0
11 14 0
57 4 0
20 11 0
140 37 0
92 26 0
111 59 0
50 38 0
92 28 0
35 19 0
25 22 0
117 7 0
73 58 0
15 9 0
44 23 0
39 10 0
87 10 0
73 16 0
99 50 0
12 28 0
112 39 0
105 46 0
24 14 0
91 32 0
123 23 0
80 21 0
22 11 0
116 13 0
87 23 0
41 15 0
34 2 0
47 24 0
49 20 0
74 24 0
77 11 0
23 19 0
99 74 0
20 4 0
91 6 0
118 45 0
66 4 0
27 10 0
86 58 0
101 69 0
91 33 0
62 0 0
3 43 0
1 24 0
104 10 0
91 74 0
1 2 0
1 41 0
91 14 0
95 61 0
54 17 0
110 11 0
78 63 0
26 25 0
42 4 0
65 21 0
125 7 0
132 27 0
92 44 0
133 7 0
28 7 0
104 68 0
34 19 0
1 10 0
12 22 0
4 27 0
45 5 0
117 17 0
19 7 0
98 20 0
108 43 0
106 43 0
10 7 0
38 23 0
137 8 0
115 38 0
50 19 0
41 7 0
139 8 0
73 41 0
31 15 0
127 27 0
120 39 0
113 11 0
12 6 0
135 33 0
36 5 0
138 15 0
108 4 0
92 32 0
61 50 0
5 7 0
14 41 0
70 30 0
80 1 0
1 21 0
4 29 0
95 62 0
70 46 0
40 16 0
77 34 0
75 54 0
102 7 0
102 5 0
69 3 0
36 19 0
53 40 0
127 52 0
60 14 0
109 47 0
60 23 0
35 3 0
64 9 0
93 28 0
37 10 0
125 42 0
56 2 0
30 26 0
78 60 0
14 16 0
61 1 0
48 24 0
17 26 0
10 31 0
56 27 0
8 7 0
16 13 0
44 20 0
29 2 0
98 7 0
28 1 0
9 16 0
125 24 0
34 20 0
71 18 0
68 13 0
38 19 0
111 63 0
115 3 0
58 17 0
17 19 0
122 49 0
126 57 0
18 2 0
57 11 0
17 23 0
87 42 0
17 2 0
99 29 0
112 28 0
20 9 0
137 27 0
1 31 0
136 53 0
27 20 0
20 37 0
50 15 0
95 6 0
75 14 0
136 25 0
106 49 0
53 27 0
30 2 0
9 7 0
75 6 0
92 12 0
115 57 0
20 5 0
60 8 0
44 10 0
89 47 0
106 9 0
31 1 0
92 0 0
44 15 0
35 1 0
72 9 0
11 43 0
85 30 0
43 1 0
126 5 0
129 33 0
62 34 0
132 23 0
66 38 0
106 50 0
20 12 0
87 4 0
6 5 0
135 56 0
111 76 0
118 52 0
44 1 0
96 59 0
96 13 0
44 3 0
21 4 0
98 12 0
11 21 0
120 0 0
111 31 0
38 6 0
41 2 0
25 14 0
97 7 0
9 20 0
95 48 0
135 21 0
116 54 0
4 1 0
116 49 0
136 42 0
24 32 0
93 64 0
140 8 0
26 16 0
41 1 0
123 20 0
84 51 0
8 13 0
8 10 0
78 14 0
87 30 0
5 14 0
94 23 0
62 43 0
103 54 0
6 30 0
76 37 0
116 62 0
117 9 0
90 25 0
126 47 0
106 13 0
21 33 0
23 3 0
134 13 0
81 45 0
124 52 0
98 1 0
18 16 0
101 53 0
114 32 0
94 45 0
136 15 0
26 21 0
99 82 0
119 61 0
81 23 0
108 63 0
135 0 0
65 23 0
122 22 0
73 55 0
85 64 0
79 0 0
89 2 0
12 19 0
94 55 0
136 34 0
94 67 0
57 28 0
23 7 0
91 77 0
119 45 0
27 8 0
138 55 0
6 53 0
94 56 0
50 12 0
7 7 0
123 1 0
107 15 0
8 4 0
40 11 0
108 53 0
98 16 0
80 3 0
70 3 0
70 10 0
102 46 0
73 29 0
119 41 0
58 12 0
59 4 0
72 46 0
27 23 0
93 16 0
35 22 0
95 31 0
63 2 0
34 18 0
19 32 0
85 63 0
85 43 0
16 23 0
83 69 0
35 25 0
8 47 0
128 44 0
102 81 0
120 3 0
22 31 0
137 15 0
81 2 0
68 5 0
113 21 0
107 12 0
13 11 0
55 0 0
23 16 0
133 3 0
91 26 0
44 22 0
81 32 0
90 2 0
121 59 0
102 9 0
50 1 0
56 12 0
101 37 0
21 1 0
19 5 0
121 29 0
2 28 0
33 4 0
16 31 0
3 3 0
7 21 0
124 54 0
88 19 0
139 56 0
19 4 0
137 46 0
61 31 0
90 78 0
116 72 0
111 19 0
47 29 0
67 44 0
117 3 0
50 25 0
3 8 0
100 82 0
92 45 0
85 35 0
7 14 0
31 8 0
134 37 0
4 12 0
62 20 0
67 4 0
111 56 0
92 37 0
75 37 0
63 42 0
50 3 0
120 44 0
60 17 0
6 8 0
84 47 0
36 14 0
87 60 0
25 26 0
129 43 0
130 8 0
26 9 0
4 9 0
65 16 0
2 30 0
45 18 0
133 1 0
65 13 0
70 8 0
55 12 0
84 20 0
69 7 0
16 34 0
56 5 0
122 36 0
84 32 0
59 35 0
44 27 0
100 13 0
134 49 0
104 3 0
97 22 0
72 29 0
119 47 0
51 19 0
80 23 0
31 3 0
78 36 0
131 56 0
124 10 0
38 9 0
86 71 0
39 13 0
90 4 0
110 41 0
115 15 0
17 25 0
113 57 0
132 6 0
38 8 0
70 36 0
119 12 0
32 23 0
77 2 0
113 63 0
111 48 0
10 39 0
137 23 0
78 29 0
10 2 0
55 26 0
42 24 0
64 32 0
38 3 0
33 8 0
119 53 0
18 3 0
69 14 0
36 8 0
102 34 0
98 8 0
27 28 0
27 12 0
88 34 0
51 14 0
62 45 0
90 17 0
90 43 0
98 10 0
24 7 0
119 65 0
103 60 0
8 15 0
67 28 0
120 5 0
102 1 0
67 11 0
122 21 0
9 2 0
57 15 0
62 7 0
46 34 0
90 39 0
46 23 0
97 42 0
54 19 0
104 79 0
51 7 0
26 0 0
67 25 0
82 38 0
24 9 0
4 26 0
55 9 0
21 23 0
53 6 0
19 27 0
79 30 0
107 54 0
113 4 0
87 28 0
98 4 0
109 19 0
19 9 0
93 56 0
115 7 0
83 20 0
101 49 0
5 47 0
51 29 0
99 31 0
79 51 0
74 55 0
9 9 0
80 68 0
133 4 0
72 19 0
86 39 0
82 50 0
19 17 0
138 22 0
139 45 0
14 2 0
124 29 0
97 31 0
118 53 0
123 39 0
68 26 0
31 29 0
24 8 0
22 27 0
54 13 0
107 7 0
33 26 0
141 42 0
16 4 0
124 22 0
83 62 0
42 27 0
14 14 0
1 33 0
15 2 0
20 34 0
83 47 0
131 18 0
11 5 0
33 15 0
126 55 0
130 24 0
91 40 0
88 36 0
117 54 0
10 12 0
16 29 0
29 3 0
18 6 0
96 8 0
104 18 0
21 8 0
88 75 0
130 16 0
138 10 0
118 42 0
30 18 0
4 57 0
106 68 0
89 31 0
43 12 0
71 10 0
32 27 0
58 31 0
90 54 0
78 42 0
112 65 0
70 34 0
128 14 0
104 62 0
33 30 0
84 46 0
53 1 0
93 4 0
112 10 0
85 11 0
94 78 0
95 34 0
112 67 0
19 38 0
8 46 0
131 58 0
126 20 0
111 20 0
126 13 0
74 9 0
138 58 0
52 13 0
24 3 0
87 59 0
15 20 0
126 14 0
128 34 0
30 21 0
135 54 0
81 40 0
1 47 0
107 19 0
17 38 0
40 7 0
68 31 0
79 36 0
52 25 0
15 35 0
5 41 0
25 11 0
15 19 0
80 33 0
69 45 0
122 17 0
73 4 0
93 35 0
11 1 0
7 49 0
7 19 0
4 42 0
68 30 0
120 10 0
2 53 0
115 17 0
94 24 0
64 20 0
133 40 0
115 73 0
121 57 0
42 15 0
112 57 0
101 46 0
110 59 0
19 12 0
127 38 0
23 35 0
101 79 0
102 6 0
12 21 0
10 37 0
73 1 0
119 36 0
19 20 0
83 63 0
78 24 0
10 38 0
31 19 0
71 58 0
97 78 0
108 25 0
94 35 0
79 31 0
99 64 0
52 20 0
45 9 0
25 8 0
27 2 0
129 11 0
112 59 0
103 66 0
68 44 0
135 41 0
117 37 0
115 53 0
91 53 0
105 26 0
73 32 0
124 55 0
56 24 0
63 3 0
48 13 0
120 42 0
106 78 0
15 36 0
132 8 0
36 31 0
119 7 0
117 45 0
4 54 0
94 1 0
131 61 0
96 46 0
65 33 0
64 18 0
12 24 0
14 25 0
33 1 0
22 17 0
6 18 0
100 63 0
69 38 0
61 47 0
135 55 0
23 4 0
26 15 0
10 20 0
11 26 0
10 40 0
111 75 0
132 19 0
54 16 0
66 18 0
128 26 0
53 16 0
40 17 0
2 13 0
12 26 0
89 37 0
78 32 0
25 7 0
122 5 0
86 54 0
135 3 0
29 6 0
131 28 0
33 24 0
122 6 0
14 26 0
24 4 0
141 34 0
118 65 0
125 59 0
100 12 0
71 34 0
45 19 0
47 11 0
129 48 0
6 44 0
26 24 0
4 11 0
113 53 0
104 15 0
133 27 0
94 80 0
48 6 0
83 57 0
48 16 0
74 19 0
98 23 0
88 43 0
85 29 0
93 8 0
54 1 0
73 43 0
94 77 0
72 2 0
120 16 0
64 22 0
32 7 0
134 47 0
124 1 0
54 39 0
59 17 0
124 15 0
107 1 0
121 45 0
63 7 0
77 0 0
43 13 0
97 47 0
20 32 0
56 14 0
72 52 0
131 50 0
98 78 0
51 15 0
90 74 0
116 32 0
23 29 0
96 64 0
99 53 0
43 19 0
14 40 0
20 8 0
77 1 0
52 19 0
123 57 0
11 38 0
116 33 0
8 8 0
17 9 0
24 23 0
22 16 0
104 25 0
140 58 0
22 0 0
79 23 0
124 30 0
114 36 0
103 49 0
76 48 0
84 18 0
34 5 0
13 16 0
79 18 0
104 55 0
101 34 0
68 7 0
29 7 0
8 9 0
4 37 0
82 15 0
96 36 0
11 4 0
69 44 0
52 27 0
79 8 0
9 45 0
64 1 0
101 8 0
119 31 0
3 55 0
84 70 0
82 11 0
99 47 0
95 81 0
122 4 0
122 58 0
125 13 0
87 47 0
93 50 0
4 58 0
102 37 0
56 4 0
99 78 0
108 5 0
119 67 0
36 12 0
122 3 0
62 33 0
110 31 0
90 33 0
85 52 0
10 17 0
135 34 0
64 8 0
115 23 0
99 0 0
95 72 0
53 24 0
11 8 0
101 23 0
97 51 0
124 35 0
119 9 0
139 10 0
119 42 0
43 31 0
90 41 0
88 46 0
17 10 0
3 24 0
125 62 0
71 60 0
6 20 0
46 13 0
24 18 0
127 34 0
81 55 0
60 42 0
41 19 0
21 27 0
116 37 0
5 54 0
5 49 0
81 49 0
54 18 0
124 53 0
127 26 0
2 8 0
37 8 0
55 41 0
13 28 0
7 11 0
96 10 0
94 69 0
113 40 0
106 52 0
73 50 0
93 80 0
109 56 0
94 52 0
70 49 0
46 3 0
82 2 0
57 41 0
20 23 0
75 42 0
114 55 0
84 48 0
100 65 0
49 1 0
68 41 0
103 36 0
86 47 0
7 17 0
119 35 0
69 4 0
2 29 0
6 41 0
10 44 0
69 53 0
121 22 0
62 1 0
120 32 0
136 17 0
52 5 0
2 43 0
77 62 0
75 39 0
102 23 0
74 38 0
12 23 0
93 6 0
107 75 0
96 65 0
114 51 0
75 15 0
115 44 0
94 11 0
9 21 0
44 9 0
107 30 0
137 14 0
50 17 0
121 25 0
105 6 0
128 13 0
100 31 0
72 23 0
62 41 0
24 25 0
118 8 0
105 28 0
106 65 0
103 55 0
105 59 0
99 79 0
125 4 0
2 49 0
108 60 0
58 19 0
46 22 0
128 10 0
134 20 0
76 40 0
114 71 0
17 14 0
116 25 0
2 38 0
116 70 0
97 5 0
112 42 0
16 22 0
40 26 0
25 19 0
46 26 0
110 53 0
123 26 0
130 3 0
59 24 0
136 30 0
100 83 0
4 23 0
129 17 0
82 19 0
99 34 0
27 18 0
69 50 0
92 46 0
113 54 0
95 51 0
28 15 0
97 49 0
40 9 0
57 22 0
137 19 0
1 23 0
85 39 0
94 0 0
60 22 0
123 61 0
80 13 0
16 10 0
72 1 0
27 27 0
118 50 0
108 15 0
100 74 0
84 36 0
99 68 0
26 23 0
116 5 0
113 22 0
73 18 0
32 2 0
2 10 0
21 6 0
128 29 0
39 8 0
114 56 0
58 13 0
68 27 0
92 77 0
11 17 0
44 24 0
56 44 0
108 38 0
84 56 0
63 11 0
66 12 0
16 25 0
82 5 0
80 60 0
52 12 0
121 3 0
118 12 0
121 42 0
119 14 0
5 57 0
14 12 0
123 24 0
60 35 0
62 8 0
132 25 0
21 19 0
112 34 0
37 17 0
51 34 0
93 44 0
139 6 0
75 11 0
135 60 0
35 32 0
102 16 0
4 46 0
20 1 0
2 17 0
117 20 0
116 48 0
136 38 0
92 39 0
80 58 0
0 33 0
121 34 0
86 20 0
67 14 0
89 8 0
95 28 0
71 15 0
89 26 0
134 25 0
114 69 0
60 19 0
44 28 0
113 17 0
77 50 0
34 16 0
84 66 0
86 17 0
106 41 0
47 22 0
71 22 0
22 23 0
22 9 0
95 58 0
82 55 0
72 59 0
20 24 0
66 1 0
139 51 0
93 7 0
89 5 0
96 41 0
72 30 0
9 32 0
39 20 0
122 34 0
3 51 0
90 66 0
58 7 0
77 4 0
98 73 0
112 52 0
112 41 0
32 28 0
100 3 0
118 69 0
12 29 0
25 30 0
5 2 0
21 16 0
134 8 0
85 61 0
62 6 0
80 27 0
62 46 0
127 54 0
23 21 0
53 33 0
61 17 0
101 20 0
113 24 0
113 10 0
127 28 0
103 20 0
85 4 0
66 7 0
67 49 0
29 18 0
1 29 0
2 24 0
35 4 0
61 40 0
43 8 0
130 19 0
23 17 0
123 11 0
134 61 0
14 18 0
123 25 0
84 68 0
4 6 0
13 3 0
7 27 0
80 48 0
15 15 0
83 28 0
74 22 0
7 36 0
2 11 0
81 42 0
94 34 0
79 7 0
14 19 0
13 14 0
90 42 0
50 24 0
56 8 0
49 5 0
37 13 0
77 60 0
94 17 0
105 57 0
53 39 0
9 22 0
139 21 0
1 32 0
90 3 0
60 30 0
45 20 0
114 20 0
104 5 0
93 42 0
6 24 0
36 16 0
95 24 0
65 6 0
133 16 0
61 13 0
31 12 0
99 3 0
60 46 0
74 5 0
126 32 0
66 25 0
55 5 0
125 0 0
28 4 0
17 6 0
55 6 0
87 49 0
72 20 0
103 58 0
69 0 0
3 10 0
5 45 0
83 53 0
42 29 0
16 14 0
102 13 0
48 26 0
134 17 0
80 12 0
5 46 0
19 30 0
70 20 0
112 43 0
112 64 0
102 49 0
138 17 0
63 1 0
76 56 0
1 26 0
9 29 0
109 78 0
91 31 0
90 68 0
90 16 0
51 26 0
20 7 0
43 4 0
115 70 0
109 60 0
79 14 0
61 22 0
135 19 0
55 21 0
120 40 0
105 18 0
66 17 0
22 35 0
103 9 0
123 5 0
83 11 0
30 12 0
139 55 0
46 12 0
8 40 0
63 29 0
121 51 0
101 17 0
41 11 0
139 20 0
131 9 0
79 11 0
140 35 0
52 26 0
108 36 0
115 2 0
134 56 0
9 15 0
35 23 0
119 2 0
105 15 0
130 1 0
98 36 0
105 0 0
69 54 0
112 49 0
65 19 0
111 68 0
89 19 0
3 28 0
11 39 0
21 25 0
37 4 0
42 21 0
116 71 0
100 67 0
139 4 0
115 68 0
28 18 0
129 13 0
27 5 0
71 57 0
68 48 0
105 34 0
3 18 0
79 24 0
125 16 0
43 5 0
123 58 0
130 60 0
1 11 0
140 49 0
77 3 0
54 3 0
97 38 0
85 38 0
91 27 0
111 9 0
100 44 0
32 18 0
67 19 0
20 31 0
27 32 0
6 27 0
140 13 0
128 15 0
62 9 0
126 7 0
118 33 0
108 10 0
44 17 0
32 20 0
114 1 0
25 3 0
135 30 0
18 5 0
90 20 0
69 28 0
88 48 0
51 23 0
21 26 0
5 5 0
90 73 0
130 34 0
91 16 0
100 54 0
77 17 0
61 18 0
99 70 0
62 40 0
20 10 0
88 14 0
47 13 0
35 5 0
7 24 0
2 7 0
33 3 0
111 11 0
100 73 0
128 39 0
125 53 0
12 14 0
55 7 0
77 44 0
56 7 0
132 1 0
59 5 0
51 18 0
8 20 0
115 56 0
89 61 0
50 30 0
63 46 0
78 37 0
85 13 0
138 40 0
35 10 0
110 22 0
120 8 0
9 4 0
8 5 0
32 12 0
101 7 0
101 4 0
110 13 0
2 40 0
33 14 0
111 17 0
1 30 0
113 74 0
118 31 0
10 9 0
18 12 0
75 2 0
63 50 0
137 25 0
87 46 0
110 43 0
86 11 0
25 9 0
104 44 0
131 34 0
50 31 0
3 1 0
37 15 0
80 56 0
8 32 0
14 32 0
94 75 0
137 30 0
106 76 0
62 32 0
30 17 0
4 30 0
33 23 0
16 33 0
58 42 0
98 39 0
77 23 0
101 6 0
67 22 0
131 59 0
77 6 0
80 31 0
29 4 0
33 2 0
73 46 0
68 10 0
92 27 0
55 44 0
71 3 0
49 2 0
113 58 0
19 8 0
65 52 0
119 40 0
105 31 0
117 32 0
105 40 0
9 17 0
97 61 0
3 38 0
36 4 0
109 41 0
66 8 0
106 18 0
11 41 0
3 14 0
117 23 0
94 63 0
138 1 0
77 57 0
133 41 0
79 6 0
87 34 0
17 15 0
5 15 0
105 70 0
138 38 0
93 5 0
111 52 0
113 46 0
140 19 0
2 44 0
122 55 0
4 34 0
116 68 0
9 35 0
111 51 0
83 61 0
80 57 0
77 55 0
134 31 0
9 19 0
61 15 0
112 11 0
93 74 0
11 12 0
122 61 0
86 43 0
135 47 0
56 31 0
17 17 0
49 25 0
14 20 0
94 82 0
18 27 0
24 5 0
77 47 0
62 48 0
26 32 0
129 19 0
10 22 0
71 1 0
4 3 0
91 50 0
50 4 0
8 23 0
123 45 0
110 57 0
9 13 0
126 3 0
88 28 0
14 15 0
106 0 0
82 43 0
5 37 0
20 13 0
26 1 0
41 25 0
84 39 0
36 18 0
76 59 0
85 49 0
10 30 0
85 6 0
5 34 0
34 21 0
118 24 0
16 1 0
121 21 0
11 23 0
18 22 0
128 55 0
109 64 0
132 28 0
70 28 0
15 28 0
63 8 0
9 3 0
86 68 0
59 8 0
30 15 0
59 27 0
5 32 0
20 36 0
131 27 0
73 31 0
139 18 0
3 13 0
121 60 0
130 7 0
111 70 0
4 13 0
124 23 0
25 32 0
124 40 0
9 5 0
110 69 0
90 56 0
10 19 0
90 59 0
62 16 0
74 4 0
112 24 0
100 35 0
7 23 0
74 57 0
14 28 0
127 22 0
111 33 0
106 24 0
103 19 0
1 9 0
29 28 0
88 32 0
67 18 0
58 29 0
31 17 0
72 11 0
50 9 0
113 33 0
5 10 0
106 51 0
22 34 0
5 11 0
53 22 0
114 53 0
96 14 0
4 35 0
141 54 0
90 10 0
18 11 0
104 60 0
66 51 0
47 25 0
9 37 0
8 3 0
132 31 0
69 17 0
95 59 0
93 18 0
101 35 0
95 44 0
23 1 0
23 8 0
110 48 0
28 32 0
21 3 0
105 14 0
16 5 0
21 36 0
54 26 0
132 50 0
85 23 0
101 58 0
3 5 0
52 15 0
57 1 0
66 27 0
89 71 0
16 0 0
109 38 0
26 10 0
118 63 0
30 11 0
127 16 0
59 6 0
68 1 0
69 2 0
27 6 0
15 17 0
25 31 0
10 10 0
114 68 0
14 38 0
86 13 0
127 9 0
109 23 0
129 14 0
34 8 0
108 17 0
16 11 0
113 50 0
96 62 0
108 7 0
63 5 0
85 71 0
120 59 0
138 31 0
41 14 0
66 46 0
54 22 0
127 14 0
70 19 0
103 46 0
6 12 0
24 31 0
19 33 0
21 2 0
1 1 0
27 25 0
136 12 0
127 5 0
80 50 0
69 47 0
102 44 0
91 44 0
41 18 0
31 4 0
119 32 0
72 13 0
88 59 0
90 35 0
129 3 0
89 62 0
42 7 0
32 9 0
91 10 0
98 62 0
108 34 0
97 26 0
21 9 0
135 13 0
73 42 0
4 2 0
55 19 0
112 13 0
73 49 0
30 31 0
128 16 0
94 46 0
98 79 0
34 1 0
15 16 0
129 35 0
90 65 0
88 27 0
18 23 0
31 18 0
91 70 0
12 30 0
66 34 0
63 6 0
45 23 0
4 10 0
96 75 0
114 72 0
107 11 0
124 24 0
101 43 0
57 23 0
86 30 0
15 10 0
101 81 0
135 39 0
108 6 0
80 40 0
97 18 0
35 6 0
118 5 0
126 46 0
115 33 0
106 27 0
49 21 0
65 45 0
123 40 0
17 21 0
70 44 0
6 49 0
111 7 0
109 62 0
140 40 0
123 16 0
72 24 0
52 17 0
85 8 0
68 40 0
38 2 0
11 46 0
79 56 0
20 35 0
98 15 0
110 76 0
26 33 0
100 71 0
91 5 0
75 4 0
35 14 0
63 13 0
81 14 0
65 2 0
13 23 0
58 22 0
78 57 0
3 11 0
60 39 0
70 52 0
100 30 0
126 50 0
54 5 0
10 28 0
14 13 0
79 9 0
24 22 0
19 36 0
111 8 0
99 35 0
61 34 0
134 59 0
140 2 0
46 6 0
85 1 0
81 67 0
79 3 0
74 25 0
7 57 0
68 2 0
98 60 0
60 18 0
93 53 0
114 46 0
125 11 0
3 31 0
104 50 0
13 7 0
105 42 0
9 1 0
88 56 0
29 14 0
16 35 0
65 7 0
119 23 0
16 50 0
48 34 0
109 70 0
126 36 0
62 42 0
93 27 0
72 48 0
105 52 0
93 45 0
97 56 0
58 8 0
53 19 0
131 57 0
61 9 0
100 7 0
6 36 0
128 49 0
18 9 0
73 20 0
75 27 0
2 4 0
92 17 0
72 43 0
20 16 0
2 56 0
106 10 0
75 3 0
79 45 0
87 75 0
128 5 0
126 21 0
128 51 0
46 5 0
9 6 0
62 31 0
51 8 0
119 37 0
15 21 0
95 1 0
2 5 0
32 21 0
114 65 0
81 36 0
128 18 0
51 13 0
11 24 0
58 38 0
109 36 0
99 22 0
133 11 0
2 18 0
19 26 0
122 10 0
99 15 0
65 31 0
82 68 0
46 11 0
27 31 0
66 44 0
23 33 0
97 60 0
127 41 0
88 5 0
46 17 0
94 68 0
66 30 0
71 49 0
13 19 0
64 31 0
139 41 0
76 33 0
103 50 0
102 42 0
30 22 0
92 30 0
91 3 0
78 25 0
12 13 0
103 59 0
57 31 0
130 57 0
132 57 0
17 3 0
14 27 0
17 27 0
114 35 0
78 51 0
112 7 0
34 4 0
24 17 0
36 22 0
17 18 0
42 8 0
12 11 0
53 21 0
35 15 0
96 42 0
137 11 0
108 61 0
36 23 0
9 8 0
2 3 0
4 19 0
10 42 0
19 25 0
20 25 0
41 8 0
87 48 0
25 24 0
2 9 0
49 7 0
53 31 0
123 41 0
42 1 0
51 3 0
62 29 0
77 27 0
42 12 0
110 70 0
116 57 0
52 36 0
14 22 0
134 5 0
19 15 0
128 63 0
28 12 0
131 53 0
138 25 0
55 4 0
6 58 0
136 46 0
39 9 0
11 9 0
84 14 0
92 24 0
99 76 0
25 25 0
19 6 0
32 3 0
68 14 0
21 37 0
58 23 0
33 7 0
78 5 0
102 47 0
116 12 0
42 9 0
129 23 0
121 55 0
45 1 0
98 58 0
62 47 0
18 19 0
23 13 0
54 4 0
39 11 0
80 49 0
69 32 0
56 3 0
87 55 0
22 4 0
118 34 0
132 13 0
116 55 0
96 32 0
16 9 0
77 19 0
69 16 0
100 33 0
99 18 0
65 30 0
33 27 0
15 24 0
43 7 0
49 3 0
106 32 0
53 8 0
44 25 0
61 29 0
19 21 0
133 50 0
41 6 0
2 1 0
100 23 0
73 22 0
13 35 0
112 26 0
60 16 0
56 9 0
123 13 0
83 10 0
129 2 0
83 43 0
77 12 0
128 45 0
140 4 0
0 35 0
108 29 0
97 8 0
122 20 0
122 11 0
76 7 0
81 17 0
55 8 0
54 7 0
88 62 0
110 40 0
70 37 0
86 40 0
91 25 0
26 35 0
93 61 0
92 7 0
40 6 0
61 8 0
54 23 0
42 13 0
107 24 0
113 51 0
102 74 0
67 32 0
120 21 0
137 10 0
118 46 0
108 52 0
50 6 0
12 25 0
45 22 0
57 9 0
1 54 0
52 10 0
60 9 0
111 15 0
134 16 0
84 58 0
24 6 0
110 50 0
93 29 0
101 5 0
43 25 0
63 44 0
117 57 0
18 13 0
72 31 0
93 48 0
76 2 0
64 41 0
9 33 0
18 4 0
104 23 0
102 68 0
127 6 0
37 1 0
15 1 0
114 18 0
100 78 0
82 58 0
57 7 0
133 38 0
33 16 0
86 15 0
82 49 0
7 33 0
28 30 0
67 8 0
42 2 0
80 16 0
73 8 0
7 25 0
23 22 0
68 34 0
117 25 0
49 17 0
74 44 0
22 21 0
31 28 0
7 38 0
38 18 0
65 41 0
14 4 0
126 37 0
49 13 0
85 60 0
32 22 0
6 37 0
28 10 0
136 37 0
140 45 0
88 44 0
60 12 0
63 4 0
7 6 0
138 14 0
56 29 0
81 20 0
67 39 0
76 10 0
59 3 0
53 2 0
61 2 0
76 21 0
125 25 0
115 0 0
112 55 0
46 18 0
12 17 0
80 32 0
104 67 0
137 50 0
134 57 0
79 66 0
103 17 0
132 18 0
7 29 0
87 3 0
109 27 0
27 30 0
25 5 0
43 14 0
55 28 0
8 11 0
3 6 0
109 44 0
107 64 0
109 40 0
122 39 0
71 53 0
75 18 0
7 13 0
8 16 0
79 37 0
26 29 0
113 47 0
140 29 0
83 31 0
127 40 0
42 3 0
84 21 0
31 31 0
95 13 0
85 40 0
107 42 0
104 0 0
4 48 0
57 12 0
23 23 0
20 17 0
102 52 0
82 70 0
71 42 0
132 24 0
44 32 0
76 1 0
61 23 0
91 60 0
120 56 0
66 36 0
79 57 0
39 6 0
122 12 0
24 15 0
20 6 0
25 6 0
26 26 0
51 5 0
17 13 0
130 6 0
84 17 0
136 20 0
125 26 0
56 20 0
70 17 0
66 20 0
23 26 0
18 36 0
45 6 0
133 17 0
122 15 0
23 15 0
44 6 0
45 27 0
59 42 0
82 20 0
107 6 0
4 20 0
93 40 0
84 3 0
121 35 0
89 45 0
15 37 0
37 24 0
94 32 0
112 30 0
45 21 0
112 66 0
114 58 0
72 14 0
121 23 0
119 62 0
92 19 0
83 27 0
2 57 0
123 18 0
121 37 0
130 41 0
133 18 0
115 12 0
136 49 0
118 38 0
96 49 0
63 30 0
87 54 0
7 35 0
99 8 0
31 5 0
32 1 0
23 10 0
123 3 0
98 0 0
127 2 0
109 30 0
108 65 0
139 59 0
130 55 0
98 29 0
29 13 0
35 16 0
73 14 0
101 32 0
72 35 0
136 22 0
95 8 0
42 16 0
130 48 0
92 18 0
24 13 0
122 41 0
74 7 0
75 46 0
96 80 0
141 53 0
116 52 0
29 30 0
62 4 0
45 13 0
116 30 0
127 31 0
65 37 0
75 17 0
43 20 0
93 55 0
9 43 0
50 7 0
134 19 0
8 19 0
59 1 0
35 20 0
126 34 0
116 14 0
83 12 0
98 70 0
42 19 0
88 67 0
78 7 0
30 6 0
61 43 0
99 65 0
13 17 0
49 24 0
92 8 0
131 3 0
6 7 0
13 10 0
60 20 0
98 51 0
46 2 0
56 42 0
10 27 0
96 21 0
13 18 0
19 19 0
37 21 0
39 12 0
92 47 0
97 45 0
6 31 0
117 38 0
111 60 0
120 23 0
22 15 0
104 77 0
114 47 0
90 52 0
3 2 0
71 29 0
13 1 0
6 32 0
79 5 0
20 29 0
35 2 0
78 11 0
68 29 0
5 31 0
61 28 0
18 18 0
47 26 0
77 35 0
16 28 0
48 5 0
118 39 0
39 23 0
74 35 0
99 73 0
61 7 0
94 59 0
106 54 0
21 13 0
123 8 0
58 11 0
126 18 0
138 45 0
111 24 0
137 47 0
92 5 0
86 19 0
110 9 0
52 21 0
95 67 0
113 59 0
89 6 0
110 14 0
65 42 0
97 55 0
9 26 0
34 15 0
9 14 0
55 11 0
104 27 0
5 1 0
89 59 0
140 24 0
36 3 0
55 32 0
25 27 0
99 20 0
8 24 0
29 22 0
103 45 0
138 53 0
126 19 0
120 45 0
83 5 0
67 20 0
79 16 0
47 34 0
69 21 0
116 66 0
12 35 0
26 2 0
3 36 0
59 25 0
117 50 0
104 26 0
46 1 0
28 2 0
64 7 0
109 29 0
104 34 0
92 13 0
138 11 0
58 33 0
56 17 0
70 16 0
127 32 0
21 21 0
123 0 0
136 41 0
96 9 0
18 35 0
116 29 0
29 32 0
83 19 0
86 5 0
98 6 0
40 12 0
36 26 0
9 34 0
102 75 0
70 56 0
93 69 0
124 20 0
18 14 0
80 14 0
0 45 0
41 30 0
52 40 0
88 20 0
43 30 0
67 13 0
129 30 0
83 14 0
133 26 0
129 31 0
55 38 0
76 63 0
111 37 0
1 42 0
96 48 0
68 20 0
81 15 0
104 57 0
115 72 0
135 20 0
114 45 0
14 31 0
47 18 0
137 16 0
113 27 0
52 22 0
104 30 0
130 45 0
108 39 0
112 47 0
110 37 0
110 38 0
80 19 0
101 56 0
114 57 0
127 53 0
111 29 0
114 28 0
74 28 0
128 52 0
76 20 0
86 51 0
98 55 0
7 10 0
64 3 0
9 24 0
96 52 0
51 30 0
62 18 0
111 55 0
10 29 0
131 15 0
111 73 0
63 17 0
130 53 0
90 53 0
13 6 0
112 54 0
33 25 0
111 34 0
107 34 0
124 26 0
17 24 0
89 65 0
130 23 0
87 72 0
107 4 0
113 32 0
79 2 0
131 60 0
75 48 0
117 51 0
100 62 0
121 14 0
116 35 0
118 22 0
117 52 0
75 23 0
68 18 0
110 36 0
134 50 0
109 52 0
128 53 0
108 56 0
122 14 0
105 24 0
1 51 0
120 14 0
55 35 0
99 17 0
121 13 0
82 66 0
77 64 0
104 2 0
100 8 0
78 66 0
2 20 0
111 35 0
123 17 0
107 58 0
15 5 0
108 37 0
100 76 0
116 58 0
113 26 0
69 18 0
89 56 0
112 23 0
74 37 0
68 23 0
42 17 0
50 10 0
113 25 0
6 23 0
117 63 0
80 7 0
98 43 0
122 63 0
133 56 0
104 38 0
11 6 0
62 17 0
71 55 0
84 16 0
129 1 0
121 28 0
62 19 0
135 61 0
119 30 0
114 33 0
120 26 0
77 39 0
112 29 0
116 31 0
22 8 0
101 82 0
115 54 0
121 26 0
50 23 0
130 32 0
94 7 0
89 36 0
127 51 0
82 64 0
35 12 0
51 31 0
7 40 0
75 38 0
53 7 0
91 41 0
75 44 0
57 10 0
77 43 0
95 71 0
99 72 0
112 32 0
137 36 0
111 72 0
122 27 0
113 64 0
112 4 0
110 28 0
102 63 0
106 48 0
136 19 0
107 45 0
105 8 0
6 19 0
93 58 0
101 70 0
116 24 0
22 28 0
135 24 0
90 72 0
110 12 0
67 23 0
128 6 0
100 43 0
91 11 0
82 57 0
97 10 0
115 9 0
138 57 0
133 42 0
59 31 0
54 6 0
89 4 0
39 4 0
96 11 0
77 32 0
99 1 0
21 10 0
98 38 0
77 63 0
30 5 0
98 44 0
10 45 0
111 58 0
11 45 0
85 22 0
88 35 0
109 37 0
93 47 0
119 68 0
119 4 0
121 66 0
40 3 0
107 50 0
56 1 0
97 33 0
73 53 0
121 44 0
133 10 0
129 52 0
1 16 0
51 2 0
116 60 0
62 22 0
117 60 0
24 28 0
131 31 0
113 48 0
108 48 0
108 49 0
30 29 0
102 10 0
91 9 0
71 61 0
110 71 0
110 73 0
140 26 0
84 28 0
108 76 0
109 65 0
105 36 0
6 21 0
106 77 0
122 9 0
51 39 0
115 16 0
2 22 0
114 64 0
134 39 0
40 5 0
13 39 0
138 51 0
109 16 0
97 82 0
10 26 0
100 75 0
106 59 0
85 18 0
50 37 0
132 39 0
56 28 0
127 61 0
52 34 0
106 60 0
10 36 0
107 39 0
133 21 0
119 50 0
103 29 0
124 64 0
118 62 0
103 77 0
72 18 0
78 53 0
133 39 0
72 27 0
112 46 0
118 64 0
107 73 0
101 59 0
78 38 0
131 30 0
70 58 0
52 14 0
30 8 0
40 27 0
110 65 0
52 31 0
101 12 0
80 51 0
32 14 0
113 56 0
123 22 0
113 75 0
121 1 0
84 53 0
77 45 0
79 35 0
103 67 0
103 81 0
77 5 0
113 8 0
111 66 0
139 11 0
101 63 0
102 21 0
78 18 0
123 33 0
76 19 0
99 63 0
122 18 0
11 37 0
103 10 0
131 14 0
113 30 0
32 25 0
101 14 0
134 33 0
116 7 0
117 5 0
136 26 0
66 28 0
83 16 0
136 48 0
138 3 0
82 14 0
125 17 0
8 6 0
71 25 0
134 41 0
122 35 0
23 31 0
59 26 0
62 44 0
64 29 0
47 35 0
132 12 0
4 41 0
123 55 0
122 56 0
33 28 0
132 42 0
120 57 0
114 52 0
16 30 0
108 28 0
34 30 0
62 2 0
63 41 0
7 34 0
107 25 0
46 15 0
46 7 0
69 30 0
33 6 0
82 27 0
122 7 0
30 3 0
136 56 0
8 35 0
109 51 0
121 32 0
136 47 0
137 29 0
105 58 0
92 57 0
89 66 0
80 8 0
122 60 0
113 76 0
136 11 0
105 44 0
120 35 0
71 4 0
117 65 0
28 5 0
90 29 0
63 47 0
87 56 0
109 69 0
72 33 0
47 8 0
111 32 0
52 33 0
100 37 0
71 40 0
85 27 0
34 28 0
138 33 0
95 57 0
119 25 0
22 26 0
68 9 0
95 15 0
118 32 0
75 13 0
88 11 0
68 16 0
122 32 0
120 29 0
124 39 0
49 4 0
101 42 0
32 15 0
123 7 0
12 37 0
69 36 0
119 28 0
101 72 0
61 39 0
118 13 0
124 56 0
104 72 0
116 59 0
126 31 0
113 9 0
43 27 0
112 50 0
17 16 0
140 43 0
116 40 0
117 59 0
118 58 0
113 45 0
108 55 0
105 37 0
124 6 0
93 37 0
109 71 0
123 43 0
130 21 0
47 2 0
22 32 0
109 72 0
84 37 0
49 37 0
80 9 0
5 27 0
87 43 0
44 18 0
16 6 0
74 40 0
77 9 0
40 14 0
53 23 0
68 15 0
98 37 0
31 13 0
127 4 0
86 31 0
101 1 0
8 25 0
107 72 0
11 35 0
26 18 0
60 13 0
68 12 0
99 66 0
43 23 0
108 26 0
108 72 0
65 51 0
89 35 0
58 9 0
137 20 0
117 13 0
117 8 0
47 7 0
90 18 0
120 12 0
133 58 0
20 3 0
106 58 0
20 30 0
90 44 0
20 28 0
15 33 0
9 38 0
53 17 0
135 50 0
76 29 0
81 47 0
60 33 0
134 23 0
5 55 0
106 2 0
77 28 0
60 6 0
66 3 0
81 43 0
20 15 0
5 33 0
140 10 0
131 35 0
79 33 0
90 28 0
91 15 0
107 56 0
87 57 0
57 26 0
130 44 0
75 25 0
139 40 0
89 27 0
95 45 0
105 21 0
32 13 0
22 25 0
90 62 0
91 75 0
94 40 0
121 7 0
105 25 0
73 44 0
2 45 0
117 34 0
62 10 0
105 66 0
132 16 0
130 4 0
105 72 0
103 74 0
33 32 0
82 37 0
81 61 0
90 37 0
61 42 0
126 4 0
83 60 0
126 41 0
111 64 0
11 44 0
73 54 0
109 54 0
129 25 0
97 21 0
107 10 0
64 30 0
77 15 0
135 48 0
62 30 0
127 55 0
89 48 0
88 42 0
111 71 0
106 46 0
11 29 0
40 25 0
52 41 0
73 5 0
63 24 0
42 23 0
13 36 0
26 8 0
73 19 0
86 48 0
87 0 0
118 7 0
6 10 0
118 2 0
65 1 0
56 23 0
18 21 0
124 27 0
60 24 0
115 45 0
114 17 0
8 21 0
120 48 0
29 15 0
13 5 0
139 2 0
79 25 0
75 7 0
111 38 0
78 49 0
71 32 0
67 27 0
100 57 0
134 9 0
87 18 0
78 19 0
105 78 0
74 10 0
114 23 0
132 56 0
67 48 0
125 27 0
123 59 0
136 45 0
81 64 0
13 30 0
128 61 0
102 80 0
129 49 0
31 11 0
100 51 0
95 82 0
86 50 0
115 22 0
59 22 0
76 22 0
21 30 0
57 21 0
8 27 0
50 18 0
14 11 0
93 36 0
12 12 0
137 42 0
15 14 0
81 27 0
45 3 0
137 1 0
87 16 0
13 15 0
74 11 0
116 8 0
60 37 0
102 62 0
50 27 0
107 46 0
108 47 0
132 41 0
82 62 0
90 36 0
132 38 0
129 41 0
19 16 0
44 12 0
133 61 0
55 23 0
102 76 0
124 12 0
103 82 0
128 50 0
82 65 0
20 27 0
109 58 0
77 37 0
105 75 0
29 31 0
71 20 0
106 75 0
21 35 0
108 14 0
76 60 0
108 79 0
120 47 0
82 28 0
18 10 0
21 18 0
82 51 0
90 47 0
131 0 0
45 14 0
82 40 0
13 13 0
52 8 0
40 13 0
23 20 0
11 10 0
2 37 0
56 35 0
139 16 0
24 26 0
75 34 0
127 23 0
109 61 0
42 14 0
135 52 0
2 35 0
37 19 0
13 31 0
31 9 0
83 41 0
92 78 0
68 42 0
112 16 0
122 59 0
115 28 0
4 40 0
119 39 0
111 49 0
88 54 0
68 3 0
133 28 0
83 52 0
91 2 0
134 27 0
102 83 0
56 6 0
87 39 0
98 5 0
129 16 0
76 61 0
25 29 0
84 67 0
13 54 0
88 3 0
101 60 0
73 61 0
12 39 0
89 38 0
127 15 0
63 38 0
83 18 0
14 34 0
96 33 0
92 62 0
15 39 0
107 40 0
116 45 0
113 18 0
113 71 0
115 41 0
12 33 0
62 12 0
12 4 0
31 10 0
33 9 0
17 12 0
132 10 0
10 32 0
126 16 0
109 17 0
119 29 0
90 23 0
96 35 0
104 48 0
103 12 0
98 81 0
18 34 0
133 29 0
137 48 0
98 59 0
128 24 0
20 19 0
129 24 0
129 62 0
122 13 0
94 72 0
79 12 0
103 5 0
110 33 0
108 46 0
109 55 0
53 9 0
57 37 0
15 38 0
12 43 0
37 20 0
128 2 0
88 72 0
53 32 0
106 61 0
128 33 0
68 28 0
85 48 0
79 52 0
43 15 0
48 1 0
83 21 0
72 54 0
46 27 0
25 15 0
98 47 0
112 51 0
124 36 0
104 12 0
103 13 0
104 8 0
129 53 0
109 24 0
86 57 0
91 76 0
137 45 0
61 20 0
66 45 0
61 24 0
132 49 0
123 32 0
71 51 0
110 39 0
88 57 0
113 55 0
111 40 0
107 63 0
81 11 0
9 41 0
126 26 0
126 27 0
133 44 0
40 28 0
130 9 0
128 27 0
66 54 0
99 57 0
72 28 0
119 15 0
115 43 0
115 42 0
55 37 0
134 22 0
14 5 0
13 21 0
17 28 0
90 64 0
127 56 0
84 43 0
91 79 0
30 25 0
61 21 0
89 52 0
84 55 0
79 19 0
103 8 0
69 40 0
50 11 0
135 44 0
41 16 0
76 38 0
74 31 0
91 65 0
28 8 0
5 29 0
57 5 0
113 16 0
29 23 0
95 53 0
71 19 0
119 55 0
117 44 0
102 18 0
135 45 0
135 46 0
23 2 0
63 36 0
127 50 0
54 36 0
122 29 0
23 28 0
130 22 0
113 44 0
127 29 0
101 9 0
114 54 0
99 52 0
75 5 0
94 62 0
92 36 0
62 14 0
81 53 0
75 8 0
50 29 0
49 35 0
50 14 0
116 56 0
38 7 0
10 35 0
75 20 0
99 61 0
46 29 0
98 18 0
34 13 0
112 38 0
52 3 0
115 32 0
117 31 0
16 18 0
114 62 0
113 68 0
33 21 0
63 22 0
73 27 0
87 50 0
10 34 0
23 34 0
65 5 0
55 29 0
67 30 0
18 28 0
12 8 0
75 43 0
138 23 0
67 7 0
33 5 0
47 33 0
29 12 0
30 30 0
103 37 0
81 4 0
116 4 0
95 25 0
123 28 0
81 21 0
74 49 0
123 29 0
80 53 0
82 8 0
122 37 0
99 7 0
111 14 0
82 56 0
76 51 0
66 55 0
1 35 0
75 50 0
81 26 0
77 53 0
111 39 0
47 9 0
104 33 0
106 3 0
18 33 0
114 39 0
113 41 0
118 10 0
111 53 0
75 9 0
76 45 0
109 15 0
125 50 0
19 13 0
15 32 0
38 12 0
40 19 0
42 6 0
139 14 0
97 14 0
29 24 0
139 38 0
81 38 0
3 19 0
110 24 0
68 19 0
92 2 0
98 57 0
12 1 0
68 33 0
130 38 0
84 73 0
15 29 0
2 12 0
98 63 0
123 48 0
113 67 0
121 47 0
133 52 0
50 35 0
75 60 0
112 40 0
99 5 0
59 41 0
125 51 0
106 11 0
93 23 0
28 6 0
125 9 0
138 21 0
54 27 0
15 25 0
55 14 0
76 35 0
106 40 0
82 30 0
108 22 0
131 37 0
89 58 0
51 6 0
77 65 0
21 32 0
82 32 0
86 63 0
52 37 0
48 7 0
86 34 0
107 59 0
87 27 0
73 26 0
83 32 0
114 26 0
86 35 0
141 33 0
106 72 0
29 27 0
97 36 0
91 49 0
57 19 0
119 54 0
64 48 0
135 17 0
44 19 0
113 39 0
90 26 0
63 12 0
64 13 0
108 51 0
81 9 0
114 7 0
48 22 0
118 11 0
64 27 0
131 29 0
80 35 0
73 12 0
36 2 0
115 24 0
54 15 0
114 37 0
76 34 0
80 46 0
3 26 0
60 3 0
84 9 0
61 44 0
107 17 0
4 8 0
72 58 0
39 2 0
85 15 0
129 20 0
10 1 0
14 21 0
41 24 0
51 17 0
137 2 0
69 55 0
99 36 0
2 31 0
57 45 0
11 42 0
100 2 0
102 78 0
21 29 0
115 19 0
111 13 0
61 11 0
94 5 0
1 8 0
112 61 0
125 19 0
111 62 0
135 11 0
88 21 0
117 43 0
30 20 0
85 34 0
68 38 0
101 78 0
59 15 0
97 25 0
103 38 0
104 37 0
84 34 0
45 16 0
135 2 0
78 45 0
120 15 0
1 18 0
132 14 0
122 57 0
78 64 0
86 28 0
125 5 0
9 10 0
93 30 0
83 35 0
122 43 0
31 6 0
79 41 0
125 35 0
53 25 0
58 15 0
42 18 0
128 43 0
135 37 0
18 37 0
131 62 0
108 74 0
111 74 0
140 42 0
53 13 0
59 30 0
22 33 0
56 16 0
60 40 0
42 20 0
64 50 0
90 21 0
19 24 0
92 56 0
107 28 0
135 40 0
99 13 0
19 3 0
89 63 0
44 14 0
25 10 0
87 9 0
92 29 0
126 11 0
92 59 0
90 58 0
2 50 0
91 43 0
90 22 0
52 9 0
104 56 0
126 9 0
103 57 0
100 45 0
116 63 0
99 37 0
73 56 0
47 15 0
111 27 0
38 5 0
12 20 0
71 17 0
61 30 0
47 3 0
40 15 0
60 29 0
23 18 0
82 3 0
5 19 0
109 53 0
11 31 0
93 22 0
4 31 0
3 21 0
54 2 0
125 8 0
112 18 0
10 16 0
69 42 0
64 34 0
126 59 0
53 30 0
36 21 0
68 35 0
29 16 0
10 8 0
116 65 0
27 26 0
70 6 0
6 17 0
70 31 0
48 15 0
46 4 0
114 29 0
3 47 0
104 51 0
100 46 0
73 34 0
55 33 0
97 52 0
124 34 0
107 76 0
60 36 0
96 76 0
48 21 0
79 50 0
102 58 0
78 30 0
75 47 0
27 13 0
120 7 0
122 31 0
89 57 0
24 20 0
51 35 0
81 66 0
102 57 0
13 37 0
118 70 0
93 34 0
40 2 0
117 6 0
11 28 0
96 40 0
43 2 0
110 7 0
22 19 0
12 36 0
103 1 0
118 35 0
80 61 0
10 24 0
69 12 0
126 30 0
36 24 0
69 46 0
30 28 0
92 48 0
134 40 0
92 64 0
130 58 0
97 83 0
81 41 0
84 35 0
121 11 0
44 30 0
138 2 0
100 36 0
118 17 0
105 80 0
17 31 0
123 60 0
124 63 0
133 30 0
99 80 0
80 65 0
128 54 0
99 30 0
48 25 0
22 7 0
105 3 0
51 12 0
66 26 0
88 65 0
63 32 0
135 7 0
19 1 0
102 48 0
136 58 0
115 21 0
37 7 0
38 20 0
124 32 0
13 26 0
5 28 0
109 4 0
69 9 0
79 60 0
49 15 0
36 1 0
132 30 0
31 27 0
57 20 0
39 21 0
73 38 0
10 14 0
94 47 0
127 17 0
115 6 0
91 55 0
100 18 0
125 61 0
82 59 0
118 51 0
47 14 0
125 46 0
85 66 0
124 61 0
66 39 0
126 10 0
75 0 0
100 15 0
117 2 0
8 14 0
83 29 0
136 24 0
83 55 0
75 16 0
105 4 0
116 3 0
57 25 0
139 42 0
22 20 0
10 5 0
55 10 0
6 11 0
93 72 0
24 33 0
70 15 0
108 75 0
109 77 0
114 38 0
79 47 0
134 4 0
58 5 0
140 41 0
105 74 0
72 47 0
56 15 0
99 55 0
119 1 0
56 21 0
81 19 0
74 50 0
53 4 0
126 22 0
22 1 0
31 7 0
88 52 0
88 1 0
131 8 0
116 2 0
90 63 0
105 20 0
110 51 0
8 28 0
79 13 0
99 2 0
57 13 0
41 27 0
122 2 0
15 18 0
92 9 0
43 28 0
48 8 0
76 53 0
15 13 0
132 22 0
73 33 0
136 28 0
4 36 0
117 12 0
30 4 0
117 67 0
75 21 0
4 16 0
66 50 0
32 8 0
19 2 0
80 59 0
73 47 0
89 73 0
134 48 0
110 10 0
42 30 0
66 42 0
70 1 0
130 18 0
76 23 0
53 28 0
66 2 0
13 2 0
50 20 0
68 8 0
64 11 0
137 58 0
50 8 0
51 4 0
81 8 0
9 39 0
31 23 0
27 7 0
83 56 0
21 14 0
86 45 0
17 29 0
118 3 0
131 55 0
122 54 0
58 14 0
100 19 0
56 10 0
79 28 0
9 30 0
60 11 0
3 27 0
76 9 0
108 44 0
30 7 0
6 16 0
55 25 0
53 26 0
134 52 0
110 60 0
125 22 0
94 76 0
121 17 0
48 18 0
48 2 0
18 25 0
99 40 0
22 24 0
53 3 0
70 24 0
97 67 0
102 38 0
120 9 0
138 13 0
3 49 0
87 6 0
18 29 0
73 9 0
59 44 0
128 1 0
55 22 0
15 23 0
28 9 0
6 40 0
58 28 0
37 18 0
21 11 0
77 20 0
37 14 0
13 38 0
15 31 0
8 26 0
125 21 0
10 3 0
96 1 0
8 45 0
120 11 0
3 35 0
98 13 0
139 52 0
21 28 0
32 17 0
134 26 0
18 30 0
6 25 0
103 2 0
96 3 0
61 41 0
80 2 0
88 16 0
7 26 0
73 40 0
95 39 0
10 15 0
79 44 0
136 21 0
46 32 0
54 14 0
25 21 0
72 5 0
127 10 0
48 9 0
76 3 0
105 9 0
100 10 0
50 22 0
123 37 0
90 5 0
95 17 0
87 61 0
128 59 0
61 6 0
105 2 0
13 41 0
85 17 0
17 33 0
18 20 0
88 12 0
84 1 0
84 42 0
88 8 0
64 25 0
74 42 0
129 5 0
83 42 0
81 57 0
102 20 0
110 16 0
25 18 0
80 38 0
67 42 0
58 26 0
102 72 0
5 21 0
65 35 0
104 78 0
63 23 0
28 13 0
22 18 0
130 15 0
3 42 0
86 44 0
3 7 0
140 5 0
54 32 0
133 15 0
14 23 0
25 13 0
69 49 0
93 31 0
134 15 0
96 12 0
114 34 0
90 48 0
140 54 0
130 51 0
117 49 0
67 40 0
51 9 0
45 24 0
46 10 0
47 23 0
81 10 0
6 34 0
85 50 0
100 25 0
59 32 0
107 23 0
115 31 0
81 6 0
74 13 0
98 9 0
88 4 0
54 9 0
92 72 0
45 10 0
112 56 0
5 22 0
34 10 0
115 59 0
96 74 0
74 32 0
59 2 0
72 15 0
83 7 0
1 27 0
83 15 0
24 10 0
132 43 0
100 56 0
99 71 0
51 27 0
81 16 0
79 40 0
78 41 0
125 39 0
75 10 0
79 27 0
140 59 0
114 50 0
104 21 0
72 21 0
48 32 0
57 30 0
66 13 0
90 61 0
65 12 0
126 62 0
79 15 0
121 62 0
100 22 0
44 13 0
44 21 0
11 33 0
45 12 0
56 25 0
85 42 0
16 19 0
45 28 0
97 27 0
17 30 0
137 24 0
73 3 0
6 4 0
92 79 0
103 42 0
45 15 0
32 10 0
5 48 0
7 4 0
84 11 0
37 11 0
56 33 0
81 69 0
125 29 0
77 13 0
103 11 0
119 33 0
71 43 0
25 12 0
80 47 0
83 17 0
103 30 0
71 6 0
99 51 0
76 49 0
72 26 0
93 79 0
88 61 0
76 43 0
132 17 0
43 21 0
124 59 0
86 10 0
62 38 0
136 8 0
58 27 0
114 22 0
131 20 0
130 35 0
99 54 0
47 30 0
140 46 0
137 6 0
49 10 0
133 22 0
88 66 0
76 18 0
105 30 0
103 43 0
81 31 0
122 64 0
124 33 0
110 47 0
85 54 0
21 12 0
58 45 0
101 24 0
12 5 0
87 68 0
126 48 0
77 42 0
62 15 0
15 3 0
92 61 0
84 38 0
78 10 0
116 67 0
80 54 0
137 5 0
74 8 0
123 47 0
122 1 0
76 5 0
14 1 0
67 35 0
82 1 0
47 10 0
83 9 0
47 16 0
137 34 0
102 41 0
98 40 0
58 6 0
104 74 0
104 9 0
110 64 0
121 30 0
86 12 0
8 22 0
82 46 0
137 7 0
92 4 0
66 40 0
84 13 0
66 16 0
81 58 0
22 30 0
89 7 0
66 9 0
85 14 0
112 33 0
117 18 0
96 24 0
64 14 0
125 63 0
5 30 0
12 18 0
3 4 0
1 12 0
87 20 0
84 4 0
138 16 0
61 27 0
40 22 0
82 22 0
129 47 0
6 15 0
22 5 0
56 22 0
119 51 0
87 37 0
26 4 0
9 23 0
109 26 0
72 25 0
61 5 0
30 23 0
47 21 0
109 9 0
80 45 0
38 11 0
27 9 0
39 16 0
32 19 0
50 2 0
70 23 0
87 45 0
11 15 0
7 3 0
23 30 0
2 6 0
89 30 0
90 57 0
48 11 0
8 36 0
64 4 0
111 21 0
99 44 0
28 22 0
65 26 0
34 25 0
67 53 0
86 55 0
39 7 0
65 27 0
3 56 0
62 27 0
58 35 0
73 59 0
101 2 0
78 15 0
68 22 0
74 3 0
97 58 0
135 36 0
10 23 0
54 11 0
124 44 0
12 16 0
94 71 0
45 32 0
64 12 0
54 10 0
71 28 0
82 31 0
107 13 0
130 47 0
136 4 0
1 4 0
64 5 0
105 79 0
35 18 0
119 18 0
134 3 0
121 18 0
1 48 0
64 44 0
81 52 0
131 40 0
66 5 0
76 11 0
30 10 0
87 21 0
63 14 0
48 28 0
99 23 0
83 24 0
2 16 0
96 43 0
116 1 0
74 33 0
54 28 0
97 70 0
127 39 0
88 68 0
104 16 0
107 53 0
85 56 0
57 34 0
140 32 0
70 40 0
84 61 0
93 73 0
70 53 0
122 48 0
92 73 0
17 22 0
94 51 0
86 66 0
91 20 0
91 59 0
60 44 0
125 36 0
93 57 0
65 36 0
140 6 0
90 77 0
100 17 0
38 21 0
75 57 0
121 36 0
4 32 0
115 35 0
76 57 0
14 33 0
86 38 0
78 17 0
131 32 0
87 44 0
107 38 0
119 19 0
105 19 0
20 20 0
27 4 0
86 2 0
90 31 0
124 16 0
127 37 0
3 34 0
98 69 0
55 3 0
128 47 0
49 27 0
45 26 0
44 29 0
46 9 0
44 11 0
51 11 0
102 43 0
56 19 0
4 14 0
84 12 0
111 41 0
95 60 0
92 60 0
101 40 0
81 22 0
115 65 0
121 39 0
106 38 0
106 47 0
117 22 0
128 7 0
109 20 0
106 71 0
138 39 0
45 29 0
65 18 0
16 24 0
119 43 0
102 36 0
105 73 0
49 33 0
69 27 0
66 43 0
49 9 0
9 31 0
130 11 0
81 18 0
122 24 0
70 0 0
127 33 0
76 6 0
102 45 0
131 39 0
38 22 0
3 45 0
80 22 0
115 46 0
98 80 0
11 30 0
75 24 0
71 36 0
90 8 0
140 23 0
87 13 0
3 9 0
71 27 0
63 31 0
78 2 0
85 59 0
116 34 0
115 64 0
121 58 0
103 76 0
99 10 0
101 75 0
139 7 0
67 51 0
2 46 0
11 20 0
114 16 0
61 37 0
95 79 0
116 15 0
86 56 0
96 60 0
14 3 0
123 54 0
118 9 0
77 58 0
100 55 0
92 54 0
67 38 0
87 15 0
90 15 0
118 23 0
82 12 0
72 36 0
72 55 0
103 0 0
70 21 0
85 55 0
59 20 0
79 29 0
120 61 0
71 13 0
105 51 0
73 13 0
79 34 0
87 1 0
85 45 0
74 14 0
2 34 0
61 12 0
70 33 0
88 17 0
85 20 0
73 23 0
5 18 0
68 25 0
73 28 0
64 40 0
88 22 0
138 47 0
133 19 0
77 25 0
57 29 0
6 14 0
123 56 0
128 41 0
89 13 0
118 26 0
140 38 0
64 28 0
10 25 0
8 44 0
93 68 0
102 30 0
121 19 0
93 63 0
99 39 0
76 30 0
117 14 0
91 71 0
121 9 0
55 13 0
38 13 0
15 34 0
93 46 0
95 9 0
129 46 0
138 37 0
50 32 0
125 55 0
100 58 0
90 51 0
60 32 0
126 54 0
89 77 0
116 23 0
34 3 0
138 19 0
66 19 0
65 17 0
55 40 0
77 21 0
91 7 0
116 0 0
69 39 0
19 35 0
93 70 0
82 33 0
89 18 0
131 1 0
56 41 0
31 26 0
133 12 0
18 17 0
74 15 0
89 60 0
71 12 0
78 28 0
86 21 0
109 10 0
136 31 0
115 20 0
87 11 0
117 35 0
122 66 0
136 7 0
76 26 0
112 15 0
40 29 0
90 11 0
74 36 0
86 8 0
53 10 0
82 35 0
130 26 0
108 3 0
100 9 0
62 21 0
52 7 0
89 3 0
62 28 0
87 12 0
78 26 0
139 19 0
77 14 0
134 10 0
102 19 0
7 42 0
60 47 0
45 7 0
139 36 0
92 11 0
119 10 0
119 11 0
49 30 0
78 13 0
130 12 0
127 47 0
79 38 0
87 40 0
95 69 0
77 8 0
52 35 0
80 4 0
57 42 0
35 7 0
103 68 0
53 35 0
55 16 0
56 36 0
114 5 0
65 22 0
123 65 0
59 29 0
97 16 0
117 42 0
67 2 0
87 35 0
133 49 0
82 10 0
99 75 0
128 25 0
89 16 0
6 42 0
102 17 0
92 33 0
135 35 0
83 36 0
117 53 0
123 51 0
122 65 0
136 16 0
76 16 0
97 43 0
105 32 0
104 32 0
84 45 0
116 18 0
41 20 0
119 6 0
54 30 0
67 54 0
139 27 0
121 31 0
93 38 0
54 25 0
140 9 0
104 75 0
69 10 0
126 38 0
138 4 0
77 24 0
109 33 0
38 14 0
62 37 0
127 62 0
139 3 0
88 15 0
101 48 0
66 37 0
131 38 0
63 37 0
132 52 0
83 25 0
47 20 0
81 1 0
109 34 0
119 3 0
93 15 0
33 29 0
133 47 0
6 52 0
90 34 0
140 15 0
66 35 0
110 20 0
70 7 0
16 20 0
91 21 0
120 52 0
131 46 0
6 50 0
53 34 0
96 45 0
59 40 0
132 21 0
53 36 0
77 49 0
81 28 0
130 50 0
54 42 0
110 77 0
140 27 0
106 64 0
105 65 0
53 42 0
133 34 0
133 14 0
121 43 0
103 21 0
121 4 0
129 15 0
110 45 0
16 39 0
2 32 0
125 38 0
110 46 0
51 1 0
104 42 0
103 26 0
120 4 0
93 11 0
4 49 0
11 22 0
130 33 0
71 9 0
134 35 0
59 39 0
55 17 0
114 3 0
86 18 0
114 4 0
134 18 0
24 12 0
139 34 0
52 4 0
127 21 0
57 8 0
101 11 0
92 38 0
61 49 0
105 76 0
91 61 0
64 15 0
116 6 0
114 59 0
139 54 0
78 16 0
132 45 0
82 44 0
12 27 0
109 21 0
82 42 0
18 7 0
85 5 0
8 38 0
139 32 0
114 41 0
130 5 0
87 5 0
139 28 0
94 49 0
19 22 0
78 9 0
121 10 0
88 18 0
7 56 0
86 42 0
84 23 0
59 23 0
122 45 0
100 40 0
118 14 0
102 22 0
89 9 0
135 5 0
40 8 0
94 43 0
9 25 0
106 56 0
14 8 0
77 29 0
127 43 0
1 50 0
114 6 0
70 50 0
121 8 0
63 20 0
125 45 0
75 59 0
24 19 0
106 16 0
112 69 0
88 53 0
112 58 0
125 57 0
112 68 0
140 56 0
129 39 0
9 44 0
126 60 0
108 68 0
1 58 0
25 2 0
116 39 0
10 46 0
138 41 0
74 51 0
61 16 0
135 53 0
35 17 0
126 40 0
136 27 0
109 74 0
103 70 0
134 30 0
120 13 0
72 51 0
135 22 0
130 59 0
120 36 0
80 10 0
132 33 0
71 46 0
92 21 0
9 47 0
74 45 0
113 70 0
130 37 0
139 57 0
130 17 0
4 50 0
102 3 0
4 51 0
71 11 0
135 32 0
83 3 0
5 4 0
65 8 0
140 16 0
139 29 0
104 41 0
83 50 0
123 38 0
60 5 0
134 32 0
136 55 0
12 40 0
74 6 0
89 17 0
67 5 0
122 38 0
93 13 0
136 54 0
60 15 0
76 41 0
116 10 0
138 34 0
91 47 0
116 11 0
88 70 0
77 52 0
135 58 0
78 6 0
81 13 0
79 67 0
76 4 0
78 1 0
92 74 0
125 31 0
120 33 0
72 4 0
30 19 0
132 46 0
67 41 0
122 52 0
118 43 0
21 34 0
91 24 0
130 43 0
96 71 0
111 69 0
68 50 0
67 17 0
68 21 0
129 59 0
94 44 0
129 60 0
127 59 0
107 66 0
116 22 0
66 29 0
128 56 0
7 54 0
74 34 0
29 10 0
82 54 0
134 29 0
81 54 0
80 52 0
99 67 0
26 13 0
125 58 0
17 32 0
3 54 0
66 41 0
10 54 0
22 12 0
125 32 0
68 37 0
79 49 0
3 50 0
13 34 0
87 52 0
69 24 0
70 51 0
106 15 0
84 8 0
0 47 0
133 51 0
69 48 0
89 24 0
74 23 0
58 24 0
81 25 0
43 17 0
66 6 0
104 11 0
70 54 0
133 53 0
121 41 0
91 28 0
6 45 0
71 54 0
138 56 0
100 53 0
138 28 0
42 25 0
73 57 0
64 21 0
81 24 0
72 44 0
120 63 0
106 28 0
134 34 0
96 77 0
57 38 0
100 81 0
106 74 0
91 22 0
63 34 0
73 6 0
70 4 0
103 31 0
99 11 0
140 52 0
63 27 0
73 7 0
73 52 0
80 17 0
81 3 0
73 11 0
87 51 0
64 43 0
33 11 0
79 17 0
76 15 0
117 19 0
83 39 0
92 25 0
105 49 0
120 24 0
62 36 0
78 3 0
47 27 0
124 13 0
95 19 0
112 63 0
92 69 0
125 43 0
134 36 0
125 12 0
29 20 0
15 6 0
18 32 0
74 56 0
120 51 0
78 20 0
80 36 0
97 44 0
138 52 0
124 57 0
74 27 0
87 8 0
18 1 0
127 57 0
116 20 0
30 27 0
101 36 0
75 29 0
82 36 0
103 28 0
108 12 0
90 71 0
90 1 0
96 78 0
8 49 0
29 19 0
109 68 0
65 32 0
59 45 0
132 2 0
108 54 0
94 65 0
132 3 0
74 54 0
133 13 0
114 67 0
58 44 0
119 56 0
101 77 0
57 35 0
133 43 0
124 7 0
82 18 0
120 68 0
54 38 0
81 60 0
14 37 0
71 21 0
78 59 0
125 56 0
93 0 0
69 6 0
77 10 0
76 58 0
83 4 0
89 12 0
90 75 0
96 79 0
81 59 0
95 38 0
96 73 0
134 6 0
93 75 0
100 52 0
102 11 0
96 19 0
113 15 0
123 27 0
98 48 0
121 38 0
60 38 0
64 36 0
90 7 0
96 47 0
85 3 0
39 24 0
84 62 0
80 62 0
132 59 0
91 39 0
138 50 0
87 71 0
129 55 0
110 17 0
98 54 0
130 40 0
103 32 0
95 68 0
92 68 0
10 4 0
117 66 0
130 14 0
111 25 0
139 12 0
79 26 0
10 33 0
115 49 0
124 18 0
121 33 0
87 31 0
116 19 0
75 22 0
83 13 0
88 25 0
94 8 0
138 49 0
74 26 0
111 67 0
110 29 0
92 76 0
113 19 0
70 47 0
114 21 0
124 62 0
117 15 0
112 21 0
2 2 0
1 14 0
97 19 0
112 22 0
49 23 0
118 56 0
103 61 0
128 21 0
129 18 0
105 38 0
97 40 0
130 56 0
51 36 0
23 9 0
0 93 0
63 43 0
122 28 0
117 56 0
127 20 0
70 38 0
98 21 0
46 31 0
112 2 0
127 35 0
123 15 0
94 25 0
64 38 0
74 59 0
71 16 0
78 8 0
91 78 0
63 35 0
120 55 0
36 28 0
97 81 0
127 11 0
116 53 0
100 39 0
59 38 0
96 18 0
75 56 0
97 63 0
97 6 0
106 44 0
76 12 0
98 50 0
135 57 0
81 65 0
96 50 0
92 71 0
93 39 0
125 49 0
47 17 0
103 22 0
103 72 0
89 64 0
94 64 0
86 4 0
86 53 0
9 36 0
88 47 0
91 12 0
51 24 0
95 21 0
83 51 0
96 53 0
117 26 0
129 26 0
72 16 0
138 29 0
93 41 0
119 48 0
74 47 0
91 17 0
131 4 0
69 19 0
84 7 0
89 40 0
56 30 0
92 10 0
107 48 0
116 17 0
1 3 0
117 16 0
118 15 0
131 25 0
111 44 0
107 27 0
113 20 0
0 96 0
73 141 0
6 141 0
141 96 0
107 141 0
141 95 0
141 19 0
0 2 0
141 85 0
0 99 0
0 116 0
59 0 0
141 140 0
0 59 0
0 77 0
115 141 0
81 141 0
0 53 0
38 141 0
0 1 0
0 78 0
141 9 0
119 141 0
141 77 0
0 37 0
0 98 0
141 25 0
111 141 0
141 68 0
44 141 0
141 106 0
100 141 0
98 141 0
65 141 0
78 0 0
83 141 0
136 0 0
72 141 0
40 141 0
86 141 0
141 124 0
85 141 0
141 30 0
27 0 0
0 110 0
0 130 0
11 0 0
45 141 0
141 11 0
0 101 0
99 141 0
91 141 0
59 141 0
45 0 0
141 28 0
141 37 0
0 92 0
95 141 0
114 141 0
0 100 0
85 0 0
128 141 0
0 50 0
127 141 0
0 39 0
0 63 0
93 141 0
141 74 0
0 27 0
0 46 0
108 0 0
141 21 0
0 67 0
67 0 0
121 141 0
74 141 0
0 139 0
29 0 0
0 83 0
141 58 0
124 0 0
141 52 0
141 71 0
0 138 0
141 115 0
13 0 0
0 76 0
141 103 0
0 86 0
0 84 0
130 141 0
96 141 0
141 64 0
129 0 0
141 48 0
141 121 0
128 0 0
0 107 0
137 0 0
52 0 0
141 134 0
134 0 0
70 141 0
141 128 0
0 26 0
127 0 0
54 0 0
0 70 0
141 22 0
33 0 0
61 0 0
40 0 0
43 141 0
50 141 0
0 10 0
141 65 0
68 141 0
9 0 0
87 141 0
141 116 0
0 68 0
42 141 0
0 43 0
58 0 0
64 0 0
25 0 0
141 27 0
141 12 0
53 0 0
0 115 0
0 91 0
97 141 0
0 104 0
90 141 0
141 98 0
0 81 0
134 141 0
0 102 0
141 105 0
64 141 0
141 46 0
141 51 0
141 20 0
139 0 0
0 134 0
0 9 0
141 60 0
34 0 0
141 31 0
141 99 0
14 141 0
5 141 0
24 0 0
3 141 0
35 141 0
0 3 0
141 3 0
41 0 0
141 16 0
28 141 0
58 141 0
48 141 0
7 0 0
84 0 0
20 141 0
39 0 0
121 0 0
141 69 0
62 141 0
17 0 0
20 0 0
0 32 0
113 141 0
0 112 0
0 71 0
89 141 0
60 0 0
141 32 0
141 17 0
141 84 0
141 56 0
0 29 0
46 141 0
0 48 0
141 132 0
78 141 0
66 0 0
0 55 0
0 42 0
8 0 0
126 0 0
103 141 0
112 0 0
46 0 0
130 0 0
0 95 0
0 122 0
26 141 0
0 89 0
55 141 0
0 103 0
0 25 0
2 141 0
27 141 0
0 13 0
51 0 0
141 123 0
141 14 0
0 12 0
118 141 0
0 22 0
4 141 0
0 65 0
0 136 0
0 80 0
141 15 0
141 72 0
24 141 0
141 24 0
141 137 0
23 0 0
5 0 0
141 44 0
28 0 0
95 0 0
19 141 0
141 47 0
82 141 0
141 1 0
0 57 0
141 8 0
0 66 0
141 7 0
141 80 0
137 141 0
19 0 0
124 141 0
31 141 0
29 141 0
141 91 0
141 78 0
8 141 0
0 14 0
0 121 0
0 105 0
0 21 0
0 117 0
141 112 0
117 0 0
2 0 0
0 5 0
0 111 0
25 141 0
89 0 0
0 128 0
56 0 0
118 0 0
0 85 0
141 119 0
141 66 0
71 0 0
82 0 0
37 141 0
0 18 0
84 141 0
0 131 0
91 0 0
50 0 0
7 141 0
141 35 0
141 39 0
141 127 0
0 54 0
141 113 0
100 0 0
141 97 0
16 141 0
0 87 0
141 111 0
35 0 0
0 75 0
131 141 0
141 125 0
68 0 0
0 17 0
0 119 0
0 113 0
80 0 0
0 132 0
49 141 0
141 67 0
109 141 0
141 36 0
0 56 0
102 0 0
36 0 0
141 89 0
57 0 0
141 90 0
33 141 0
57 141 0
21 0 0
61 141 0
17 141 0
94 141 0
31 0 0
141 4 0
0 28 0
141 40 0
141 122 0
0 88 0
141 23 0
111 0 0
12 141 0
9 141 0
141 75 0
141 86 0
0 31 0
141 118 0
0 73 0
75 141 0
0 129 0
141 108 0
141 110 0
141 38 0
141 131 0
0 52 0
43 0 0
102 141 0
132 0 0
141 104 0
51 141 0
138 0 0
141 88 0
0 118 0
106 141 0
34 141 0
71 141 0
0 30 0
0 23 0
141 102 0
136 141 0
141 45 0
141 138 0
141 5 0
108 141 0
60 141 0
73 0 0
4 0 0
10 141 0
0 58 0
141 79 0
101 141 0
112 141 0
141 76 0
141 82 0
79 141 0
0 125 0
105 141 0
0 64 0
129 141 0
141 81 0
0 106 0
133 141 0
0 38 0
10 0 0
88 141 0
48 0 0
141 57 0
141 93 0
141 2 0
0 8 0
66 141 0
54 141 0
0 40 0
141 130 0
141 6 0
141 133 0
0 15 0
38 0 0
36 141 0
76 141 0
37 0 0
141 18 0
77 141 0
141 59 0
141 139 0
125 141 0
47 0 0
141 29 0
132 141 0
0 133 0
0 79 0
116 141 0
138 141 0
141 109 0
42 0 0
18 141 0
0 82 0
141 107 0
141 136 0
22 141 0
92 141 0
141 87 0
141 114 0
0 126 0
23 141 0
65 0 0
0 109 0
74 0 0
0 135 0
0 127 0
13 141 0
0 36 0
69 141 0
0 108 0
141 83 0
1 0 0
0 69 0
80 141 0
3 0 0
0 62 0
141 41 0
30 0 0
0 123 0
0 72 0
47 141 0
0 20 0
141 135 0
83 0 0
21 141 0
122 141 0
0 11 0
0 41 0
110 141 0
44 0 0
63 0 0
0 120 0
141 120 0
0 61 0
141 101 0
11 141 0
6 0 0
0 49 0
114 0 0
141 62 0
0 7 0
0 137 0
0 90 0
117 141 0
113 0 0
18 0 0
56 141 0
0 44 0
141 126 0
141 43 0
0 16 0
49 0 0
141 100 0
122 0 0
53 141 0
15 141 0
32 0 0
140 0 0
76 0 0
0 4 0
141 10 0
141 117 0
141 92 0
104 141 0
0 114 0
14 0 0
120 141 0
52 141 0
123 141 0
15 0 0
133 0 0
41 141 0
135 141 0
67 141 0
63 141 0
0 6 0
0 24 0
12 0 0
32 141 0
141 63 0
30 141 0
141 129 0
81 0 0
39 141 0
0 74 0
0 124 0
141 26 0
139 141 0
low, high, current -1 -1 8
Confirming Router Algorithm: TIMING_DRIVEN.
T_crit: 2.76772e-07.
T_crit: 2.75932e-07.
T_crit: 2.76139e-07.
T_crit: 2.75619e-07.
T_crit: 2.748e-07.
T_crit: 2.74696e-07.
T_crit: 2.7542e-07.
T_crit: 2.76866e-07.
T_crit: 2.85922e-07.
T_crit: 2.93706e-07.
T_crit: 2.94552e-07.
T_crit: 3.04894e-07.
T_crit: 3.10446e-07.
T_crit: 3.06539e-07.
T_crit: 3.08194e-07.
T_crit: 3.05542e-07.
T_crit: 3.11579e-07.
T_crit: 3.08049e-07.
T_crit: 3.13367e-07.
T_crit: 3.08987e-07.
T_crit: 3.17955e-07.
T_crit: 3.09948e-07.
T_crit: 3.18267e-07.
T_crit: 3.12639e-07.
T_crit: 3.18719e-07.
T_crit: 3.11737e-07.
T_crit: 3.20751e-07.
T_crit: 3.14693e-07.
T_crit: 3.13923e-07.
T_crit: 3.14167e-07.
T_crit: 3.11632e-07.
T_crit: 3.2397e-07.
T_crit: 3.14995e-07.
T_crit: 3.24576e-07.
T_crit: 3.16831e-07.
T_crit: 3.27231e-07.
T_crit: 3.17211e-07.
T_crit: 3.20792e-07.
T_crit: 3.13694e-07.
T_crit: 3.2211e-07.
T_crit: 3.14339e-07.
T_crit: 3.21796e-07.
T_crit: 3.14135e-07.
T_crit: 3.20587e-07.
T_crit: 3.18083e-07.
T_crit: 3.166e-07.
T_crit: 3.17043e-07.
T_crit: 3.1851e-07.
T_crit: 3.25526e-07.
T_crit: 3.17796e-07.
Routing failed.
low, high, current 8 -1 16
Confirming Router Algorithm: TIMING_DRIVEN.
T_crit: 2.76772e-07.
T_crit: 2.76141e-07.
T_crit: 2.76348e-07.
T_crit: 2.7687e-07.
T_crit: 2.7614e-07.
T_crit: 2.7583e-07.
T_crit: 2.75829e-07.
T_crit: 2.75739e-07.
T_crit: 2.75842e-07.
T_crit: 2.75843e-07.
T_crit: 2.75739e-07.
T_crit: 2.7646e-07.
T_crit: 2.79868e-07.
T_crit: 2.84639e-07.
T_crit: 2.94603e-07.
T_crit: 2.95272e-07.
T_crit: 3.00448e-07.
T_crit: 3.04854e-07.
T_crit: 3.0038e-07.
T_crit: 3.12865e-07.
T_crit: 3.08838e-07.
T_crit: 3.18516e-07.
T_crit: 3.11552e-07.
T_crit: 3.16558e-07.
T_crit: 3.14216e-07.
T_crit: 3.1462e-07.
T_crit: 3.18941e-07.
T_crit: 3.18571e-07.
T_crit: 3.2427e-07.
T_crit: 3.22224e-07.
T_crit: 3.28558e-07.
T_crit: 3.22937e-07.
T_crit: 3.3281e-07.
T_crit: 3.29436e-07.
T_crit: 3.33402e-07.
T_crit: 3.32177e-07.
T_crit: 3.33561e-07.
T_crit: 3.30632e-07.
T_crit: 3.32939e-07.
T_crit: 3.28763e-07.
T_crit: 3.32727e-07.
T_crit: 3.30217e-07.
T_crit: 3.35817e-07.
T_crit: 3.3549e-07.
T_crit: 3.38673e-07.
T_crit: 3.35004e-07.
T_crit: 3.35024e-07.
T_crit: 3.37609e-07.
T_crit: 3.36184e-07.
T_crit: 3.3297e-07.
Routing failed.
low, high, current 16 -1 32
Confirming Router Algorithm: TIMING_DRIVEN.
T_crit: 2.76561e-07.
T_crit: 2.76245e-07.
T_crit: 2.7614e-07.
T_crit: 2.75932e-07.
T_crit: 2.7614e-07.
T_crit: 2.76453e-07.
T_crit: 2.76243e-07.
T_crit: 2.76038e-07.
T_crit: 2.76347e-07.
T_crit: 2.76035e-07.
T_crit: 2.76034e-07.
T_crit: 2.76243e-07.
T_crit: 2.7583e-07.
T_crit: 2.75517e-07.
T_crit: 2.75726e-07.
T_crit: 2.75423e-07.
T_crit: 2.75528e-07.
T_crit: 2.75528e-07.
T_crit: 2.76985e-07.
T_crit: 2.79369e-07.
T_crit: 2.79686e-07.
T_crit: 2.87946e-07.
T_crit: 2.83246e-07.
T_crit: 2.91627e-07.
T_crit: 2.97736e-07.
T_crit: 3.07008e-07.
T_crit: 3.09433e-07.
T_crit: 3.22405e-07.
T_crit: 3.33038e-07.
T_crit: 3.3802e-07.
T_crit: 3.49015e-07.
T_crit: 3.44272e-07.
T_crit: 3.55467e-07.
T_crit: 3.56302e-07.
T_crit: 3.52876e-07.
T_crit: 3.53759e-07.
T_crit: 3.58771e-07.
T_crit: 3.5951e-07.
T_crit: 3.60256e-07.
T_crit: 3.70046e-07.
T_crit: 3.70519e-07.
T_crit: 3.73898e-07.
T_crit: 3.60953e-07.
T_crit: 3.66724e-07.
T_crit: 3.67163e-07.
T_crit: 3.67548e-07.
T_crit: 3.67328e-07.
T_crit: 3.74145e-07.
T_crit: 3.74142e-07.
T_crit: 3.78261e-07.
Routing failed.
low, high, current 32 -1 64
Confirming Router Algorithm: TIMING_DRIVEN.
T_crit: 2.76668e-07.
T_crit: 2.76038e-07.
T_crit: 2.7614e-07.
T_crit: 2.76243e-07.
T_crit: 2.7614e-07.
T_crit: 2.76348e-07.
T_crit: 2.76348e-07.
T_crit: 2.7614e-07.
T_crit: 2.76241e-07.
T_crit: 2.76451e-07.
T_crit: 2.76451e-07.
T_crit: 2.7645e-07.
T_crit: 2.76347e-07.
T_crit: 2.76347e-07.
T_crit: 2.76347e-07.
T_crit: 2.76347e-07.
T_crit: 2.76346e-07.
T_crit: 2.76763e-07.
T_crit: 2.76763e-07.
T_crit: 2.76763e-07.
T_crit: 2.76763e-07.
T_crit: 2.76763e-07.
T_crit: 2.76763e-07.
T_crit: 2.76763e-07.
T_crit: 2.76763e-07.
T_crit: 2.76763e-07.
T_crit: 2.76763e-07.
T_crit: 2.76763e-07.
T_crit: 2.76763e-07.
T_crit: 2.76763e-07.
Successfully routed after 31 routing iterations.
Completed net delay value cross check successfully.
low, high, current 32 64 48
Confirming Router Algorithm: TIMING_DRIVEN.
T_crit: 2.76563e-07.
T_crit: 2.76347e-07.
T_crit: 2.76245e-07.
T_crit: 2.76451e-07.
T_crit: 2.76347e-07.
T_crit: 2.7614e-07.
T_crit: 2.7583e-07.
T_crit: 2.76351e-07.
T_crit: 2.76143e-07.
T_crit: 2.76143e-07.
T_crit: 2.75933e-07.
T_crit: 2.76039e-07.
T_crit: 2.75945e-07.
T_crit: 2.76151e-07.
T_crit: 2.76151e-07.
T_crit: 2.76047e-07.
T_crit: 2.76254e-07.
T_crit: 2.76153e-07.
T_crit: 2.76257e-07.
T_crit: 2.76255e-07.
T_crit: 2.76569e-07.
T_crit: 2.76674e-07.
T_crit: 2.76569e-07.
T_crit: 2.76673e-07.
T_crit: 2.76985e-07.
T_crit: 2.76464e-07.
T_crit: 2.76984e-07.
T_crit: 2.8507e-07.
T_crit: 2.92678e-07.
T_crit: 2.95915e-07.
T_crit: 3.00698e-07.
T_crit: 3.09206e-07.
T_crit: 3.13593e-07.
T_crit: 3.13352e-07.
T_crit: 3.23476e-07.
T_crit: 3.22047e-07.
T_crit: 3.22416e-07.
T_crit: 3.267e-07.
T_crit: 3.24924e-07.
T_crit: 3.30535e-07.
T_crit: 3.30371e-07.
T_crit: 3.31436e-07.
T_crit: 3.3205e-07.
T_crit: 3.28054e-07.
T_crit: 3.28215e-07.
T_crit: 3.34359e-07.
T_crit: 3.37084e-07.
T_crit: 3.43918e-07.
T_crit: 3.38393e-07.
T_crit: 3.36638e-07.
Routing failed.
low, high, current 48 64 56
Confirming Router Algorithm: TIMING_DRIVEN.
T_crit: 2.76772e-07.
T_crit: 2.76451e-07.
T_crit: 2.76246e-07.
T_crit: 2.76037e-07.
T_crit: 2.7614e-07.
T_crit: 2.76141e-07.
T_crit: 2.76245e-07.
T_crit: 2.76663e-07.
T_crit: 2.7614e-07.
T_crit: 2.75933e-07.
T_crit: 2.7614e-07.
T_crit: 2.76348e-07.
T_crit: 2.76246e-07.
T_crit: 2.76037e-07.
T_crit: 2.7614e-07.
T_crit: 2.76348e-07.
T_crit: 2.76348e-07.
T_crit: 2.76662e-07.
T_crit: 2.76662e-07.
T_crit: 2.77081e-07.
T_crit: 2.76663e-07.
T_crit: 2.76767e-07.
T_crit: 2.76767e-07.
T_crit: 2.76871e-07.
T_crit: 2.76871e-07.
T_crit: 2.76768e-07.
T_crit: 2.76768e-07.
T_crit: 2.77082e-07.
T_crit: 2.77084e-07.
T_crit: 2.7729e-07.
T_crit: 2.79574e-07.
T_crit: 2.7977e-07.
T_crit: 2.82083e-07.
T_crit: 2.82389e-07.
T_crit: 2.81875e-07.
T_crit: 2.8134e-07.
T_crit: 2.88048e-07.
T_crit: 2.93819e-07.
T_crit: 2.92086e-07.
T_crit: 2.95594e-07.
T_crit: 2.95956e-07.
T_crit: 3.01507e-07.
T_crit: 2.97779e-07.
T_crit: 2.97257e-07.
T_crit: 2.96198e-07.
T_crit: 2.95686e-07.
T_crit: 2.98849e-07.
T_crit: 3.04448e-07.
T_crit: 3.02274e-07.
T_crit: 3.11384e-07.
Routing failed.
low, high, current 56 64 60
Confirming Router Algorithm: TIMING_DRIVEN.
T_crit: 2.76085e-07.
T_crit: 2.76127e-07.
T_crit: 2.76342e-07.
T_crit: 2.76387e-07.
T_crit: 2.77028e-07.
T_crit: 2.76249e-07.
T_crit: 2.76421e-07.
T_crit: 2.76537e-07.
T_crit: 2.76396e-07.
T_crit: 2.75807e-07.
T_crit: 2.76101e-07.
T_crit: 2.76335e-07.
T_crit: 2.76382e-07.
T_crit: 2.76482e-07.
T_crit: 2.76363e-07.
T_crit: 2.76706e-07.
T_crit: 2.76569e-07.
T_crit: 2.76462e-07.
T_crit: 2.76735e-07.
T_crit: 2.76736e-07.
T_crit: 2.76746e-07.
T_crit: 2.76954e-07.
T_crit: 2.7695e-07.
T_crit: 2.76939e-07.
T_crit: 2.76938e-07.
T_crit: 2.76938e-07.
T_crit: 2.76938e-07.
T_crit: 2.76938e-07.
T_crit: 2.76938e-07.
T_crit: 2.77144e-07.
T_crit: 2.77142e-07.
T_crit: 2.77568e-07.
T_crit: 2.77452e-07.
T_crit: 2.77349e-07.
T_crit: 2.77349e-07.
T_crit: 2.77349e-07.
T_crit: 2.77349e-07.
T_crit: 2.77349e-07.
T_crit: 2.79712e-07.
T_crit: 2.80064e-07.
T_crit: 2.79961e-07.
T_crit: 2.79961e-07.
T_crit: 2.79858e-07.
T_crit: 2.79754e-07.
T_crit: 2.78911e-07.
T_crit: 2.77553e-07.
T_crit: 2.77553e-07.
T_crit: 2.77553e-07.
T_crit: 2.77553e-07.
T_crit: 2.77553e-07.
Routing failed.
low, high, current 60 64 62
Confirming Router Algorithm: TIMING_DRIVEN.
T_crit: 2.77411e-07.
T_crit: 2.77085e-07.
T_crit: 2.77241e-07.
T_crit: 2.7745e-07.
T_crit: 2.76967e-07.
T_crit: 2.76591e-07.
T_crit: 2.76296e-07.
T_crit: 2.76938e-07.
T_crit: 2.76304e-07.
T_crit: 2.77529e-07.
T_crit: 2.77011e-07.
T_crit: 2.76773e-07.
T_crit: 2.76888e-07.
T_crit: 2.76981e-07.
T_crit: 2.76973e-07.
T_crit: 2.77076e-07.
T_crit: 2.76971e-07.
T_crit: 2.77216e-07.
T_crit: 2.77218e-07.
T_crit: 2.77318e-07.
T_crit: 2.77319e-07.
T_crit: 2.77319e-07.
T_crit: 2.77319e-07.
T_crit: 2.7732e-07.
T_crit: 2.7732e-07.
T_crit: 2.7732e-07.
T_crit: 2.7732e-07.
T_crit: 2.7732e-07.
T_crit: 2.7732e-07.
T_crit: 2.7732e-07.
T_crit: 2.7732e-07.
T_crit: 2.7732e-07.
T_crit: 2.77319e-07.
T_crit: 2.77319e-07.
T_crit: 2.77319e-07.
T_crit: 2.77319e-07.
T_crit: 2.77319e-07.
T_crit: 2.77319e-07.
T_crit: 2.77319e-07.
T_crit: 2.77319e-07.
Successfully routed after 41 routing iterations.
Completed net delay value cross check successfully.

Checking to ensure routing is legal ...
Completed routing consistency check successfully.

Serial number (magic cookie) for the routing is: 1384651399
Best routing used a channel width factor of 62.


Average number of bends per net: 13.8234  Maximum # of bends: 541


The number of routed nets (nonglobal): 7907
Wirelength results (all in units of 1 clb segments):
	Total wirelength: 716000   Average net length: 90.5527
	Maximum net length: 2102

Wirelength results in terms of physical segments:
	Total wiring segments used: 358507   Av. wire segments per net: 45.3405
	Maximum segments used by a net: 1055


X - Directed channels:

j	max occ	av_occ		capacity
0	61	41.3143  	62
1	61	42.5357  	62
2	58	43.4429  	62
3	59	44.5857  	62
4	59	44.3071  	62
5	60	44.4429  	62
6	59	44.5786  	62
7	60	44.1929  	62
8	59	45.7143  	62
9	59	45.3786  	62
10	60	45.8000  	62
11	59	45.7571  	62
12	59	44.7786  	62
13	60	44.9714  	62
14	61	45.5786  	62
15	57	45.3286  	62
16	59	45.1357  	62
17	58	44.3143  	62
18	61	46.2714  	62
19	59	44.6214  	62
20	59	46.6857  	62
21	59	45.9143  	62
22	60	45.2857  	62
23	59	45.5786  	62
24	57	44.9571  	62
25	58	45.0143  	62
26	61	44.8571  	62
27	58	44.8571  	62
28	59	44.3643  	62
29	59	45.0929  	62
30	58	43.8929  	62
31	58	44.4500  	62
32	57	44.7214  	62
33	61	45.2071  	62
34	60	43.3214  	62
35	60	43.3857  	62
36	61	41.9929  	62
37	59	42.3429  	62
38	59	40.6929  	62
39	59	39.9000  	62
40	61	41.1286  	62
41	59	41.0429  	62
42	59	41.3714  	62
43	58	40.5714  	62
44	60	39.9571  	62
45	60	39.8071  	62
46	60	37.4500  	62
47	58	38.5714  	62
48	59	35.8571  	62
49	60	36.9143  	62
50	60	35.8286  	62
51	61	35.4143  	62
52	62	35.3714  	62
53	60	34.7000  	62
54	60	34.0857  	62
55	59	33.9857  	62
56	61	32.3643  	62
57	61	33.8429  	62
58	60	27.1286  	62
59	59	27.3786  	62
60	60	26.8929  	62
61	58	25.2929  	62
62	57	24.6357  	62
63	59	22.0429  	62
64	57	22.3000  	62
65	58	21.8071  	62
66	55	19.3714  	62
67	55	18.7643  	62
68	56	16.6500  	62
69	53	13.4143  	62
70	50	15.1143  	62
71	48	14.6500  	62
72	46	12.3429  	62
73	38	8.60000  	62
74	34	10.4214  	62
75	28	7.35000  	62
76	25	7.84286  	62
77	26	7.88571  	62
78	22	4.84286  	62
79	17	3.01429  	62
80	19	5.70714  	62
81	16	4.89286  	62
82	12	1.96429  	62
83	2	0.100000 	62
84	2	1.11429  	62
85	1	0.171429 	62
86	1	0.0357143	62
87	2	0.257143 	62
88	4	0.271429 	62
89	3	0.0714286	62
90	3	0.235714 	62
91	3	1.66429  	62
92	2	0.278571 	62
93	3	0.328571 	62
94	2	0.957143 	62
95	2	0.314286 	62
96	1	0.0357143	62
97	3	0.985714 	62
98	2	0.171429 	62
99	4	0.150000 	62
100	2	0.250000 	62
101	1	0.0285714	62
102	2	1.09286  	62
103	2	0.992857 	62
104	2	0.971429 	62
105	2	0.264286 	62
106	2	0.835714 	62
107	5	0.971429 	62
108	2	0.957143 	62
109	3	0.935714 	62
110	3	0.0785714	62
111	2	0.935714 	62
112	2	0.0285714	62
113	2	0.978571 	62
114	2	0.114286 	62
115	2	0.128571 	62
116	1	0.0357143	62
117	3	0.0500000	62
118	1	0.0642857	62
119	2	0.0714286	62
120	2	0.0428571	62
121	2	0.128571 	62
122	2	0.142857 	62
123	4	0.0571429	62
124	1	0.0214286	62
125	2	0.0357143	62
126	2	0.985714 	62
127	2	0.807143 	62
128	1	0.0214286	62
129	3	0.0571429	62
130	2	0.0571429	62
131	2	0.0928571	62
132	2	0.0428571	62
133	2	0.957143 	62
134	2	0.678571 	62
135	2	0.100000 	62
136	2	0.242857 	62
137	2	0.478571 	62
138	4	1.43571  	62
139	5	1.66429  	62
140	9	4.00000  	62

Y - Directed channels:

i	max occ	av_occ		capacity
0	26	13.8214  	62
1	29	13.4643  	62
2	31	9.86429  	62
3	34	10.5857  	62
4	34	9.38571  	62
5	33	8.85000  	62
6	37	10.4429  	62
7	34	9.53571  	62
8	40	9.22143  	62
9	35	9.16429  	62
10	39	9.47143  	62
11	41	9.67857  	62
12	39	8.53571  	62
13	40	9.46429  	62
14	43	10.1000  	62
15	42	9.60714  	62
16	41	9.57143  	62
17	42	8.75000  	62
18	43	8.96429  	62
19	46	9.20000  	62
20	43	8.77143  	62
21	42	7.67857  	62
22	42	8.61429  	62
23	45	9.50000  	62
24	41	8.93571  	62
25	42	7.52857  	62
26	39	7.55000  	62
27	44	9.25000  	62
28	44	9.95714  	62
29	42	7.78571  	62
30	44	9.71429  	62
31	44	9.28571  	62
32	45	8.61429  	62
33	45	8.17857  	62
34	45	8.15714  	62
35	45	8.52857  	62
36	41	9.07143  	62
37	39	8.90000  	62
38	43	9.36429  	62
39	42	8.23571  	62
40	40	8.55000  	62
41	43	8.53571  	62
42	46	9.87857  	62
43	40	10.4000  	62
44	40	10.6714  	62
45	43	10.3286  	62
46	44	8.73571  	62
47	47	12.0714  	62
48	43	10.7429  	62
49	45	10.8000  	62
50	44	11.7357  	62
51	46	12.8500  	62
52	46	13.9143  	62
53	41	12.9071  	62
54	42	14.3429  	62
55	48	14.5929  	62
56	44	15.1071  	62
57	48	15.0429  	62
58	50	14.9071  	62
59	47	14.7357  	62
60	49	15.8286  	62
61	47	16.0929  	62
62	55	15.5571  	62
63	49	16.4857  	62
64	52	16.7500  	62
65	49	17.3857  	62
66	51	17.1571  	62
67	51	17.8571  	62
68	54	18.2786  	62
69	50	18.4643  	62
70	51	19.1429  	62
71	52	19.5286  	62
72	54	20.3143  	62
73	53	20.8143  	62
74	55	19.6929  	62
75	53	20.6357  	62
76	53	20.0214  	62
77	53	21.1714  	62
78	53	22.2214  	62
79	55	20.9429  	62
80	53	20.0714  	62
81	54	20.7071  	62
82	53	21.8571  	62
83	55	21.7786  	62
84	54	22.0357  	62
85	52	22.3357  	62
86	57	23.2571  	62
87	54	23.0357  	62
88	58	22.2286  	62
89	55	22.8286  	62
90	57	23.1143  	62
91	53	22.2357  	62
92	56	23.7929  	62
93	56	24.6071  	62
94	53	24.4714  	62
95	53	23.3500  	62
96	55	24.8357  	62
97	56	25.2000  	62
98	54	23.8571  	62
99	53	25.0071  	62
100	54	24.8929  	62
101	52	24.6571  	62
102	55	24.4500  	62
103	55	23.8143  	62
104	55	24.2500  	62
105	54	23.7071  	62
106	52	23.0571  	62
107	57	24.5000  	62
108	53	24.1857  	62
109	53	23.4071  	62
110	53	23.5357  	62
111	54	22.8857  	62
112	53	23.2286  	62
113	56	24.5143  	62
114	55	21.7500  	62
115	53	22.7429  	62
116	53	21.2357  	62
117	55	21.0857  	62
118	54	22.0571  	62
119	53	21.3214  	62
120	56	20.7786  	62
121	55	20.0571  	62
122	56	19.2071  	62
123	53	19.8429  	62
124	57	18.9857  	62
125	53	19.3071  	62
126	52	20.5357  	62
127	56	19.9786  	62
128	52	17.9143  	62
129	50	17.9000  	62
130	49	18.1571  	62
131	48	16.2929  	62
132	50	15.6643  	62
133	46	15.8286  	62
134	44	15.0643  	62
135	42	14.6000  	62
136	42	12.9286  	62
137	37	12.6286  	62
138	34	12.2571  	62
139	31	14.2714  	62
140	33	16.5929  	62

Total Tracks in X-direction: 8742  in Y-direction: 8742

Logic Area (in minimum width transistor areas):
Total Logic Area: 5.88e+08  Per 1x1 logic tile: 30000

Routing area (in minimum width transistor areas):
Total Routing Area: 1.48925e+08  Per logic tile: 7598.24

Segment usage by type (index):
Segment type       Fractional utilization
------------       ----------------------
       0                  0.291

Segment usage by length:
Segment length       Fractional utilization
--------------       ----------------------
        2                   0.291

Critical Path: 2.77319e-07 (s)

Time elapsed (PLACE&ROUTE): 219959695.148000 ms


Time elapsed (Fernando): 219959695.171000 ms

