
VPR FPGA Placement and Routing.
Version: Version 5.0.2
Compiled: Dec 11 2020.
Original VPR by V. Betz.
Timing-driven placement enhancements by A. Marquardt.
Single-drivers enhancements by Andy Ye with additions by.
Mark Fang, Jason Luu, Ted Campbell
Heterogeneous stucture support by Jason Luu and Ted Campbell.
This code is licensed only for non-commercial use.

Auto-sizing FPGA, try x = 38 y = 38
Auto-sizing FPGA, try x = 76 y = 76
Auto-sizing FPGA, try x = 152 y = 152
Auto-sizing FPGA, try x = 304 y = 304
Auto-sizing FPGA, try x = 152 y = 152
Auto-sizing FPGA, try x = 228 y = 228
Auto-sizing FPGA, try x = 190 y = 190
Auto-sizing FPGA, try x = 171 y = 171
Auto-sizing FPGA, try x = 180 y = 180
Auto-sizing FPGA, try x = 175 y = 175
Auto-sizing FPGA, try x = 177 y = 177
Auto-sizing FPGA, try x = 176 y = 176
Auto-sizing FPGA, try x = 176 y = 176
FPGA auto-sized to, x = 177 y = 177

Resource Usage:
Netlist      0	blocks of type <EMPTY>
Architecture 4	blocks of type <EMPTY>
Netlist      705	blocks of type .io
Architecture 708	blocks of type .io
Netlist      762	blocks of type .clb
Architecture 31329	blocks of type .clb

Timing analysis: ON

Operation:  ROUTE_ONLY

PlacerOpts.place_freq:  PLACE_NEVER

RouterOpts.route_type:  DETAILED
RouterOpts.router_algorithm:  TIMING_DRIVEN
RouterOpts.base_cost_type:  DELAY_NORMALIZED
RouterOpts.fixed_channel_width:  NO_FIXED_CHANNEL_WIDTH
RouterOpts.acc_fac:  1.000000
RouterOpts.bb_factor:  3
RouterOpts.bend_cost:  0.000000
RouterOpts.first_iter_pres_fac:  0.500000
RouterOpts.initial_pres_fac:  0.500000
RouterOpts.pres_fac_mult:  1.300000
RouterOpts.max_router_iterations:  50
RouterOpts.astar_fac:  1.200000
RouterOpts.criticality_exp:  1.000000
RouterOpts.max_criticality:  0.990000

RoutingArch.directionality:  UNI_DIRECTIONAL
RoutingArch.switch_block_type:  WILTON
RoutingArch.Fs:  3

The circuit will be mapped into a 177 x 177 array of clbs.

Netlist num_nets:  1251
Netlist num_blocks:  1467
Netlist inputs pins:  489
Netlist output pins:  216

139 177 0
123 0 0
132 166 0
1 67 0
139 171 0
135 166 0
122 171 0
142 173 0
131 177 0
104 177 0
125 162 0
113 171 0
129 166 0
134 174 0
138 169 0
124 172 0
120 161 0
116 168 0
112 176 0
21 177 0
20 177 0
132 165 0
120 177 0
132 173 0
109 174 0
132 168 0
131 176 0
129 175 0
130 177 0
138 173 0
133 164 0
137 174 0
98 176 0
102 177 0
2 139 0
104 176 0
140 177 0
135 172 0
130 175 0
117 176 0
106 177 0
114 170 0
133 174 0
144 175 0
139 173 0
45 176 0
115 175 0
133 168 0
97 176 0
120 174 0
131 167 0
136 169 0
135 168 0
123 161 0
105 176 0
140 172 0
133 177 0
143 175 0
131 175 0
108 172 0
132 175 0
136 168 0
133 173 0
112 177 0
120 162 0
108 175 0
141 174 0
107 177 0
108 173 0
109 173 0
1 87 0
136 172 0
129 177 0
128 167 0
129 168 0
122 161 0
120 169 0
118 164 0
2 163 0
177 97 0
138 170 0
44 178 0
117 170 0
178 126 0
41 0 0
0 71 0
178 79 0
178 5 0
115 167 0
3 132 0
178 89 0
174 131 0
126 163 0
126 177 0
121 176 0
178 73 0
109 178 0
177 155 0
138 177 0
170 178 0
105 177 0
177 86 0
1 155 0
37 177 0
178 102 0
0 86 0
0 109 0
1 166 0
111 174 0
115 172 0
81 175 0
1 165 0
116 165 0
1 154 0
178 143 0
123 160 0
178 144 0
119 172 0
177 144 0
111 171 0
153 177 0
0 74 0
47 177 0
56 0 0
114 169 0
128 166 0
124 176 0
40 175 0
87 178 0
177 139 0
158 178 0
0 55 0
120 164 0
163 178 0
168 178 0
177 140 0
1 156 0
91 178 0
131 168 0
116 176 0
0 168 0
109 1 0
124 168 0
137 173 0
177 127 0
110 177 0
0 169 0
177 143 0
178 162 0
77 175 0
2 35 0
178 161 0
178 157 0
1 175 0
86 178 0
163 176 0
178 40 0
137 177 0
2 156 0
42 0 0
94 0 0
0 141 0
161 178 0
1 146 0
0 142 0
106 175 0
49 178 0
126 166 0
0 83 0
14 177 0
0 107 0
53 176 0
10 176 0
115 176 0
178 124 0
119 166 0
16 178 0
124 178 0
88 178 0
8 0 0
0 163 0
90 177 0
2 178 0
120 173 0
5 178 0
0 145 0
113 3 0
114 168 0
177 54 0
125 171 0
135 169 0
1 126 0
0 119 0
0 126 0
114 177 0
113 6 0
178 118 0
129 173 0
125 177 0
121 169 0
178 136 0
0 118 0
23 178 0
0 121 0
2 155 0
124 177 0
14 178 0
167 178 0
178 105 0
133 171 0
61 0 0
82 176 0
178 103 0
126 175 0
83 178 0
178 119 0
48 178 0
84 178 0
127 0 0
63 0 0
85 178 0
177 141 0
178 145 0
162 178 0
178 134 0
178 137 0
177 135 0
143 174 0
147 175 0
2 137 0
178 31 0
39 178 0
128 175 0
0 7 0
0 108 0
177 163 0
123 165 0
177 154 0
123 178 0
106 174 0
147 176 0
155 178 0
1 112 0
178 165 0
93 178 0
178 167 0
124 162 0
147 177 0
108 176 0
138 171 0
54 178 0
177 100 0
178 94 0
178 32 0
103 0 0
2 175 0
0 139 0
177 170 0
0 115 0
110 178 0
0 35 0
66 178 0
178 168 0
0 37 0
7 175 0
115 173 0
36 178 0
129 169 0
13 170 0
0 164 0
0 143 0
174 120 0
46 178 0
178 116 0
7 172 0
128 165 0
0 161 0
21 178 0
8 178 0
90 175 0
114 172 0
58 178 0
0 173 0
178 135 0
177 172 0
178 164 0
128 3 0
13 178 0
171 177 0
112 171 0
178 50 0
125 168 0
1 144 0
136 176 0
0 146 0
178 112 0
27 178 0
1 163 0
106 176 0
144 174 0
178 172 0
114 171 0
177 164 0
178 171 0
29 178 0
0 104 0
159 177 0
177 171 0
178 62 0
172 177 0
113 169 0
49 0 0
178 123 0
28 178 0
150 177 0
76 178 0
178 159 0
178 98 0
77 178 0
77 172 0
2 58 0
1 97 0
178 133 0
10 170 0
178 140 0
7 178 0
134 167 0
24 177 0
177 162 0
178 122 0
28 0 0
0 92 0
177 122 0
100 176 0
1 150 0
154 177 0
0 159 0
135 174 0
0 133 0
0 123 0
133 163 0
139 174 0
113 170 0
84 175 0
122 174 0
135 176 0
50 177 0
57 178 0
157 178 0
82 0 0
43 178 0
176 168 0
152 178 0
0 158 0
123 169 0
0 140 0
178 90 0
0 162 0
0 175 0
123 176 0
177 167 0
128 173 0
40 178 0
142 176 0
87 177 0
127 169 0
176 160 0
125 174 0
128 172 0
0 81 0
110 174 0
178 22 0
177 175 0
91 177 0
57 177 0
1 76 0
0 61 0
158 177 0
178 65 0
1 161 0
177 124 0
138 174 0
0 89 0
0 63 0
146 177 0
57 3 0
126 178 0
0 176 0
124 169 0
178 71 0
110 172 0
118 178 0
93 177 0
110 0 0
69 175 0
1 167 0
178 96 0
127 172 0
177 98 0
1 68 0
129 170 0
177 61 0
141 173 0
112 168 0
27 0 0
133 166 0
119 163 0
141 178 0
151 175 0
171 178 0
177 63 0
178 154 0
169 175 0
178 170 0
0 151 0
177 168 0
107 175 0
135 177 0
0 167 0
156 177 0
24 178 0
118 166 0
92 175 0
178 75 0
122 166 0
140 178 0
173 177 0
132 174 0
0 110 0
143 176 0
134 173 0
178 141 0
110 169 0
72 177 0
116 164 0
132 176 0
123 168 0
63 175 0
123 162 0
121 162 0
121 164 0
3 178 0
178 80 0
122 170 0
0 155 0
151 176 0
177 166 0
117 177 0
133 176 0
148 176 0
68 177 0
1 102 0
51 1 0
140 176 0
140 171 0
102 175 0
160 178 0
131 166 0
79 178 0
124 164 0
80 177 0
100 178 0
115 171 0
127 165 0
116 171 0
124 163 0
133 178 0
164 178 0
175 178 0
0 11 0
127 175 0
82 178 0
117 163 0
154 175 0
132 170 0
142 177 0
178 147 0
110 171 0
0 120 0
173 178 0
117 167 0
1 66 0
0 124 0
2 56 0
146 178 0
130 167 0
92 178 0
113 164 0
178 39 0
177 165 0
17 178 0
134 165 0
114 176 0
31 175 0
132 169 0
85 175 0
121 168 0
1 157 0
25 177 0
80 175 0
171 163 0
126 176 0
122 165 0
0 69 0
130 169 0
119 177 0
67 177 0
113 173 0
0 122 0
178 175 0
125 178 0
129 164 0
124 173 0
127 174 0
63 178 0
124 171 0
177 146 0
140 173 0
178 158 0
177 147 0
64 177 0
3 109 0
0 38 0
111 172 0
130 170 0
24 176 0
178 74 0
116 166 0
41 178 0
47 178 0
2 106 0
177 119 0
178 56 0
72 178 0
2 172 0
68 0 0
78 178 0
1 74 0
123 174 0
137 170 0
0 137 0
117 165 0
130 172 0
125 170 0
118 173 0
118 165 0
1 174 0
5 175 0
178 111 0
89 178 0
0 147 0
119 165 0
0 76 0
1 109 0
112 169 0
138 172 0
0 154 0
128 163 0
1 172 0
89 177 0
119 170 0
178 117 0
108 171 0
177 120 0
0 125 0
141 176 0
94 178 0
122 175 0
120 163 0
174 144 0
178 138 0
0 106 0
125 173 0
119 167 0
42 177 0
176 108 0
178 173 0
118 171 0
122 160 0
78 177 0
116 167 0
12 177 0
122 176 0
134 169 0
0 144 0
134 164 0
42 178 0
123 171 0
1 121 0
143 178 0
121 170 0
121 163 0
109 172 0
145 176 0
2 59 0
123 172 0
139 172 0
126 173 0
177 99 0
178 160 0
64 178 0
127 163 0
141 177 0
139 176 0
115 168 0
178 163 0
178 120 0
7 0 0
73 177 0
142 174 0
4 178 0
10 0 0
117 169 0
51 177 0
2 166 0
136 167 0
178 174 0
120 165 0
178 115 0
57 0 0
60 178 0
178 66 0
140 174 0
1 158 0
119 168 0
111 170 0
118 170 0
177 134 0
118 163 0
0 72 0
0 177 0
0 82 0
129 178 0
0 149 0
137 172 0
81 172 0
117 173 0
0 68 0
130 166 0
178 42 0
82 175 0
1 170 0
62 178 0
115 169 0
128 174 0
0 138 0
90 178 0
1 101 0
165 178 0
151 178 0
178 82 0
17 177 0
113 172 0
43 177 0
6 178 0
178 72 0
119 169 0
1 168 0
71 178 0
154 178 0
0 52 0
0 43 0
134 172 0
121 161 0
68 178 0
116 172 0
128 176 0
114 175 0
119 174 0
135 175 0
178 63 0
113 167 0
109 171 0
81 177 0
0 91 0
177 128 0
1 147 0
95 176 0
177 160 0
147 178 0
0 174 0
0 95 0
109 170 0
178 29 0
156 178 0
178 114 0
0 128 0
127 171 0
0 114 0
1 64 0
0 134 0
55 0 0
178 52 0
10 178 0
66 177 0
0 157 0
34 178 0
178 36 0
134 166 0
133 175 0
0 170 0
125 175 0
161 175 0
1 96 0
25 178 0
178 121 0
22 178 0
142 175 0
69 178 0
124 165 0
149 177 0
102 178 0
1 152 0
149 178 0
177 64 0
15 178 0
0 67 0
123 173 0
141 175 0
0 36 0
1 178 0
23 0 0
178 142 0
145 178 0
123 170 0
27 176 0
112 172 0
130 171 0
174 171 0
0 56 0
0 172 0
96 177 0
0 135 0
74 178 0
148 178 0
73 178 0
1 99 0
125 165 0
139 175 0
97 177 0
0 148 0
0 85 0
178 169 0
0 160 0
143 177 0
172 178 0
26 178 0
0 136 0
137 0 0
178 4 0
38 178 0
0 62 0
65 178 0
166 178 0
120 178 0
79 0 0
44 0 0
178 176 0
43 0 0
175 165 0
50 178 0
106 173 0
58 177 0
178 34 0
109 177 0
130 176 0
177 67 0
123 164 0
141 172 0
61 178 0
0 65 0
75 178 0
0 130 0
0 152 0
24 0 0
126 164 0
105 178 0
0 70 0
137 176 0
114 178 0
178 44 0
122 0 0
122 177 0
114 167 0
136 170 0
125 176 0
75 177 0
177 161 0
123 177 0
178 49 0
0 132 0
2 110 0
18 178 0
116 174 0
123 175 0
129 171 0
1 113 0
33 178 0
149 176 0
0 103 0
110 1 0
109 0 0
176 169 0
178 57 0
129 174 0
115 166 0
138 0 0
0 58 0
178 55 0
137 171 0
178 91 0
118 174 0
137 178 0
144 177 0
111 169 0
123 166 0
126 170 0
55 177 0
0 49 0
177 103 0
178 166 0
134 177 0
154 176 0
177 104 0
67 178 0
121 171 0
13 175 0
118 0 0
55 178 0
0 129 0
99 0 0
129 167 0
99 177 0
178 153 0
98 178 0
170 177 0
2 85 0
177 149 0
0 84 0
178 83 0
56 178 0
129 172 0
178 84 0
1 130 0
178 47 0
35 178 0
0 112 0
1 169 0
76 175 0
98 0 0
111 173 0
39 0 0
178 139 0
121 178 0
178 70 0
0 102 0
0 66 0
178 127 0
96 175 0
137 169 0
178 53 0
1 140 0
52 176 0
1 65 0
117 178 0
131 172 0
120 166 0
80 172 0
52 178 0
178 104 0
119 178 0
53 0 0
1 145 0
116 175 0
103 177 0
130 174 0
120 172 0
137 168 0
133 169 0
84 177 0
96 176 0
125 172 0
0 105 0
95 178 0
0 54 0
45 178 0
128 177 0
105 175 0
145 177 0
48 177 0
10 177 0
121 175 0
117 175 0
11 178 0
9 178 0
174 178 0
0 53 0
47 0 0
9 177 0
112 170 0
12 178 0
46 177 0
178 54 0
119 171 0
121 167 0
129 176 0
178 156 0
116 178 0
107 0 0
113 176 0
0 166 0
0 153 0
113 178 0
30 178 0
107 178 0
101 176 0
106 0 0
106 178 0
0 41 0
105 0 0
32 178 0
128 164 0
178 33 0
119 175 0
141 0 0
4 132 0
1 132 0
59 177 0
31 178 0
0 9 0
0 131 0
0 100 0
0 99 0
178 130 0
145 175 0
177 131 0
178 131 0
0 51 0
0 90 0
99 178 0
1 104 0
0 40 0
113 168 0
162 177 0
0 39 0
3 110 0
177 137 0
178 24 0
100 0 0
37 178 0
1 111 0
134 175 0
136 0 0
0 111 0
1 83 0
0 93 0
115 178 0
116 170 0
178 93 0
107 173 0
38 177 0
0 96 0
178 41 0
2 98 0
1 120 0
0 98 0
0 97 0
133 172 0
178 95 0
111 176 0
0 94 0
2 97 0
127 178 0
178 155 0
97 175 0
0 25 0
136 173 0
124 175 0
112 178 0
128 178 0
130 178 0
20 178 0
131 178 0
1 89 0
108 178 0
122 169 0
0 64 0
128 0 0
136 178 0
154 0 0
120 168 0
134 178 0
178 76 0
95 177 0
135 178 0
178 23 0
97 178 0
7 170 0
113 0 0
108 174 0
114 0 0
132 178 0
117 0 0
19 178 0
104 178 0
174 164 0
18 176 0
178 86 0
74 177 0
0 87 0
0 88 0
0 47 0
1 148 0
114 174 0
63 172 0
53 178 0
169 178 0
178 97 0
120 176 0
1 108 0
177 151 0
107 176 0
117 168 0
178 150 0
178 148 0
178 149 0
0 46 0
176 178 0
178 146 0
126 168 0
177 173 0
54 177 0
110 170 0
177 178 0
118 177 0
115 0 0
113 177 0
178 152 0
174 177 0
122 167 0
178 177 0
150 178 0
178 60 0
127 166 0
178 59 0
0 73 0
177 156 0
116 173 0
178 109 0
178 107 0
128 171 0
135 167 0
0 42 0
177 109 0
0 75 0
178 108 0
144 178 0
6 175 0
138 175 0
146 176 0
103 178 0
126 169 0
177 42 0
119 0 0
111 178 0
173 176 0
112 173 0
178 106 0
0 45 0
119 164 0
138 178 0
120 0 0
178 61 0
0 44 0
126 174 0
0 165 0
178 85 0
122 162 0
98 177 0
122 168 0
101 178 0
135 170 0
44 177 0
132 167 0
1 86 0
110 173 0
138 176 0
153 178 0
26 177 0
105 174 0
177 106 0
125 163 0
122 173 0
166 175 0
119 173 0
122 164 0
118 172 0
121 165 0
122 172 0
121 172 0
51 178 0
115 170 0
118 175 0
120 171 0
1 105 0
118 176 0
108 177 0
117 174 0
134 171 0
177 70 0
113 174 0
124 174 0
127 164 0
117 166 0
94 176 0
178 51 0
113 165 0
120 175 0
130 173 0
117 171 0
127 173 0
136 171 0
139 170 0
113 175 0
134 168 0
29 175 0
128 168 0
120 170 0
140 175 0
81 174 0
177 174 0
144 176 0
59 178 0
126 172 0
45 177 0
131 173 0
17 176 0
112 175 0
140 0 0
123 167 0
131 170 0
177 101 0
159 178 0
0 116 0
133 170 0
117 172 0
39 175 0
135 173 0
121 173 0
134 170 0
120 167 0
110 176 0
123 163 0
142 178 0
125 164 0
109 175 0
96 178 0
117 164 0
109 176 0
114 173 0
171 164 0
133 167 0
121 177 0
18 177 0
174 163 0
125 169 0
136 174 0
101 0 0
82 174 0
102 176 0
162 175 0
103 176 0
80 178 0
177 136 0
127 167 0
107 174 0
132 171 0
132 172 0
115 174 0
124 166 0
1 149 0
127 176 0
127 177 0
0 156 0
130 164 0
127 170 0
127 168 0
119 176 0
88 175 0
130 168 0
128 170 0
122 163 0
177 125 0
112 174 0
135 171 0
177 176 0
131 169 0
110 175 0
128 169 0
22 0 0
125 167 0
132 177 0
121 174 0
118 167 0
178 101 0
81 178 0
177 157 0
170 176 0
122 178 0
116 169 0
118 169 0
165 175 0
134 176 0
111 177 0
163 175 0
119 162 0
1 143 0
136 175 0
136 177 0
1 123 0
125 161 0
126 167 0
70 178 0
1 139 0
137 175 0
131 171 0
78 175 0
124 167 0
99 176 0
125 166 0
115 177 0
177 169 0
124 170 0
178 45 0
118 168 0
88 177 0
0 150 0
111 175 0
121 166 0
90 174 0
124 0 0
131 174 0
124 161 0
116 177 0
129 165 0
126 171 0
1 164 0
157 175 0
151 0 0
133 165 0
126 165 0
121 160 0
171 0 0
160 0 0
0 30 0
178 15 0
153 0 0
178 26 0
148 0 0
170 0 0
50 0 0
178 28 0
95 0 0
157 0 0
4 0 0
0 21 0
15 0 0
146 0 0
178 1 0
104 0 0
21 0 0
0 32 0
178 25 0
20 0 0
5 0 0
67 0 0
178 88 0
18 0 0
17 0 0
130 0 0
174 0 0
158 0 0
175 0 0
51 0 0
58 0 0
0 28 0
92 0 0
168 0 0
0 4 0
19 0 0
34 0 0
71 0 0
59 0 0
11 0 0
178 21 0
169 0 0
45 0 0
35 0 0
178 99 0
60 0 0
178 8 0
178 19 0
0 17 0
178 48 0
163 0 0
64 0 0
161 0 0
16 0 0
178 67 0
0 50 0
85 0 0
132 0 0
178 16 0
13 0 0
65 0 0
131 0 0
69 0 0
0 78 0
70 0 0
102 0 0
0 20 0
173 0 0
178 69 0
149 0 0
142 0 0
9 0 0
80 0 0
155 0 0
0 8 0
0 34 0
156 0 0
97 0 0
1 0 0
74 0 0
0 59 0
14 0 0
76 0 0
37 0 0
108 0 0
126 0 0
178 20 0
178 7 0
81 0 0
0 27 0
178 78 0
72 0 0
75 0 0
0 22 0
178 9 0
0 1 0
144 0 0
86 0 0
84 0 0
178 12 0
111 0 0
83 0 0
6 0 0
0 79 0
178 58 0
159 0 0
165 0 0
0 23 0
177 0 0
90 0 0
40 0 0
91 0 0
178 132 0
48 0 0
150 0 0
162 0 0
178 113 0
0 80 0
77 0 0
134 0 0
31 0 0
178 128 0
0 26 0
164 0 0
178 3 0
178 77 0
0 15 0
0 6 0
0 31 0
88 0 0
166 0 0
0 5 0
78 0 0
0 117 0
178 68 0
135 0 0
178 81 0
178 17 0
0 10 0
133 0 0
0 171 0
178 14 0
2 0 0
96 0 0
178 37 0
0 60 0
52 0 0
12 0 0
178 100 0
178 38 0
178 110 0
178 151 0
178 2 0
0 13 0
0 48 0
178 125 0
0 113 0
66 0 0
29 0 0
178 64 0
0 29 0
121 0 0
0 14 0
178 35 0
89 0 0
0 57 0
112 0 0
178 46 0
172 0 0
0 18 0
0 16 0
93 0 0
36 0 0
152 0 0
178 27 0
178 6 0
46 0 0
178 11 0
147 0 0
145 0 0
0 2 0
178 92 0
38 0 0
176 0 0
0 24 0
73 0 0
0 77 0
0 33 0
167 0 0
54 0 0
3 0 0
116 0 0
178 30 0
178 18 0
0 101 0
26 0 0
87 0 0
143 0 0
0 127 0
178 43 0
178 87 0
178 13 0
0 3 0
62 0 0
25 0 0
178 10 0
0 12 0
178 129 0
139 178 0
139 0 0
129 0 0
125 0 0
0 19 0
low, high, current -1 -1 8
Confirming Router Algorithm: TIMING_DRIVEN.
T_crit: 6.85354e-08.
T_crit: 6.84888e-08.
T_crit: 6.84901e-08.
T_crit: 6.84888e-08.
T_crit: 6.85935e-08.
T_crit: 6.83854e-08.
T_crit: 6.85935e-08.
T_crit: 6.85935e-08.
T_crit: 6.84901e-08.
T_crit: 6.83949e-08.
T_crit: 6.84996e-08.
T_crit: 6.84996e-08.
T_crit: 6.84996e-08.
T_crit: 6.84996e-08.
T_crit: 6.84996e-08.
T_crit: 6.87076e-08.
T_crit: 6.87725e-08.
T_crit: 6.87725e-08.
T_crit: 6.87725e-08.
T_crit: 6.89074e-08.
T_crit: 6.89074e-08.
T_crit: 6.89074e-08.
T_crit: 6.87076e-08.
T_crit: 6.93209e-08.
T_crit: 7.20827e-08.
T_crit: 7.03912e-08.
T_crit: 6.96829e-08.
T_crit: 6.98296e-08.
T_crit: 6.95194e-08.
T_crit: 6.9824e-08.
T_crit: 7.02759e-08.
T_crit: 6.994e-08.
T_crit: 7.00509e-08.
T_crit: 7.00522e-08.
T_crit: 7.13646e-08.
T_crit: 6.94243e-08.
T_crit: 6.96057e-08.
T_crit: 7.56404e-08.
T_crit: 6.97357e-08.
T_crit: 6.99014e-08.
T_crit: 7.33191e-08.
T_crit: 7.00484e-08.
T_crit: 6.97771e-08.
T_crit: 7.13384e-08.
T_crit: 6.98416e-08.
T_crit: 7.14075e-08.
T_crit: 7.09902e-08.
T_crit: 7.15109e-08.
T_crit: 7.17177e-08.
T_crit: 7.1405e-08.
Routing failed.
low, high, current 8 -1 16
Confirming Router Algorithm: TIMING_DRIVEN.
T_crit: 6.85354e-08.
T_crit: 6.84888e-08.
T_crit: 6.83854e-08.
T_crit: 6.84888e-08.
T_crit: 6.85935e-08.
T_crit: 6.84888e-08.
T_crit: 6.84888e-08.
T_crit: 6.85935e-08.
T_crit: 6.85935e-08.
T_crit: 6.84888e-08.
T_crit: 6.85935e-08.
T_crit: 6.85935e-08.
T_crit: 6.85935e-08.
T_crit: 6.85935e-08.
T_crit: 6.84888e-08.
T_crit: 6.84901e-08.
T_crit: 6.83854e-08.
T_crit: 6.84901e-08.
T_crit: 6.84901e-08.
T_crit: 6.84901e-08.
T_crit: 6.84901e-08.
T_crit: 6.84901e-08.
T_crit: 6.84901e-08.
T_crit: 6.84901e-08.
T_crit: 6.84901e-08.
T_crit: 6.84901e-08.
T_crit: 6.86994e-08.
T_crit: 6.86994e-08.
T_crit: 6.86994e-08.
T_crit: 6.86994e-08.
T_crit: 6.92137e-08.
T_crit: 7.01298e-08.
T_crit: 6.91129e-08.
T_crit: 6.98814e-08.
T_crit: 6.97017e-08.
T_crit: 7.01203e-08.
T_crit: 6.97017e-08.
T_crit: 6.97017e-08.
T_crit: 7.01203e-08.
T_crit: 7.01203e-08.
T_crit: 6.97017e-08.
T_crit: 7.0225e-08.
T_crit: 7.01203e-08.
T_crit: 7.01203e-08.
T_crit: 6.9911e-08.
T_crit: 6.9911e-08.
T_crit: 6.9911e-08.
T_crit: 6.9911e-08.
T_crit: 7.0433e-08.
T_crit: 7.0433e-08.
Routing failed.
low, high, current 16 -1 32
Confirming Router Algorithm: TIMING_DRIVEN.
T_crit: 6.85354e-08.
T_crit: 6.84888e-08.
T_crit: 6.83854e-08.
T_crit: 6.83854e-08.
T_crit: 6.83854e-08.
T_crit: 6.84888e-08.
T_crit: 6.84888e-08.
T_crit: 6.85934e-08.
T_crit: 6.85934e-08.
T_crit: 6.84888e-08.
T_crit: 6.85934e-08.
T_crit: 6.85934e-08.
T_crit: 6.86968e-08.
T_crit: 6.86968e-08.
Successfully routed after 15 routing iterations.
Completed net delay value cross check successfully.
low, high, current 16 32 24
Confirming Router Algorithm: TIMING_DRIVEN.
T_crit: 6.85354e-08.
T_crit: 6.84888e-08.
T_crit: 6.84888e-08.
T_crit: 6.84901e-08.
T_crit: 6.86779e-08.
T_crit: 6.85935e-08.
T_crit: 6.86968e-08.
T_crit: 6.8572e-08.
T_crit: 6.85733e-08.
T_crit: 6.84686e-08.
T_crit: 6.85733e-08.
T_crit: 6.85733e-08.
T_crit: 6.85733e-08.
Successfully routed after 14 routing iterations.
Completed net delay value cross check successfully.
low, high, current 16 24 20
Confirming Router Algorithm: TIMING_DRIVEN.
T_crit: 6.87321e-08.
T_crit: 6.85891e-08.
T_crit: 6.84857e-08.
T_crit: 6.84869e-08.
T_crit: 6.85809e-08.
T_crit: 6.86831e-08.
T_crit: 6.84889e-08.
T_crit: 6.84889e-08.
T_crit: 6.84889e-08.
T_crit: 6.84889e-08.
T_crit: 6.84775e-08.
T_crit: 6.84775e-08.
T_crit: 6.84775e-08.
T_crit: 6.84775e-08.
T_crit: 6.84775e-08.
T_crit: 6.84775e-08.
Successfully routed after 17 routing iterations.
Completed net delay value cross check successfully.
low, high, current 16 20 18
Warning (check_all_tracks_reach_pins):  track 16 does not 
	connect to any FB IPINs.
Warning (check_all_tracks_reach_pins):  track 17 does not 
	connect to any FB IPINs.
Confirming Router Algorithm: TIMING_DRIVEN.
T_crit: 6.89119e-08.
T_crit: 6.88211e-08.
T_crit: 6.89245e-08.
T_crit: 6.86237e-08.
T_crit: 6.86357e-08.
T_crit: 6.86572e-08.
T_crit: 6.86572e-08.
T_crit: 6.86559e-08.
T_crit: 6.88652e-08.
T_crit: 6.85531e-08.
T_crit: 6.86698e-08.
T_crit: 6.86698e-08.
T_crit: 6.87744e-08.
T_crit: 6.87744e-08.
T_crit: 6.85815e-08.
T_crit: 6.85815e-08.
T_crit: 6.85815e-08.
T_crit: 6.85815e-08.
T_crit: 6.85815e-08.
T_crit: 6.85815e-08.
T_crit: 6.85815e-08.
T_crit: 6.85815e-08.
T_crit: 6.85815e-08.
T_crit: 6.85815e-08.
T_crit: 6.85815e-08.
T_crit: 6.85815e-08.
T_crit: 6.84648e-08.
T_crit: 6.84648e-08.
T_crit: 6.84648e-08.
T_crit: 6.84648e-08.
T_crit: 6.84648e-08.
T_crit: 6.86691e-08.
T_crit: 6.86691e-08.
T_crit: 6.86691e-08.
T_crit: 6.86691e-08.
T_crit: 6.86691e-08.
T_crit: 6.86691e-08.
T_crit: 6.86691e-08.
T_crit: 6.86691e-08.
T_crit: 6.86691e-08.
T_crit: 6.86691e-08.
T_crit: 6.86691e-08.
T_crit: 6.86691e-08.
T_crit: 6.86691e-08.
T_crit: 6.86691e-08.
T_crit: 6.86691e-08.
T_crit: 6.86691e-08.
Successfully routed after 48 routing iterations.
Completed net delay value cross check successfully.
Warning (check_all_tracks_reach_pins):  track 16 does not 
	connect to any FB IPINs.
Warning (check_all_tracks_reach_pins):  track 17 does not 
	connect to any FB IPINs.

Checking to ensure routing is legal ...
Completed routing consistency check successfully.

Serial number (magic cookie) for the routing is: 1715036824
Best routing used a channel width factor of 18.


Average number of bends per net: 6.74820  Maximum # of bends: 238


The number of routed nets (nonglobal): 1251
Wirelength results (all in units of 1 clb segments):
	Total wirelength: 134280   Average net length: 107.338
	Maximum net length: 1074

Wirelength results in terms of physical segments:
	Total wiring segments used: 67482   Av. wire segments per net: 53.9424
	Maximum segments used by a net: 540


X - Directed channels:

j	max occ	av_occ		capacity
0	11	6.53672  	18
1	12	5.73446  	18
2	10	3.51977  	18
3	9	3.53672  	18
4	5	1.93785  	18
5	6	1.54237  	18
6	3	1.22599  	18
7	3	0.870057 	18
8	2	0.0621469	18
9	3	0.288136 	18
10	3	1.80226  	18
11	1	0.0169492	18
12	3	1.80226  	18
13	2	0.0225989	18
14	3	0.949153 	18
15	2	0.666667 	18
16	2	0.0564972	18
17	1	0.898305 	18
18	3	0.757062 	18
19	1	0.711864 	18
20	2	0.203390 	18
21	2	0.0338983	18
22	2	0.0338983	18
23	2	0.988701 	18
24	2	0.0338983	18
25	1	0.0112994	18
26	1	0.310734 	18
27	2	1.20904  	18
28	1	0.0169492	18
29	1	0.796610 	18
30	2	0.265537 	18
31	2	0.0225989	18
32	3	0.0282486	18
33	2	0.0338983	18
34	6	2.05650  	18
35	5	1.15819  	18
36	2	0.0734463	18
37	2	0.723164 	18
38	3	0.768362 	18
39	0	0.00000  	18
40	3	0.0338983	18
41	5	2.05085  	18
42	2	1.97175  	18
43	2	1.01130  	18
44	1	0.0225989	18
45	2	1.20904  	18
46	2	0.0338983	18
47	2	0.994350 	18
48	3	0.903955 	18
49	3	1.71751  	18
50	2	0.740113 	18
51	0	0.00000  	18
52	3	0.0621469	18
53	5	0.632768 	18
54	3	0.310734 	18
55	5	1.05085  	18
56	2	0.299435 	18
57	7	3.06780  	18
58	5	0.870057 	18
59	4	0.988701 	18
60	6	1.00000  	18
61	4	0.553672 	18
62	5	0.0677966	18
63	7	2.61582  	18
64	3	1.26554  	18
65	4	1.38418  	18
66	5	0.870057 	18
67	4	0.638418 	18
68	2	0.338983 	18
69	3	1.52542  	18
70	2	0.785311 	18
71	2	0.587571 	18
72	2	0.0677966	18
73	2	1.22034  	18
74	2	0.271186 	18
75	4	2.25989  	18
76	0	0.00000  	18
77	2	1.03955  	18
78	1	0.785311 	18
79	1	0.768362 	18
80	2	1.67232  	18
81	2	0.367232 	18
82	4	0.0734463	18
83	3	0.248588 	18
84	4	1.79096  	18
85	5	3.79096  	18
86	3	1.96045  	18
87	2	1.01130  	18
88	3	0.0677966	18
89	2	0.700565 	18
90	1	0.112994 	18
91	1	0.790960 	18
92	2	0.259887 	18
93	2	0.248588 	18
94	2	1.02825  	18
95	3	0.333333 	18
96	6	1.72316  	18
97	5	2.29379  	18
98	7	1.77966  	18
99	9	1.48588  	18
100	6	2.50282  	18
101	6	0.807910 	18
102	6	1.11299  	18
103	5	2.40113  	18
104	2	0.0451977	18
105	4	0.813559 	18
106	3	1.52542  	18
107	5	2.14689  	18
108	5	2.15254  	18
109	6	1.05085  	18
110	4	2.15819  	18
111	2	0.0451977	18
112	6	3.55932  	18
113	1	0.355932 	18
114	3	0.807910 	18
115	2	0.694915 	18
116	2	1.59887  	18
117	2	0.254237 	18
118	5	1.10734  	18
119	6	1.17514  	18
120	4	2.25424  	18
121	5	1.06215  	18
122	4	1.11299  	18
123	5	0.898305 	18
124	5	1.59322  	18
125	3	1.18644  	18
126	2	0.0338983	18
127	4	2.11299  	18
128	6	4.23729  	18
129	6	2.12429  	18
130	4	0.112994 	18
131	7	3.90960  	18
132	4	0.107345 	18
133	4	0.655367 	18
134	6	1.41243  	18
135	4	0.909605 	18
136	6	1.73446  	18
137	3	1.12429  	18
138	6	1.14124  	18
139	4	1.58192  	18
140	5	1.46893  	18
141	2	0.333333 	18
142	6	3.68362  	18
143	5	1.29379  	18
144	4	0.0847458	18
145	5	1.19774  	18
146	4	0.728814 	18
147	3	0.344633 	18
148	4	2.70621  	18
149	3	0.124294 	18
150	3	0.395480 	18
151	3	1.03955  	18
152	3	1.04520  	18
153	7	1.12429  	18
154	8	2.32768  	18
155	12	4.06780  	18
156	11	3.41243  	18
157	16	3.82486  	18
158	15	3.87006  	18
159	16	7.80226  	18
160	17	6.17514  	18
161	18	7.49718  	18
162	17	8.63842  	18
163	18	9.55367  	18
164	18	8.66102  	18
165	18	9.41808  	18
166	18	6.67232  	18
167	18	9.52542  	18
168	18	7.88136  	18
169	18	7.32203  	18
170	18	7.53107  	18
171	18	8.30509  	18
172	18	8.63277  	18
173	18	8.38983  	18
174	18	10.1073  	18
175	18	11.4124  	18
176	18	9.40678  	18
177	18	10.3107  	18

Y - Directed channels:

i	max occ	av_occ		capacity
0	14	8.48588  	18
1	14	9.20904  	18
2	14	7.29944  	18
3	16	7.81356  	18
4	11	4.89266  	18
5	7	3.67232  	18
6	6	2.61017  	18
7	5	1.92655  	18
8	3	1.19774  	18
9	4	0.327684 	18
10	3	0.502825 	18
11	2	1.93220  	18
12	3	0.395480 	18
13	4	0.768362 	18
14	2	0.0564972	18
15	4	1.40678  	18
16	3	0.779661 	18
17	5	0.621469 	18
18	5	1.38418  	18
19	4	1.04520  	18
20	3	0.0451977	18
21	2	1.14689  	18
22	6	1.11864  	18
23	3	2.90395  	18
24	5	2.03955  	18
25	2	0.836158 	18
26	2	0.0508475	18
27	3	1.02260  	18
28	3	0.124294 	18
29	3	1.91525  	18
30	4	0.158192 	18
31	2	0.231638 	18
32	2	0.0903955	18
33	1	0.0282486	18
34	2	0.949153 	18
35	3	0.463277 	18
36	3	1.51977  	18
37	4	0.118644 	18
38	3	0.101695 	18
39	4	0.355932 	18
40	5	0.203390 	18
41	3	0.107345 	18
42	4	2.49153  	18
43	4	1.11299  	18
44	3	0.163842 	18
45	7	3.58757  	18
46	4	0.610169 	18
47	4	1.34463  	18
48	3	1.03390  	18
49	5	1.43503  	18
50	3	1.07910  	18
51	5	1.15819  	18
52	6	1.10734  	18
53	5	1.32768  	18
54	5	1.83051  	18
55	4	0.587571 	18
56	4	1.10169  	18
57	6	1.55367  	18
58	5	2.29944  	18
59	3	0.0677966	18
60	3	0.994350 	18
61	4	0.282486 	18
62	4	2.02825  	18
63	4	2.01130  	18
64	2	0.0508475	18
65	3	0.124294 	18
66	3	0.0903955	18
67	4	1.07910  	18
68	2	1.05085  	18
69	3	0.0790960	18
70	3	1.04520  	18
71	4	1.06780  	18
72	3	1.03390  	18
73	5	0.197740 	18
74	4	0.146893 	18
75	3	0.152542 	18
76	9	2.18644  	18
77	5	0.757062 	18
78	6	1.72881  	18
79	6	0.248588 	18
80	7	1.29944  	18
81	8	0.638418 	18
82	6	3.12429  	18
83	5	0.214689 	18
84	7	1.43503  	18
85	6	1.44068  	18
86	6	1.09605  	18
87	2	0.0903955	18
88	5	0.118644 	18
89	4	1.07345  	18
90	4	1.06780  	18
91	4	1.17514  	18
92	4	1.11299  	18
93	5	2.05650  	18
94	6	2.75141  	18
95	9	2.87571  	18
96	11	0.361582 	18
97	6	0.322034 	18
98	5	0.248588 	18
99	6	1.92090  	18
100	8	2.59887  	18
101	9	0.796610 	18
102	10	0.333333 	18
103	6	3.18644  	18
104	12	4.79096  	18
105	14	2.92090  	18
106	13	2.66667  	18
107	12	5.28814  	18
108	14	4.39548  	18
109	15	3.16949  	18
110	16	6.09040  	18
111	17	4.68362  	18
112	15	4.59322  	18
113	15	4.59887  	18
114	16	1.31638  	18
115	14	2.41243  	18
116	18	4.64972  	18
117	16	4.22034  	18
118	17	5.49153  	18
119	17	3.90960  	18
120	15	4.29379  	18
121	17	4.90960  	18
122	18	6.16384  	18
123	18	5.32768  	18
124	15	5.12429  	18
125	17	6.50847  	18
126	16	5.12994  	18
127	18	6.89830  	18
128	16	5.51412  	18
129	18	5.09040  	18
130	17	4.43503  	18
131	16	6.42938  	18
132	18	4.97175  	18
133	18	6.46893  	18
134	15	9.09040  	18
135	16	6.45198  	18
136	16	5.20339  	18
137	14	2.67232  	18
138	14	2.01130  	18
139	14	4.28249  	18
140	11	3.88136  	18
141	11	3.00000  	18
142	8	0.824859 	18
143	9	3.23164  	18
144	8	1.44633  	18
145	5	0.841808 	18
146	8	2.22034  	18
147	9	1.87571  	18
148	6	0.819209 	18
149	3	1.04520  	18
150	5	0.463277 	18
151	3	1.02260  	18
152	3	2.89266  	18
153	5	0.694915 	18
154	6	0.192090 	18
155	1	0.0282486	18
156	4	1.06780  	18
157	2	0.276836 	18
158	4	1.02825  	18
159	3	0.988701 	18
160	3	1.06215  	18
161	3	0.796610 	18
162	4	0.875706 	18
163	2	0.0564972	18
164	2	0.361582 	18
165	3	1.11299  	18
166	1	0.887006 	18
167	2	0.480226 	18
168	3	0.813559 	18
169	7	1.72316  	18
170	10	3.28249  	18
171	10	3.18079  	18
172	12	4.89266  	18
173	15	6.25989  	18
174	15	8.50282  	18
175	17	9.25989  	18
176	14	9.63842  	18
177	15	10.5932  	18

Total Tracks in X-direction: 3204  in Y-direction: 3204

Logic Area (in minimum width transistor areas):
Total Logic Area: 9.3987e+08  Per 1x1 logic tile: 30000

Routing area (in minimum width transistor areas):
Total Routing Area: 6.98332e+07  Per logic tile: 2229.03

Segment usage by type (index):
Segment type       Fractional utilization
------------       ----------------------
       0                  0.118

Segment usage by length:
Segment length       Fractional utilization
--------------       ----------------------
        2                   0.118

Critical Path: 6.86691e-08 (s)

Time elapsed (PLACE&ROUTE): 8266928.235000 ms


Time elapsed (Fernando): 8266928.262000 ms

