
VPR FPGA Placement and Routing.
Version: Version 5.0.2
Compiled: Dec 11 2020.
Original VPR by V. Betz.
Timing-driven placement enhancements by A. Marquardt.
Single-drivers enhancements by Andy Ye with additions by.
Mark Fang, Jason Luu, Ted Campbell
Heterogeneous stucture support by Jason Luu and Ted Campbell.
This code is licensed only for non-commercial use.

Auto-sizing FPGA, try x = 72 y = 72
Auto-sizing FPGA, try x = 144 y = 144
Auto-sizing FPGA, try x = 288 y = 288
Auto-sizing FPGA, try x = 576 y = 576
Auto-sizing FPGA, try x = 288 y = 288
Auto-sizing FPGA, try x = 432 y = 432
Auto-sizing FPGA, try x = 360 y = 360
Auto-sizing FPGA, try x = 324 y = 324
Auto-sizing FPGA, try x = 306 y = 306
Auto-sizing FPGA, try x = 315 y = 315
Auto-sizing FPGA, try x = 310 y = 310
Auto-sizing FPGA, try x = 312 y = 312
Auto-sizing FPGA, try x = 313 y = 313
Auto-sizing FPGA, try x = 314 y = 314
Auto-sizing FPGA, try x = 313 y = 313
FPGA auto-sized to, x = 314 y = 314

Resource Usage:
Netlist      0	blocks of type <EMPTY>
Architecture 4	blocks of type <EMPTY>
Netlist      1255	blocks of type .io
Architecture 1256	blocks of type .io
Netlist      3915	blocks of type .clb
Architecture 98596	blocks of type .clb

Timing analysis: ON

Operation:  ROUTE_ONLY

PlacerOpts.place_freq:  PLACE_NEVER

RouterOpts.route_type:  DETAILED
RouterOpts.router_algorithm:  TIMING_DRIVEN
RouterOpts.base_cost_type:  DELAY_NORMALIZED
RouterOpts.fixed_channel_width:  NO_FIXED_CHANNEL_WIDTH
RouterOpts.acc_fac:  1.000000
RouterOpts.bb_factor:  3
RouterOpts.bend_cost:  0.000000
RouterOpts.first_iter_pres_fac:  0.500000
RouterOpts.initial_pres_fac:  0.500000
RouterOpts.pres_fac_mult:  1.300000
RouterOpts.max_router_iterations:  50
RouterOpts.astar_fac:  1.200000
RouterOpts.criticality_exp:  1.000000
RouterOpts.max_criticality:  0.990000

RoutingArch.directionality:  UNI_DIRECTIONAL
RoutingArch.switch_block_type:  WILTON
RoutingArch.Fs:  3

The circuit will be mapped into a 314 x 314 array of clbs.

Netlist num_nets:  3979
Netlist num_blocks:  5170
Netlist inputs pins:  64
Netlist output pins:  1191

99 313 0
136 279 0
144 282 0
124 279 0
142 280 0
143 280 0
146 296 0
135 293 0
144 281 0
145 298 0
141 280 0
117 312 0
118 305 0
131 286 0
138 281 0
109 307 0
104 313 0
104 312 0
148 306 0
149 286 0
123 313 0
120 297 0
110 306 0
146 305 0
127 313 0
121 294 0
119 297 0
149 310 0
121 298 0
121 295 0
123 296 0
124 299 0
128 296 0
143 298 0
131 300 0
122 304 0
136 282 0
130 272 0
144 286 0
121 285 0
124 285 0
0 277 0
141 286 0
139 285 0
130 282 0
137 267 0
129 276 0
116 285 0
140 296 0
146 313 0
136 308 0
144 277 0
128 278 0
113 284 0
123 285 0
123 286 0
125 310 0
139 298 0
132 283 0
132 285 0
111 289 0
130 307 0
118 303 0
137 300 0
117 303 0
137 286 0
111 288 0
109 288 0
150 282 0
127 312 0
129 307 0
127 307 0
149 283 0
111 292 0
110 287 0
142 307 0
99 305 0
125 313 0
164 308 0
135 291 0
126 286 0
132 281 0
148 282 0
111 294 0
146 306 0
113 286 0
145 307 0
113 305 0
138 284 0
115 312 0
132 313 0
144 284 0
131 281 0
141 273 0
111 305 0
131 282 0
133 307 0
113 311 0
137 311 0
143 284 0
114 280 0
114 287 0
118 279 0
73 315 0
112 288 0
149 306 0
123 298 0
142 282 0
129 309 0
130 309 0
119 303 0
140 281 0
138 307 0
116 291 0
112 281 0
111 282 0
113 302 0
119 290 0
121 289 0
95 290 0
95 293 0
146 288 0
146 282 0
128 307 0
140 273 0
146 276 0
101 306 0
134 307 0
116 292 0
118 291 0
117 290 0
98 303 0
146 274 0
151 281 0
94 298 0
95 297 0
95 294 0
151 302 0
109 313 0
138 312 0
132 300 0
92 310 0
128 302 0
147 289 0
144 302 0
149 290 0
137 296 0
147 290 0
144 265 0
149 291 0
151 310 0
140 301 0
152 281 0
144 273 0
119 309 0
97 309 0
117 308 0
92 311 0
143 279 0
152 276 0
152 291 0
152 283 0
144 274 0
111 285 0
126 288 0
129 298 0
147 269 0
103 311 0
144 279 0
134 292 0
138 300 0
107 308 0
146 310 0
147 282 0
113 282 0
149 280 0
147 280 0
145 280 0
141 309 0
137 278 0
138 271 0
139 299 0
142 294 0
136 295 0
124 314 0
127 294 0
142 308 0
146 291 0
144 310 0
148 279 0
146 268 0
130 314 0
131 297 0
138 270 0
113 309 0
134 281 0
149 296 0
101 311 0
143 274 0
153 289 0
141 270 0
143 270 0
123 284 0
102 279 0
101 279 0
125 302 0
122 285 0
154 271 0
146 311 0
142 295 0
153 290 0
140 274 0
123 312 0
107 307 0
110 304 0
134 297 0
129 296 0
98 304 0
129 287 0
129 290 0
133 274 0
111 281 0
102 281 0
128 309 0
141 298 0
149 299 0
116 312 0
168 308 0
142 314 0
119 305 0
109 285 0
186 300 0
125 291 0
98 280 0
103 280 0
146 304 0
116 306 0
163 307 0
136 305 0
140 313 0
145 265 0
115 281 0
126 291 0
119 291 0
109 282 0
155 270 0
111 284 0
109 280 0
124 290 0
106 280 0
99 278 0
98 279 0
114 309 0
121 292 0
105 312 0
113 285 0
118 286 0
111 307 0
115 286 0
114 300 0
123 302 0
127 299 0
144 314 0
107 314 0
145 308 0
124 313 0
126 301 0
110 295 0
143 283 0
91 276 0
120 308 0
94 276 0
146 303 0
95 276 0
104 292 0
142 297 0
127 308 0
114 306 0
141 294 0
117 309 0
114 303 0
136 312 0
158 286 0
147 300 0
109 304 0
127 286 0
113 295 0
142 298 0
125 309 0
133 310 0
105 314 0
91 277 0
107 301 0
90 277 0
148 278 0
146 281 0
125 280 0
105 293 0
128 290 0
145 285 0
109 303 0
104 310 0
133 306 0
95 305 0
112 311 0
107 302 0
107 298 0
156 310 0
124 291 0
138 278 0
125 304 0
149 279 0
136 274 0
142 312 0
138 296 0
104 306 0
105 307 0
104 308 0
104 307 0
105 295 0
126 280 0
126 281 0
129 306 0
128 284 0
132 296 0
126 285 0
183 307 0
131 294 0
123 311 0
153 288 0
155 289 0
95 306 0
112 307 0
172 311 0
145 276 0
145 291 0
135 302 0
133 280 0
130 280 0
129 280 0
147 313 0
154 289 0
153 314 0
142 275 0
154 288 0
143 265 0
154 286 0
106 311 0
132 294 0
179 312 0
130 302 0
129 304 0
129 314 0
133 302 0
150 274 0
104 304 0
117 304 0
145 302 0
106 293 0
143 302 0
137 302 0
110 297 0
134 302 0
136 302 0
128 271 0
134 293 0
153 287 0
134 301 0
112 295 0
112 293 0
92 306 0
121 300 0
116 300 0
110 296 0
109 297 0
189 308 0
109 309 0
183 297 0
112 303 0
146 302 0
145 311 0
169 306 0
145 312 0
192 311 0
144 301 0
127 287 0
130 270 0
108 295 0
114 295 0
95 302 0
103 294 0
117 307 0
170 305 0
118 300 0
136 304 0
142 289 0
116 313 0
120 307 0
168 299 0
128 306 0
145 278 0
150 307 0
127 310 0
115 303 0
125 275 0
105 296 0
115 302 0
114 299 0
130 294 0
133 283 0
92 309 0
128 286 0
113 297 0
96 304 0
112 285 0
315 293 0
97 293 0
98 293 0
101 293 0
151 272 0
168 287 0
133 291 0
120 286 0
138 285 0
136 296 0
150 314 0
152 314 0
106 308 0
133 296 0
127 311 0
188 301 0
93 306 0
104 294 0
126 294 0
122 307 0
136 270 0
115 311 0
106 304 0
91 311 0
104 296 0
96 301 0
134 303 0
122 287 0
100 293 0
94 294 0
124 277 0
126 296 0
112 296 0
109 296 0
133 305 0
168 296 0
183 311 0
136 291 0
149 300 0
172 298 0
146 299 0
126 292 0
123 307 0
136 264 0
107 304 0
123 306 0
107 296 0
101 296 0
178 304 0
101 295 0
101 294 0
98 296 0
94 295 0
92 292 0
127 301 0
164 289 0
166 296 0
150 313 0
193 308 0
91 309 0
132 293 0
89 313 0
172 283 0
179 306 0
116 302 0
100 295 0
101 297 0
133 314 0
100 296 0
99 292 0
96 294 0
139 270 0
147 279 0
93 293 0
93 292 0
110 309 0
152 303 0
140 305 0
117 300 0
144 266 0
125 306 0
123 289 0
115 313 0
137 272 0
119 314 0
110 311 0
142 313 0
161 294 0
146 290 0
164 314 0
135 300 0
125 308 0
150 292 0
170 308 0
121 280 0
193 304 0
121 281 0
92 312 0
144 309 0
118 280 0
119 281 0
120 291 0
197 307 0
107 286 0
186 305 0
156 309 0
113 314 0
117 298 0
113 313 0
130 287 0
165 292 0
115 299 0
137 271 0
98 302 0
127 289 0
122 289 0
145 279 0
142 281 0
173 306 0
97 312 0
151 273 0
161 305 0
123 294 0
149 295 0
123 300 0
108 291 0
162 293 0
125 287 0
120 288 0
109 289 0
118 287 0
99 281 0
110 286 0
108 286 0
107 283 0
137 309 0
111 308 0
158 305 0
127 277 0
157 306 0
100 287 0
95 292 0
109 291 0
97 277 0
149 297 0
149 276 0
196 314 0
170 314 0
129 303 0
163 283 0
101 302 0
100 302 0
130 284 0
88 314 0
117 299 0
117 295 0
115 307 0
115 294 0
110 290 0
104 289 0
119 307 0
133 298 0
171 297 0
173 308 0
126 306 0
92 314 0
163 291 0
167 284 0
167 295 0
136 283 0
133 284 0
97 313 0
102 284 0
128 294 0
143 294 0
142 302 0
193 307 0
195 310 0
145 273 0
146 275 0
134 313 0
128 277 0
96 310 0
142 271 0
102 287 0
139 272 0
106 290 0
103 287 0
97 281 0
102 285 0
98 281 0
100 281 0
139 280 0
147 277 0
141 302 0
143 300 0
112 302 0
116 314 0
111 309 0
144 272 0
148 284 0
90 313 0
92 276 0
97 302 0
140 266 0
97 299 0
120 289 0
131 313 0
143 309 0
121 307 0
134 291 0
100 312 0
114 285 0
135 307 0
138 293 0
118 313 0
143 269 0
141 295 0
143 301 0
144 276 0
154 287 0
128 298 0
192 307 0
134 314 0
192 305 0
123 287 0
121 286 0
100 280 0
89 311 0
101 281 0
117 311 0
99 283 0
138 291 0
122 314 0
187 298 0
121 301 0
132 270 0
120 287 0
147 299 0
152 298 0
156 293 0
110 307 0
117 288 0
189 299 0
117 284 0
132 298 0
129 291 0
148 292 0
122 288 0
119 289 0
159 271 0
119 287 0
118 284 0
115 284 0
117 283 0
158 282 0
113 307 0
185 308 0
156 285 0
107 297 0
137 266 0
163 285 0
95 314 0
180 307 0
94 313 0
194 305 0
141 307 0
120 293 0
120 298 0
122 281 0
184 307 0
142 286 0
107 300 0
137 307 0
120 295 0
116 287 0
132 299 0
134 269 0
103 307 0
135 304 0
178 300 0
138 304 0
180 310 0
137 304 0
116 282 0
189 300 0
132 312 0
161 272 0
148 271 0
105 298 0
160 285 0
116 283 0
124 293 0
143 281 0
117 282 0
118 282 0
175 306 0
181 311 0
133 277 0
129 278 0
120 303 0
132 306 0
126 304 0
97 295 0
144 313 0
133 271 0
108 300 0
197 308 0
106 297 0
139 289 0
145 295 0
122 298 0
119 285 0
124 302 0
190 311 0
169 288 0
124 276 0
116 299 0
106 298 0
167 287 0
131 278 0
166 284 0
164 283 0
164 282 0
148 270 0
181 310 0
98 298 0
182 308 0
97 304 0
123 275 0
97 303 0
124 292 0
144 268 0
103 292 0
132 310 0
104 295 0
126 310 0
95 309 0
127 296 0
133 278 0
118 285 0
152 300 0
114 286 0
129 294 0
128 295 0
126 305 0
181 297 0
125 305 0
153 277 0
112 309 0
127 304 0
134 290 0
144 307 0
130 277 0
132 271 0
94 299 0
133 272 0
139 295 0
132 276 0
189 310 0
178 313 0
181 309 0
148 269 0
123 309 0
109 305 0
118 283 0
128 313 0
103 308 0
134 268 0
145 270 0
130 271 0
113 287 0
130 278 0
132 278 0
122 290 0
125 279 0
138 263 0
123 280 0
123 281 0
151 296 0
136 290 0
133 290 0
125 286 0
130 290 0
126 276 0
131 290 0
191 303 0
160 288 0
137 306 0
160 279 0
132 301 0
117 301 0
128 304 0
128 314 0
151 313 0
133 304 0
174 307 0
142 277 0
162 283 0
160 307 0
168 292 0
139 306 0
143 267 0
134 278 0
172 308 0
157 302 0
148 275 0
169 291 0
170 289 0
134 277 0
116 281 0
150 271 0
119 300 0
119 294 0
125 290 0
125 293 0
166 294 0
120 304 0
118 297 0
119 298 0
108 303 0
121 293 0
139 305 0
136 301 0
163 314 0
111 310 0
150 290 0
136 280 0
132 291 0
131 271 0
130 273 0
168 300 0
132 307 0
148 309 0
189 303 0
187 311 0
152 297 0
130 295 0
130 312 0
130 305 0
142 299 0
108 306 0
151 297 0
148 280 0
130 296 0
142 265 0
127 276 0
152 290 0
114 294 0
131 272 0
129 273 0
128 275 0
123 292 0
122 294 0
92 275 0
135 294 0
122 293 0
160 298 0
152 306 0
109 299 0
118 299 0
151 289 0
142 284 0
124 304 0
151 292 0
132 295 0
145 284 0
120 290 0
136 311 0
165 284 0
118 292 0
121 290 0
108 305 0
108 309 0
178 308 0
96 293 0
133 300 0
119 302 0
178 299 0
195 307 0
108 304 0
162 284 0
109 308 0
120 292 0
108 301 0
139 274 0
118 301 0
117 297 0
117 296 0
172 288 0
117 286 0
116 293 0
139 279 0
129 292 0
150 297 0
150 283 0
115 293 0
137 295 0
112 292 0
114 315 0
125 292 0
157 277 0
169 308 0
167 286 0
166 285 0
140 293 0
163 287 0
127 285 0
159 284 0
111 302 0
143 272 0
123 293 0
154 299 0
124 288 0
160 299 0
145 300 0
163 284 0
138 295 0
148 304 0
162 303 0
136 298 0
146 269 0
163 288 0
151 299 0
191 313 0
148 303 0
122 299 0
156 306 0
133 269 0
115 292 0
126 313 0
156 287 0
166 293 0
138 311 0
112 313 0
126 312 0
156 274 0
108 297 0
119 296 0
115 289 0
110 293 0
99 314 0
146 295 0
140 295 0
160 282 0
143 303 0
143 295 0
114 292 0
114 291 0
115 291 0
143 314 0
136 271 0
136 307 0
135 309 0
96 298 0
117 287 0
144 270 0
99 298 0
108 296 0
108 298 0
148 301 0
102 295 0
110 294 0
122 296 0
144 299 0
150 306 0
160 292 0
117 305 0
100 313 0
157 283 0
157 289 0
163 299 0
127 292 0
151 314 0
165 311 0
124 305 0
107 306 0
165 300 0
162 286 0
116 288 0
158 289 0
131 301 0
127 273 0
140 306 0
128 305 0
167 300 0
166 291 0
164 286 0
154 273 0
131 308 0
159 286 0
117 310 0
161 286 0
118 293 0
148 274 0
94 292 0
157 284 0
96 309 0
158 285 0
112 294 0
113 280 0
111 291 0
112 290 0
179 305 0
151 295 0
146 280 0
106 307 0
118 312 0
112 283 0
106 305 0
118 288 0
97 305 0
142 300 0
134 274 0
143 286 0
122 301 0
145 315 0
147 311 0
192 308 0
142 285 0
186 309 0
102 296 0
177 314 0
109 283 0
95 296 0
190 305 0
152 309 0
145 304 0
105 282 0
161 284 0
153 272 0
110 288 0
154 300 0
107 287 0
120 301 0
152 269 0
103 290 0
137 281 0
160 294 0
173 301 0
154 278 0
121 291 0
142 268 0
132 289 0
118 296 0
187 306 0
172 305 0
99 311 0
181 313 0
120 282 0
104 290 0
110 300 0
182 295 0
114 297 0
176 294 0
191 309 0
184 297 0
148 283 0
120 284 0
156 302 0
185 299 0
176 314 0
174 303 0
153 309 0
135 311 0
138 314 0
164 291 0
163 289 0
153 292 0
161 280 0
169 279 0
101 312 0
179 297 0
162 282 0
114 284 0
145 309 0
167 288 0
132 282 0
172 301 0
166 287 0
150 266 0
124 297 0
94 302 0
132 290 0
166 281 0
158 311 0
174 293 0
159 314 0
152 270 0
100 274 0
97 296 0
171 290 0
100 304 0
141 305 0
158 293 0
124 284 0
191 310 0
182 311 0
104 314 0
157 296 0
119 312 0
88 313 0
149 292 0
165 287 0
126 275 0
187 299 0
139 282 0
100 289 0
170 295 0
178 298 0
130 301 0
141 311 0
129 297 0
163 315 0
174 314 0
143 268 0
129 315 0
140 311 0
101 298 0
148 268 0
99 300 0
143 277 0
106 289 0
155 288 0
94 307 0
93 303 0
124 280 0
159 280 0
140 280 0
165 288 0
120 309 0
111 297 0
151 288 0
150 299 0
175 286 0
101 300 0
144 283 0
145 267 0
133 282 0
167 309 0
164 290 0
163 313 0
180 312 0
183 315 0
121 302 0
182 299 0
147 293 0
171 289 0
172 295 0
138 277 0
135 287 0
133 286 0
99 301 0
123 304 0
165 286 0
92 308 0
100 303 0
131 314 0
153 293 0
140 315 0
122 297 0
162 289 0
185 304 0
202 313 0
141 277 0
135 282 0
135 306 0
147 266 0
109 312 0
152 278 0
125 288 0
162 281 0
132 272 0
170 303 0
136 281 0
176 288 0
184 312 0
165 279 0
176 286 0
181 293 0
169 302 0
108 294 0
179 313 0
122 286 0
153 300 0
161 301 0
179 292 0
185 312 0
103 272 0
174 296 0
116 309 0
158 313 0
137 284 0
135 270 0
119 282 0
98 309 0
161 276 0
174 295 0
95 304 0
185 306 0
176 287 0
276 315 0
175 284 0
132 292 0
191 304 0
146 271 0
179 307 0
112 310 0
93 309 0
168 281 0
146 307 0
165 305 0
149 278 0
174 283 0
107 289 0
161 298 0
101 274 0
157 299 0
160 297 0
173 289 0
131 312 0
155 293 0
168 311 0
179 298 0
172 306 0
131 280 0
168 278 0
173 285 0
132 279 0
156 291 0
133 303 0
171 308 0
193 312 0
179 291 0
173 286 0
165 304 0
157 280 0
114 310 0
182 301 0
93 307 0
161 293 0
176 303 0
155 287 0
156 299 0
161 303 0
192 314 0
169 281 0
125 314 0
158 297 0
188 305 0
170 279 0
192 312 0
162 300 0
160 275 0
182 307 0
133 309 0
166 283 0
189 298 0
195 311 0
138 302 0
156 300 0
101 309 0
145 306 0
181 298 0
167 307 0
116 275 0
104 283 0
103 313 0
170 282 0
133 299 0
125 282 0
145 310 0
170 300 0
170 285 0
147 285 0
190 314 0
99 303 0
121 314 0
108 307 0
167 299 0
140 287 0
159 301 0
170 287 0
151 282 0
150 293 0
142 304 0
172 287 0
174 288 0
151 283 0
170 280 0
124 310 0
116 289 0
173 302 0
171 306 0
114 311 0
174 289 0
110 305 0
131 296 0
174 304 0
164 315 0
160 290 0
134 300 0
169 298 0
110 301 0
155 312 0
93 314 0
139 313 0
88 312 0
143 290 0
168 313 0
171 286 0
172 302 0
163 276 0
140 284 0
153 305 0
144 292 0
169 287 0
115 283 0
179 295 0
201 308 0
133 313 0
177 291 0
109 292 0
178 286 0
114 290 0
150 268 0
148 313 0
131 307 0
187 300 0
161 282 0
139 314 0
102 314 0
177 296 0
94 305 0
164 310 0
118 311 0
154 291 0
180 296 0
156 315 0
116 297 0
121 288 0
170 294 0
102 303 0
183 293 0
185 300 0
168 295 0
144 275 0
156 295 0
158 283 0
163 297 0
105 299 0
199 314 0
159 298 0
138 282 0
98 300 0
165 307 0
140 282 0
156 282 0
195 304 0
170 302 0
114 304 0
184 300 0
94 308 0
171 309 0
143 306 0
111 313 0
179 289 0
108 281 0
195 306 0
169 290 0
152 279 0
99 293 0
152 267 0
130 299 0
130 297 0
193 309 0
114 298 0
162 297 0
106 288 0
141 282 0
168 289 0
105 308 0
175 301 0
90 283 0
178 306 0
154 296 0
180 313 0
175 292 0
167 311 0
150 286 0
154 277 0
160 301 0
157 281 0
99 304 0
139 290 0
140 307 0
154 280 0
128 285 0
99 310 0
105 311 0
165 275 0
112 314 0
156 270 0
175 313 0
115 285 0
119 315 0
160 300 0
95 301 0
94 303 0
102 289 0
140 294 0
120 302 0
156 314 0
166 315 0
0 292 0
159 297 0
134 270 0
179 311 0
132 303 0
114 293 0
178 296 0
160 293 0
174 313 0
101 282 0
172 304 0
93 282 0
158 288 0
131 304 0
166 302 0
162 305 0
134 315 0
103 286 0
151 304 0
122 311 0
154 279 0
109 301 0
80 315 0
189 302 0
109 314 0
122 312 0
94 311 0
144 291 0
161 297 0
120 299 0
119 308 0
184 311 0
146 279 0
113 291 0
192 303 0
99 306 0
186 306 0
114 283 0
127 283 0
168 282 0
120 296 0
116 294 0
104 288 0
114 312 0
120 283 0
143 307 0
118 298 0
102 291 0
200 314 0
153 297 0
161 279 0
125 285 0
148 299 0
125 281 0
118 306 0
104 287 0
110 281 0
170 313 0
171 285 0
135 315 0
147 315 0
123 310 0
142 273 0
183 298 0
151 279 0
171 300 0
180 292 0
169 283 0
115 301 0
111 298 0
105 302 0
132 277 0
139 265 0
107 288 0
108 288 0
102 282 0
121 313 0
106 287 0
135 281 0
135 296 0
188 297 0
125 300 0
136 285 0
141 313 0
140 272 0
102 288 0
150 276 0
111 312 0
108 293 0
137 274 0
115 287 0
151 305 0
98 313 0
104 291 0
107 291 0
99 302 0
194 308 0
138 305 0
147 306 0
142 301 0
93 304 0
93 274 0
123 290 0
94 274 0
148 300 0
146 284 0
125 303 0
113 299 0
122 283 0
166 299 0
152 305 0
111 295 0
159 305 0
183 302 0
134 310 0
114 314 0
135 279 0
186 310 0
191 308 0
190 308 0
101 304 0
157 291 0
89 310 0
164 305 0
106 306 0
127 290 0
151 309 0
165 308 0
191 305 0
114 313 0
162 306 0
151 298 0
118 290 0
115 288 0
161 290 0
128 311 0
182 304 0
164 309 0
136 276 0
131 293 0
162 287 0
195 312 0
123 276 0
195 309 0
111 283 0
128 292 0
187 309 0
130 276 0
108 284 0
119 288 0
102 309 0
134 280 0
135 271 0
159 274 0
170 310 0
116 308 0
117 302 0
107 292 0
126 287 0
177 288 0
123 301 0
141 281 0
117 285 0
105 286 0
156 275 0
143 271 0
166 295 0
144 278 0
145 286 0
112 297 0
155 279 0
171 312 0
131 299 0
196 307 0
166 275 0
98 307 0
94 304 0
140 276 0
156 283 0
189 305 0
150 272 0
129 295 0
144 305 0
181 312 0
176 284 0
129 282 0
98 301 0
175 287 0
152 295 0
175 288 0
148 297 0
123 283 0
103 298 0
130 283 0
162 272 0
158 298 0
139 300 0
153 284 0
138 269 0
129 272 0
87 314 0
176 296 0
176 285 0
147 273 0
165 315 0
157 287 0
164 295 0
129 289 0
129 288 0
153 306 0
163 278 0
179 303 0
161 299 0
134 279 0
137 273 0
164 279 0
171 311 0
161 281 0
130 292 0
159 313 0
165 290 0
136 265 0
135 310 0
89 314 0
195 303 0
159 283 0
122 295 0
135 301 0
140 265 0
141 271 0
154 295 0
134 304 0
176 293 0
167 310 0
141 266 0
141 284 0
90 314 0
161 295 0
174 312 0
116 276 0
169 315 0
122 313 0
152 284 0
134 265 0
151 294 0
159 291 0
114 296 0
92 313 0
166 292 0
153 270 0
137 315 0
109 284 0
120 313 0
149 303 0
133 295 0
170 284 0
100 309 0
105 292 0
159 289 0
156 280 0
159 288 0
132 304 0
142 291 0
171 281 0
138 265 0
172 292 0
109 311 0
147 304 0
100 310 0
141 312 0
173 310 0
178 289 0
185 303 0
124 298 0
121 308 0
176 304 0
103 284 0
148 290 0
160 283 0
194 311 0
137 294 0
165 298 0
165 291 0
170 312 0
198 312 0
140 298 0
115 304 0
110 312 0
173 299 0
177 315 0
133 315 0
190 301 0
184 299 0
137 282 0
158 281 0
142 296 0
155 310 0
118 302 0
119 313 0
190 307 0
138 315 0
110 313 0
128 279 0
164 280 0
150 295 0
162 314 0
186 303 0
161 315 0
180 295 0
120 312 0
193 311 0
168 314 0
103 299 0
103 309 0
147 295 0
101 276 0
168 285 0
186 304 0
159 290 0
151 290 0
112 306 0
122 308 0
124 287 0
144 306 0
162 307 0
138 280 0
169 289 0
103 296 0
119 306 0
147 278 0
185 296 0
184 315 0
188 313 0
155 302 0
183 304 0
162 275 0
125 278 0
116 304 0
114 282 0
152 308 0
182 298 0
113 288 0
197 309 0
136 266 0
167 293 0
131 269 0
94 291 0
155 295 0
155 313 0
165 276 0
154 315 0
125 299 0
157 292 0
119 277 0
112 300 0
159 294 0
122 302 0
142 267 0
124 286 0
155 269 0
158 284 0
155 305 0
160 278 0
146 277 0
156 292 0
197 312 0
166 288 0
124 303 0
157 300 0
115 305 0
161 278 0
119 311 0
143 291 0
170 306 0
102 313 0
176 313 0
179 314 0
183 308 0
135 278 0
158 294 0
129 286 0
132 309 0
143 275 0
102 292 0
157 294 0
97 307 0
131 315 0
163 304 0
110 283 0
176 311 0
124 300 0
126 302 0
143 288 0
175 290 0
176 299 0
159 278 0
122 305 0
130 279 0
131 283 0
167 296 0
167 283 0
149 267 0
186 298 0
185 298 0
109 294 0
160 295 0
136 303 0
161 309 0
111 303 0
114 305 0
153 315 0
176 297 0
138 279 0
196 310 0
153 281 0
99 307 0
139 284 0
143 292 0
181 304 0
151 267 0
165 299 0
158 314 0
178 312 0
131 310 0
166 308 0
107 294 0
112 287 0
162 310 0
155 309 0
155 274 0
132 280 0
109 306 0
165 296 0
139 288 0
186 301 0
190 312 0
176 307 0
132 311 0
155 290 0
173 287 0
100 300 0
170 299 0
157 276 0
184 305 0
167 313 0
178 297 0
167 298 0
165 309 0
142 269 0
153 269 0
162 313 0
198 307 0
137 310 0
162 299 0
104 309 0
166 278 0
189 309 0
129 311 0
153 313 0
134 267 0
160 289 0
193 306 0
157 279 0
103 303 0
141 293 0
158 279 0
119 295 0
149 289 0
170 296 0
137 268 0
180 294 0
136 278 0
178 311 0
108 308 0
137 279 0
101 314 0
159 315 0
131 311 0
163 302 0
172 314 0
136 314 0
188 300 0
152 294 0
163 308 0
187 314 0
167 301 0
135 299 0
162 296 0
176 292 0
140 304 0
174 291 0
100 297 0
191 312 0
169 305 0
147 312 0
145 275 0
153 279 0
140 271 0
164 288 0
126 290 0
101 303 0
104 298 0
146 289 0
158 273 0
168 305 0
134 294 0
175 293 0
124 295 0
183 296 0
130 298 0
182 314 0
87 281 0
101 285 0
167 291 0
140 309 0
173 297 0
200 309 0
121 311 0
168 297 0
89 282 0
135 275 0
170 301 0
158 309 0
188 314 0
94 310 0
95 313 0
148 312 0
155 276 0
90 312 0
128 289 0
140 299 0
93 310 0
158 278 0
118 289 0
131 279 0
154 309 0
163 298 0
188 307 0
91 308 0
162 295 0
143 304 0
153 296 0
109 293 0
113 292 0
315 281 0
165 282 0
163 290 0
156 307 0
129 310 0
147 307 0
120 311 0
132 302 0
162 315 0
153 276 0
149 315 0
179 296 0
171 294 0
183 300 0
160 281 0
172 293 0
131 295 0
149 274 0
153 302 0
135 272 0
171 295 0
152 288 0
164 273 0
124 311 0
150 288 0
137 289 0
123 299 0
155 273 0
174 292 0
165 293 0
154 302 0
130 289 0
112 291 0
113 304 0
111 300 0
166 314 0
154 305 0
138 309 0
126 277 0
99 297 0
156 276 0
140 308 0
160 314 0
108 287 0
171 315 0
121 296 0
151 286 0
159 311 0
154 293 0
165 285 0
179 299 0
156 294 0
175 308 0
139 308 0
153 310 0
113 294 0
146 292 0
148 296 0
123 315 0
159 281 0
156 279 0
90 276 0
111 311 0
155 296 0
155 294 0
118 281 0
158 303 0
173 292 0
162 309 0
147 294 0
153 282 0
140 288 0
175 295 0
133 293 0
173 296 0
160 280 0
132 297 0
133 288 0
102 312 0
145 283 0
160 310 0
152 280 0
106 282 0
149 271 0
151 312 0
132 305 0
159 306 0
139 287 0
154 312 0
130 311 0
149 307 0
101 305 0
178 305 0
137 277 0
121 287 0
178 315 0
135 268 0
164 277 0
125 296 0
177 297 0
173 315 0
153 311 0
94 278 0
130 285 0
180 299 0
148 288 0
101 299 0
137 270 0
149 298 0
152 273 0
117 279 0
165 281 0
194 309 0
178 294 0
136 268 0
172 286 0
157 315 0
170 315 0
168 283 0
166 310 0
161 291 0
173 311 0
155 280 0
178 290 0
171 298 0
177 311 0
167 303 0
174 284 0
100 291 0
115 282 0
155 275 0
146 300 0
181 296 0
114 288 0
92 274 0
189 307 0
182 300 0
191 301 0
188 298 0
143 273 0
172 284 0
126 293 0
159 275 0
97 311 0
198 308 0
156 305 0
195 308 0
131 276 0
113 296 0
164 306 0
190 310 0
184 303 0
104 305 0
153 283 0
179 302 0
134 266 0
180 289 0
151 268 0
164 298 0
154 294 0
131 305 0
199 313 0
147 284 0
174 300 0
135 290 0
103 288 0
112 284 0
158 308 0
113 310 0
155 298 0
146 314 0
173 284 0
145 314 0
147 297 0
172 303 0
157 278 0
108 292 0
157 308 0
171 314 0
158 315 0
158 292 0
138 308 0
127 278 0
141 291 0
95 311 0
181 290 0
175 302 0
189 312 0
130 291 0
142 278 0
147 283 0
197 311 0
126 273 0
159 308 0
172 307 0
94 296 0
134 299 0
236 315 0
147 267 0
157 311 0
153 273 0
105 281 0
167 281 0
185 305 0
149 309 0
168 309 0
177 295 0
156 273 0
134 311 0
163 306 0
155 304 0
196 309 0
140 275 0
162 273 0
150 301 0
93 312 0
183 301 0
141 267 0
315 185 0
185 293 0
182 309 0
159 282 0
130 313 0
138 272 0
117 280 0
160 276 0
139 315 0
134 295 0
263 0 0
140 270 0
163 311 0
151 270 0
148 311 0
94 272 0
176 289 0
97 315 0
177 292 0
177 310 0
176 312 0
154 284 0
161 275 0
158 274 0
141 315 0
103 314 0
129 312 0
137 285 0
155 272 0
106 300 0
182 315 0
127 280 0
161 311 0
167 290 0
104 311 0
138 264 0
160 302 0
153 298 0
179 293 0
96 314 0
159 295 0
194 313 0
153 312 0
124 281 0
137 308 0
169 313 0
103 289 0
155 311 0
162 311 0
157 303 0
134 306 0
145 281 0
192 306 0
185 310 0
113 306 0
155 283 0
106 291 0
148 295 0
172 300 0
155 307 0
158 272 0
154 269 0
165 297 0
101 310 0
172 312 0
108 283 0
165 283 0
127 293 0
156 289 0
96 300 0
149 313 0
141 287 0
131 292 0
186 308 0
176 298 0
175 307 0
164 292 0
33 315 0
156 312 0
188 312 0
168 284 0
168 298 0
106 285 0
182 313 0
152 311 0
158 280 0
154 282 0
200 313 0
127 279 0
142 309 0
172 294 0
112 312 0
177 293 0
171 304 0
178 293 0
180 288 0
119 286 0
155 308 0
118 304 0
109 310 0
156 308 0
140 302 0
180 302 0
172 281 0
160 315 0
155 291 0
174 299 0
99 282 0
143 293 0
174 305 0
176 306 0
138 286 0
102 310 0
187 313 0
102 297 0
115 306 0
161 304 0
139 312 0
167 294 0
146 294 0
157 298 0
155 299 0
94 312 0
182 296 0
135 280 0
197 313 0
150 309 0
164 300 0
138 283 0
105 274 0
133 289 0
158 307 0
136 288 0
114 289 0
145 301 0
178 302 0
179 301 0
93 298 0
158 271 0
196 313 0
161 277 0
171 284 0
160 274 0
194 304 0
106 286 0
161 313 0
147 303 0
126 311 0
146 301 0
152 282 0
164 312 0
115 310 0
151 307 0
185 301 0
98 305 0
138 303 0
173 313 0
133 279 0
161 285 0
147 305 0
133 301 0
170 292 0
164 304 0
147 288 0
146 298 0
161 307 0
178 292 0
149 282 0
137 305 0
158 277 0
152 292 0
131 289 0
201 312 0
168 280 0
180 290 0
179 294 0
156 281 0
188 296 0
154 314 0
146 266 0
101 290 0
91 273 0
113 281 0
103 305 0
181 303 0
122 315 0
172 285 0
166 312 0
173 314 0
106 283 0
165 302 0
125 294 0
119 280 0
151 287 0
110 308 0
91 313 0
112 299 0
167 302 0
145 293 0
161 292 0
133 285 0
133 270 0
159 304 0
104 302 0
142 287 0
116 284 0
177 290 0
126 297 0
132 275 0
128 287 0
108 285 0
102 298 0
134 273 0
115 296 0
173 304 0
135 289 0
142 293 0
178 287 0
144 295 0
161 300 0
158 312 0
144 290 0
129 300 0
150 294 0
178 291 0
95 278 0
155 284 0
117 314 0
166 280 0
137 287 0
105 297 0
134 289 0
141 285 0
145 305 0
176 310 0
113 303 0
184 314 0
163 279 0
126 295 0
164 311 0
120 310 0
131 275 0
151 315 0
107 311 0
168 288 0
132 288 0
183 299 0
186 314 0
96 302 0
117 291 0
119 283 0
111 306 0
162 280 0
176 308 0
161 296 0
154 292 0
133 287 0
139 291 0
98 314 0
103 302 0
146 315 0
134 296 0
133 273 0
156 304 0
153 299 0
160 287 0
134 287 0
148 291 0
99 309 0
139 268 0
123 308 0
141 301 0
174 285 0
100 292 0
184 301 0
154 281 0
182 290 0
101 289 0
182 303 0
151 269 0
166 297 0
165 278 0
157 288 0
149 308 0
161 288 0
176 302 0
128 310 0
113 300 0
152 286 0
102 308 0
118 295 0
175 304 0
186 302 0
127 282 0
131 287 0
162 274 0
171 303 0
169 285 0
187 305 0
152 304 0
186 311 0
174 290 0
156 288 0
132 269 0
134 275 0
143 282 0
104 301 0
174 297 0
153 278 0
108 276 0
174 286 0
185 314 0
162 288 0
151 277 0
133 312 0
107 303 0
160 309 0
170 286 0
147 301 0
166 313 0
155 314 0
153 303 0
151 301 0
136 269 0
93 313 0
131 306 0
164 301 0
122 306 0
116 290 0
178 301 0
136 275 0
135 273 0
104 299 0
121 309 0
150 277 0
120 306 0
116 307 0
148 272 0
101 275 0
111 280 0
164 285 0
157 309 0
171 299 0
181 292 0
186 297 0
180 308 0
103 297 0
110 284 0
127 291 0
137 299 0
160 306 0
174 287 0
157 307 0
167 314 0
123 305 0
183 306 0
110 292 0
136 306 0
187 307 0
100 311 0
138 267 0
175 296 0
185 313 0
202 314 0
158 306 0
121 310 0
167 279 0
175 305 0
154 306 0
181 291 0
169 284 0
189 306 0
129 293 0
138 289 0
130 306 0
95 277 0
151 278 0
165 301 0
103 300 0
198 309 0
150 310 0
136 289 0
106 299 0
137 288 0
174 309 0
175 289 0
110 303 0
160 277 0
96 312 0
115 300 0
155 281 0
112 282 0
135 312 0
182 305 0
188 299 0
177 298 0
154 298 0
138 275 0
169 310 0
191 307 0
158 301 0
177 301 0
152 296 0
100 284 0
103 301 0
171 310 0
177 305 0
137 276 0
166 309 0
187 308 0
165 313 0
98 306 0
152 301 0
115 297 0
181 308 0
153 271 0
157 271 0
114 307 0
169 286 0
121 304 0
100 288 0
150 298 0
160 291 0
157 273 0
180 305 0
135 277 0
125 311 0
151 303 0
176 290 0
171 287 0
102 307 0
95 285 0
192 309 0
105 306 0
159 279 0
174 310 0
134 312 0
165 303 0
177 302 0
138 292 0
166 279 0
167 315 0
142 272 0
168 291 0
93 308 0
159 299 0
137 275 0
141 308 0
127 288 0
150 300 0
182 302 0
161 312 0
148 310 0
163 293 0
93 305 0
161 308 0
150 280 0
109 290 0
147 308 0
176 300 0
176 315 0
170 293 0
123 297 0
99 280 0
181 305 0
106 294 0
156 311 0
175 315 0
101 307 0
123 291 0
179 309 0
122 310 0
97 314 0
139 286 0
168 286 0
181 300 0
140 314 0
101 287 0
155 315 0
167 306 0
172 297 0
143 299 0
149 281 0
119 304 0
175 285 0
164 307 0
172 290 0
175 298 0
159 310 0
177 309 0
180 298 0
174 311 0
128 312 0
121 306 0
128 300 0
134 288 0
150 291 0
158 310 0
147 314 0
171 302 0
92 282 0
143 287 0
107 285 0
172 289 0
145 287 0
168 302 0
169 278 0
171 305 0
173 291 0
181 302 0
107 299 0
105 287 0
167 278 0
164 296 0
194 306 0
167 297 0
117 289 0
149 302 0
155 292 0
131 284 0
111 304 0
96 308 0
181 315 0
144 267 0
125 276 0
196 306 0
149 312 0
201 314 0
159 296 0
174 308 0
194 312 0
144 288 0
155 306 0
106 273 0
177 289 0
199 312 0
151 274 0
155 300 0
129 299 0
193 305 0
152 277 0
188 309 0
127 303 0
174 306 0
0 271 0
143 311 0
178 314 0
162 276 0
172 315 0
132 273 0
106 310 0
147 296 0
139 292 0
188 310 0
135 303 0
155 277 0
158 302 0
97 310 0
145 288 0
125 301 0
144 287 0
141 276 0
155 303 0
193 310 0
107 305 0
119 276 0
123 295 0
168 307 0
131 302 0
141 292 0
148 286 0
173 300 0
153 285 0
145 282 0
92 304 0
109 302 0
175 311 0
155 271 0
135 288 0
179 315 0
142 279 0
176 291 0
177 287 0
159 292 0
174 301 0
147 309 0
159 276 0
100 306 0
155 301 0
119 310 0
158 304 0
163 301 0
151 291 0
118 310 0
142 303 0
115 298 0
153 268 0
136 294 0
135 266 0
187 312 0
129 279 0
170 311 0
176 305 0
171 292 0
170 291 0
128 291 0
184 293 0
172 309 0
157 305 0
116 279 0
200 312 0
107 309 0
106 292 0
170 298 0
107 295 0
103 275 0
102 299 0
97 300 0
139 311 0
89 312 0
135 284 0
145 313 0
172 291 0
139 283 0
150 273 0
135 305 0
141 288 0
136 267 0
139 297 0
187 303 0
192 304 0
104 297 0
202 310 0
94 273 0
195 314 0
103 291 0
151 280 0
184 296 0
164 302 0
153 274 0
156 278 0
152 268 0
165 280 0
199 311 0
162 277 0
198 314 0
164 278 0
89 280 0
138 310 0
157 285 0
165 312 0
159 307 0
164 313 0
183 314 0
99 275 0
173 303 0
105 304 0
102 294 0
160 308 0
106 303 0
97 286 0
157 310 0
127 297 0
163 312 0
190 306 0
141 304 0
165 310 0
191 300 0
175 299 0
154 304 0
110 310 0
95 284 0
166 300 0
180 311 0
150 296 0
133 292 0
134 272 0
138 301 0
171 291 0
163 277 0
151 284 0
162 301 0
143 310 0
116 310 0
131 309 0
117 278 0
124 307 0
169 294 0
108 290 0
154 272 0
133 268 0
161 306 0
91 310 0
152 272 0
166 277 0
148 315 0
100 294 0
126 308 0
142 276 0
159 293 0
132 308 0
154 274 0
144 289 0
116 305 0
129 274 0
155 282 0
97 308 0
180 306 0
130 274 0
177 304 0
132 274 0
126 300 0
100 301 0
127 314 0
100 299 0
144 293 0
167 280 0
148 298 0
194 307 0
129 308 0
109 286 0
169 304 0
115 290 0
128 288 0
164 293 0
135 285 0
142 266 0
103 310 0
139 271 0
153 275 0
164 284 0
139 293 0
154 297 0
160 312 0
118 308 0
175 309 0
137 301 0
106 301 0
102 305 0
159 287 0
0 274 0
148 277 0
110 291 0
138 290 0
98 311 0
180 303 0
137 297 0
194 303 0
105 303 0
115 295 0
118 309 0
88 280 0
161 274 0
138 274 0
155 297 0
154 313 0
179 308 0
150 315 0
150 303 0
162 302 0
124 278 0
123 278 0
118 277 0
102 300 0
117 292 0
149 314 0
122 280 0
95 312 0
123 279 0
183 305 0
154 311 0
136 299 0
192 310 0
172 299 0
168 303 0
96 313 0
108 314 0
106 296 0
125 295 0
111 286 0
173 307 0
130 300 0
137 292 0
143 315 0
146 272 0
188 302 0
129 302 0
145 271 0
145 299 0
157 297 0
107 312 0
156 297 0
141 272 0
160 296 0
156 298 0
173 312 0
102 306 0
141 274 0
152 312 0
173 282 0
158 295 0
116 296 0
179 304 0
183 310 0
135 308 0
166 289 0
105 290 0
106 302 0
146 273 0
120 280 0
148 273 0
185 297 0
120 277 0
169 301 0
123 277 0
146 308 0
141 300 0
151 285 0
118 294 0
144 303 0
148 285 0
137 298 0
166 304 0
122 291 0
122 279 0
141 289 0
152 285 0
113 293 0
152 287 0
99 299 0
164 274 0
102 302 0
138 294 0
92 280 0
158 290 0
149 284 0
96 282 0
140 285 0
190 299 0
95 303 0
136 272 0
175 303 0
136 287 0
102 275 0
197 314 0
112 286 0
149 275 0
170 283 0
159 312 0
187 302 0
150 312 0
146 270 0
124 282 0
121 283 0
184 313 0
112 305 0
187 310 0
90 278 0
137 303 0
171 301 0
136 309 0
126 315 0
107 284 0
182 293 0
187 297 0
175 294 0
121 303 0
122 309 0
126 309 0
113 298 0
138 276 0
189 301 0
133 311 0
124 306 0
171 296 0
154 275 0
136 273 0
130 281 0
176 309 0
148 267 0
166 290 0
95 310 0
128 276 0
149 269 0
150 285 0
150 269 0
90 311 0
198 310 0
113 283 0
134 308 0
134 305 0
154 290 0
110 285 0
131 277 0
184 298 0
103 304 0
198 311 0
125 307 0
132 267 0
140 263 0
96 277 0
139 269 0
174 294 0
153 294 0
142 270 0
120 314 0
122 284 0
160 303 0
195 313 0
177 286 0
136 277 0
137 283 0
166 282 0
200 310 0
95 307 0
159 285 0
141 310 0
139 301 0
101 308 0
140 283 0
163 275 0
145 289 0
167 312 0
162 308 0
191 311 0
150 289 0
141 283 0
91 280 0
150 284 0
150 270 0
155 285 0
90 309 0
145 272 0
188 303 0
148 281 0
156 286 0
153 286 0
159 303 0
146 267 0
147 310 0
148 266 0
173 298 0
126 278 0
145 266 0
166 311 0
134 286 0
101 292 0
134 276 0
135 276 0
157 313 0
169 280 0
141 275 0
178 309 0
139 294 0
131 288 0
173 295 0
128 301 0
139 307 0
106 312 0
120 281 0
196 311 0
156 303 0
141 303 0
113 312 0
131 270 0
136 286 0
164 281 0
190 304 0
185 294 0
115 308 0
190 300 0
129 301 0
116 301 0
180 304 0
137 265 0
108 302 0
166 303 0
145 294 0
186 295 0
177 308 0
177 307 0
175 314 0
117 306 0
170 309 0
157 275 0
120 315 0
129 285 0
168 294 0
116 298 0
167 308 0
163 303 0
121 284 0
125 284 0
126 314 0
149 268 0
124 296 0
126 284 0
154 307 0
132 286 0
169 282 0
124 289 0
190 309 0
133 276 0
130 315 0
144 296 0
119 293 0
119 292 0
117 294 0
100 314 0
147 286 0
178 303 0
174 315 0
199 309 0
146 297 0
145 274 0
111 287 0
147 298 0
149 287 0
186 299 0
162 298 0
156 313 0
180 293 0
140 286 0
168 304 0
167 289 0
130 303 0
162 291 0
136 300 0
116 295 0
142 306 0
173 305 0
196 308 0
187 301 0
162 278 0
154 308 0
147 281 0
105 309 0
182 306 0
118 307 0
196 312 0
150 287 0
127 306 0
180 300 0
114 301 0
112 304 0
158 296 0
157 286 0
197 310 0
144 269 0
96 275 0
183 313 0
134 298 0
120 305 0
118 314 0
137 290 0
106 309 0
163 292 0
184 302 0
94 293 0
90 280 0
142 283 0
100 298 0
124 283 0
102 280 0
104 278 0
171 283 0
156 277 0
105 300 0
121 276 0
102 286 0
121 312 0
117 293 0
143 264 0
128 272 0
128 280 0
131 273 0
200 311 0
201 311 0
105 288 0
183 303 0
100 305 0
190 313 0
127 298 0
160 311 0
160 313 0
143 313 0
127 302 0
182 312 0
128 281 0
148 293 0
179 288 0
142 315 0
149 288 0
152 310 0
105 313 0
177 312 0
170 297 0
131 303 0
169 303 0
131 274 0
127 315 0
136 284 0
109 295 0
143 296 0
145 297 0
161 283 0
142 311 0
145 290 0
167 292 0
104 273 0
141 264 0
126 283 0
115 280 0
103 277 0
119 301 0
147 276 0
145 292 0
128 283 0
121 277 0
122 277 0
159 302 0
159 277 0
186 296 0
183 295 0
128 308 0
145 296 0
175 297 0
148 314 0
183 309 0
139 310 0
147 270 0
139 276 0
165 306 0
157 295 0
141 290 0
96 273 0
104 277 0
182 294 0
141 269 0
147 291 0
177 299 0
150 305 0
178 295 0
157 293 0
143 278 0
169 293 0
166 306 0
119 279 0
163 305 0
105 294 0
151 276 0
96 311 0
127 284 0
189 311 0
126 279 0
184 304 0
97 301 0
96 274 0
188 308 0
134 285 0
101 280 0
123 282 0
130 286 0
129 284 0
150 281 0
144 294 0
129 281 0
193 303 0
176 301 0
129 283 0
140 278 0
127 272 0
153 304 0
141 279 0
184 295 0
111 290 0
134 283 0
108 312 0
128 282 0
126 282 0
137 293 0
95 308 0
117 281 0
105 273 0
97 298 0
160 284 0
159 270 0
104 274 0
108 273 0
154 276 0
159 300 0
120 278 0
131 285 0
107 313 0
164 299 0
177 313 0
181 314 0
175 291 0
160 304 0
179 290 0
158 287 0
166 307 0
108 310 0
147 302 0
158 275 0
193 313 0
121 279 0
122 278 0
119 299 0
111 293 0
125 283 0
101 291 0
147 292 0
178 307 0
138 306 0
152 307 0
103 274 0
135 298 0
138 287 0
169 307 0
140 291 0
149 304 0
170 290 0
93 277 0
170 304 0
103 312 0
139 302 0
130 308 0
143 305 0
127 281 0
181 299 0
167 305 0
149 270 0
185 295 0
134 271 0
140 279 0
102 290 0
164 297 0
139 278 0
138 288 0
140 277 0
186 307 0
126 303 0
113 276 0
125 312 0
96 307 0
111 275 0
130 288 0
117 275 0
104 293 0
109 274 0
161 302 0
95 274 0
167 277 0
187 304 0
185 302 0
188 304 0
111 296 0
98 273 0
147 271 0
110 299 0
101 288 0
193 314 0
112 289 0
144 315 0
105 305 0
168 290 0
150 311 0
187 296 0
178 288 0
161 314 0
163 310 0
153 307 0
174 302 0
143 276 0
123 288 0
148 307 0
152 289 0
138 273 0
173 309 0
164 303 0
165 274 0
148 294 0
182 310 0
100 275 0
164 275 0
93 291 0
130 310 0
108 311 0
150 308 0
162 292 0
108 299 0
115 314 0
148 308 0
107 310 0
124 308 0
162 279 0
168 310 0
129 277 0
176 295 0
177 303 0
104 300 0
98 274 0
153 308 0
102 274 0
180 314 0
121 278 0
91 314 0
162 304 0
164 276 0
98 308 0
107 274 0
135 274 0
158 300 0
87 280 0
107 273 0
144 280 0
148 287 0
167 276 0
184 309 0
106 272 0
150 275 0
133 267 0
120 285 0
145 277 0
163 296 0
144 311 0
151 275 0
102 304 0
95 283 0
104 276 0
99 274 0
120 300 0
105 310 0
158 299 0
97 273 0
175 312 0
123 314 0
100 308 0
147 272 0
123 303 0
140 312 0
94 314 0
128 274 0
168 301 0
150 278 0
92 307 0
139 303 0
104 275 0
140 303 0
139 277 0
139 281 0
185 307 0
165 295 0
92 293 0
153 291 0
161 287 0
132 314 0
110 282 0
137 291 0
156 284 0
135 292 0
137 269 0
162 294 0
136 310 0
105 276 0
163 294 0
125 315 0
152 271 0
189 304 0
164 287 0
189 313 0
136 297 0
146 278 0
163 274 0
99 308 0
164 294 0
122 300 0
94 297 0
106 313 0
159 309 0
125 289 0
143 266 0
143 312 0
151 293 0
165 294 0
143 297 0
166 286 0
103 273 0
102 273 0
127 275 0
146 285 0
105 272 0
101 301 0
103 276 0
135 269 0
160 273 0
159 272 0
149 294 0
106 274 0
114 281 0
98 282 0
184 306 0
161 273 0
150 267 0
148 305 0
157 290 0
152 275 0
127 295 0
191 314 0
91 284 0
174 298 0
157 312 0
170 281 0
156 290 0
102 276 0
131 298 0
127 309 0
112 301 0
185 311 0
141 297 0
181 301 0
166 298 0
136 315 0
170 307 0
169 295 0
144 312 0
141 296 0
167 304 0
104 303 0
194 314 0
130 304 0
157 272 0
166 305 0
94 275 0
100 307 0
156 271 0
163 281 0
135 283 0
147 268 0
135 265 0
162 290 0
93 273 0
92 277 0
91 274 0
125 297 0
161 271 0
169 297 0
169 309 0
146 312 0
132 315 0
171 282 0
149 272 0
121 282 0
122 303 0
96 278 0
181 295 0
158 276 0
154 285 0
96 279 0
167 285 0
152 293 0
137 264 0
129 275 0
126 274 0
141 265 0
157 270 0
140 310 0
124 312 0
195 305 0
130 275 0
135 267 0
141 314 0
108 313 0
149 293 0
172 282 0
140 264 0
160 305 0
168 315 0
165 314 0
133 266 0
150 302 0
192 313 0
120 279 0
0 177 0
169 299 0
132 268 0
161 310 0
93 276 0
171 313 0
93 275 0
147 274 0
116 311 0
185 292 0
184 294 0
145 268 0
114 302 0
135 314 0
145 269 0
182 292 0
163 273 0
175 300 0
168 306 0
93 311 0
144 271 0
145 303 0
128 303 0
161 289 0
169 300 0
184 292 0
137 312 0
96 306 0
128 297 0
182 297 0
137 313 0
160 272 0
135 297 0
139 304 0
149 301 0
95 275 0
114 308 0
172 296 0
110 314 0
95 273 0
141 299 0
155 286 0
160 271 0
124 294 0
181 307 0
91 312 0
90 282 0
133 297 0
180 301 0
175 310 0
150 304 0
169 296 0
186 294 0
109 287 0
183 294 0
102 311 0
98 310 0
168 279 0
111 299 0
169 292 0
144 297 0
177 294 0
139 275 0
99 294 0
199 310 0
138 298 0
125 277 0
169 311 0
111 301 0
146 309 0
180 291 0
183 292 0
94 301 0
182 291 0
192 302 0
127 274 0
152 313 0
138 297 0
148 302 0
133 294 0
141 278 0
96 276 0
154 283 0
173 293 0
124 315 0
151 311 0
128 273 0
198 313 0
126 289 0
104 286 0
130 293 0
169 312 0
128 315 0
129 305 0
159 273 0
92 273 0
127 300 0
128 299 0
110 315 0
110 302 0
152 302 0
133 275 0
152 274 0
97 274 0
116 278 0
89 281 0
89 283 0
149 277 0
180 309 0
107 290 0
107 293 0
102 301 0
158 291 0
162 312 0
163 295 0
144 308 0
126 299 0
172 310 0
109 298 0
177 306 0
171 293 0
105 289 0
105 291 0
98 312 0
144 298 0
105 301 0
168 312 0
111 314 0
139 309 0
121 299 0
104 272 0
139 266 0
92 283 0
183 312 0
184 308 0
144 304 0
183 291 0
201 313 0
133 308 0
171 307 0
154 310 0
91 283 0
94 309 0
112 298 0
163 282 0
110 298 0
128 293 0
157 274 0
113 301 0
106 314 0
140 289 0
190 302 0
173 283 0
142 288 0
136 313 0
140 292 0
135 313 0
177 300 0
146 293 0
139 296 0
169 314 0
166 276 0
168 277 0
156 301 0
106 295 0
152 315 0
165 277 0
126 307 0
129 271 0
178 310 0
146 286 0
117 313 0
131 291 0
173 294 0
133 281 0
148 289 0
166 301 0
143 289 0
99 312 0
188 311 0
140 300 0
134 284 0
154 303 0
98 299 0
134 309 0
148 276 0
101 313 0
181 294 0
179 300 0
91 282 0
93 295 0
160 286 0
94 300 0
121 297 0
168 293 0
116 286 0
191 306 0
149 311 0
157 301 0
149 273 0
194 310 0
146 287 0
157 282 0
153 301 0
189 314 0
97 306 0
173 290 0
127 305 0
125 298 0
116 303 0
154 301 0
173 288 0
171 288 0
138 268 0
138 313 0
146 283 0
147 287 0
142 290 0
151 300 0
186 313 0
154 270 0
90 281 0
91 281 0
92 281 0
315 217 0
124 309 0
137 280 0
92 291 0
138 266 0
139 267 0
96 305 0
140 267 0
170 288 0
121 305 0
153 295 0
113 290 0
181 306 0
149 305 0
142 305 0
109 300 0
101 283 0
151 308 0
144 285 0
184 310 0
135 286 0
149 285 0
112 308 0
167 282 0
151 306 0
165 289 0
142 310 0
157 314 0
147 275 0
94 281 0
163 286 0
96 303 0
132 284 0
116 280 0
120 294 0
106 284 0
150 279 0
103 285 0
143 308 0
124 301 0
157 304 0
156 296 0
156 272 0
129 313 0
119 284 0
98 294 0
140 269 0
142 292 0
140 268 0
136 292 0
190 303 0
163 309 0
94 306 0
140 290 0
136 293 0
113 308 0
115 309 0
122 292 0
186 312 0
102 293 0
162 285 0
139 273 0
141 306 0
103 306 0
113 289 0
137 314 0
93 281 0
140 297 0
110 289 0
143 285 0
142 274 0
103 293 0
139 264 0
103 295 0
90 310 0
188 306 0
185 309 0
172 313 0
99 279 0
152 299 0
180 297 0
135 295 0
153 280 0
163 280 0
151 271 0
138 299 0
132 287 0
155 278 0
108 289 0
179 310 0
134 282 0
105 285 0
122 282 0
126 298 0
191 302 0
163 300 0
144 300 0
141 268 0
0 198 0
0 257 0
0 81 0
0 256 0
36 0 0
105 315 0
38 315 0
315 36 0
0 36 0
147 0 0
0 21 0
89 315 0
0 143 0
315 192 0
0 13 0
0 286 0
0 188 0
66 315 0
13 0 0
0 174 0
0 181 0
315 42 0
315 37 0
311 315 0
0 51 0
39 315 0
231 315 0
0 130 0
145 0 0
83 315 0
315 266 0
315 1 0
0 235 0
315 129 0
315 174 0
0 173 0
0 203 0
0 172 0
0 302 0
0 171 0
315 312 0
201 315 0
0 138 0
133 0 0
315 314 0
60 315 0
37 0 0
0 159 0
0 92 0
42 0 0
96 315 0
315 43 0
315 258 0
0 132 0
0 314 0
307 0 0
59 0 0
99 0 0
0 134 0
309 0 0
0 176 0
260 315 0
139 0 0
0 47 0
48 315 0
0 209 0
308 0 0
0 313 0
0 240 0
296 315 0
59 315 0
313 0 0
0 89 0
32 0 0
12 0 0
161 0 0
34 0 0
315 32 0
2 315 0
0 32 0
315 175 0
142 0 0
0 39 0
113 0 0
44 0 0
0 33 0
86 315 0
47 315 0
315 124 0
53 315 0
315 113 0
0 54 0
0 281 0
10 315 0
286 0 0
271 0 0
0 276 0
117 315 0
0 280 0
143 0 0
0 79 0
315 45 0
131 0 0
315 52 0
92 0 0
18 315 0
95 315 0
0 44 0
36 315 0
315 46 0
315 26 0
25 0 0
288 315 0
301 0 0
217 315 0
55 315 0
0 140 0
8 315 0
315 231 0
167 0 0
0 236 0
0 109 0
0 139 0
26 0 0
231 0 0
0 219 0
216 315 0
315 308 0
0 108 0
0 234 0
21 315 0
27 0 0
315 145 0
315 253 0
0 127 0
315 298 0
0 97 0
0 61 0
0 91 0
315 27 0
290 315 0
315 97 0
31 0 0
0 258 0
0 26 0
134 0 0
51 315 0
248 315 0
0 2 0
315 236 0
0 237 0
8 0 0
315 143 0
0 16 0
0 17 0
3 315 0
146 0 0
0 98 0
15 0 0
315 17 0
315 268 0
0 312 0
0 270 0
170 0 0
267 315 0
98 0 0
0 307 0
14 0 0
0 214 0
310 315 0
315 136 0
252 0 0
83 0 0
293 315 0
291 315 0
0 224 0
79 0 0
93 0 0
315 262 0
0 238 0
315 119 0
0 180 0
314 0 0
50 315 0
315 5 0
315 273 0
4 0 0
0 15 0
315 131 0
0 42 0
315 182 0
93 315 0
315 181 0
249 0 0
315 64 0
0 175 0
0 155 0
315 99 0
315 178 0
315 81 0
0 289 0
64 0 0
315 130 0
127 0 0
101 0 0
65 0 0
315 65 0
175 0 0
0 67 0
315 211 0
0 90 0
315 101 0
315 166 0
56 0 0
0 168 0
0 66 0
24 0 0
0 167 0
34 315 0
35 315 0
0 106 0
54 0 0
263 315 0
306 0 0
98 315 0
0 169 0
0 119 0
180 315 0
49 315 0
310 0 0
0 166 0
103 0 0
315 22 0
91 0 0
0 65 0
45 0 0
0 253 0
315 150 0
315 73 0
315 159 0
162 0 0
315 269 0
265 0 0
315 23 0
23 0 0
315 54 0
315 35 0
35 0 0
0 205 0
0 22 0
232 0 0
0 35 0
65 315 0
104 0 0
315 305 0
25 315 0
52 0 0
255 0 0
0 141 0
315 118 0
254 0 0
240 315 0
64 315 0
230 315 0
0 100 0
168 0 0
259 0 0
0 285 0
315 56 0
315 92 0
0 23 0
315 230 0
274 315 0
0 151 0
315 183 0
106 0 0
61 0 0
315 21 0
23 315 0
0 220 0
1 0 0
315 40 0
0 264 0
5 0 0
315 104 0
0 295 0
0 200 0
11 0 0
153 0 0
50 0 0
44 315 0
117 0 0
11 315 0
215 315 0
27 315 0
2 0 0
0 267 0
315 106 0
0 163 0
0 43 0
0 284 0
315 311 0
315 63 0
0 296 0
293 0 0
270 315 0
315 11 0
130 0 0
315 57 0
0 37 0
315 289 0
111 0 0
287 315 0
84 0 0
184 0 0
279 0 0
239 315 0
295 315 0
251 315 0
120 0 0
210 315 0
315 280 0
169 0 0
277 315 0
228 315 0
68 0 0
307 315 0
152 0 0
278 0 0
4 315 0
262 0 0
280 0 0
315 180 0
315 144 0
0 126 0
207 315 0
29 315 0
200 315 0
0 191 0
315 147 0
235 315 0
315 138 0
284 315 0
0 299 0
229 0 0
315 154 0
315 146 0
0 160 0
0 20 0
0 213 0
315 155 0
21 0 0
0 57 0
280 315 0
315 244 0
315 245 0
57 315 0
0 110 0
315 121 0
247 0 0
100 315 0
222 0 0
0 261 0
0 247 0
315 295 0
48 0 0
297 0 0
0 179 0
219 0 0
315 278 0
315 223 0
227 315 0
0 187 0
185 0 0
196 315 0
195 0 0
315 209 0
273 315 0
315 108 0
63 0 0
208 0 0
53 0 0
16 315 0
0 12 0
43 0 0
0 58 0
0 63 0
315 285 0
315 59 0
315 215 0
315 94 0
271 315 0
158 0 0
111 315 0
230 0 0
67 315 0
305 315 0
315 290 0
0 14 0
315 232 0
315 201 0
235 0 0
192 315 0
82 315 0
0 122 0
119 0 0
315 85 0
315 25 0
315 197 0
268 0 0
0 86 0
292 0 0
0 59 0
0 311 0
0 308 0
0 114 0
0 157 0
78 0 0
0 225 0
0 244 0
0 215 0
304 0 0
315 208 0
267 0 0
76 315 0
315 210 0
220 0 0
0 243 0
0 223 0
0 293 0
123 0 0
86 0 0
234 0 0
195 315 0
228 0 0
315 163 0
12 315 0
315 279 0
315 167 0
315 4 0
0 154 0
315 14 0
237 0 0
0 182 0
315 3 0
80 0 0
0 3 0
19 0 0
154 0 0
226 315 0
95 0 0
315 75 0
165 0 0
225 0 0
160 0 0
38 0 0
315 168 0
278 315 0
94 0 0
270 0 0
315 291 0
24 315 0
315 71 0
315 103 0
81 315 0
315 69 0
28 315 0
28 0 0
39 0 0
46 0 0
104 315 0
315 184 0
216 0 0
261 0 0
85 0 0
0 18 0
315 133 0
218 315 0
0 53 0
0 255 0
315 176 0
315 123 0
315 287 0
239 0 0
279 315 0
129 0 0
63 315 0
315 158 0
0 153 0
315 169 0
241 315 0
315 251 0
0 206 0
3 0 0
315 16 0
315 12 0
251 0 0
205 0 0
138 0 0
77 0 0
315 82 0
196 0 0
272 315 0
242 315 0
66 0 0
0 69 0
30 315 0
0 6 0
0 77 0
0 25 0
315 117 0
0 202 0
275 315 0
315 243 0
315 288 0
296 0 0
315 161 0
0 93 0
166 0 0
276 0 0
0 194 0
54 315 0
0 118 0
252 315 0
315 257 0
273 0 0
0 303 0
157 0 0
87 315 0
260 0 0
285 0 0
52 315 0
315 61 0
315 309 0
315 286 0
0 161 0
41 315 0
315 228 0
315 102 0
315 299 0
0 41 0
315 70 0
7 315 0
0 48 0
315 191 0
33 0 0
285 315 0
308 315 0
265 315 0
97 0 0
171 0 0
253 315 0
315 227 0
217 0 0
137 0 0
174 0 0
261 315 0
306 315 0
135 0 0
315 282 0
102 0 0
214 315 0
315 41 0
14 315 0
42 315 0
212 0 0
315 72 0
315 271 0
183 0 0
315 296 0
284 0 0
315 116 0
315 127 0
315 80 0
256 315 0
315 226 0
315 261 0
202 315 0
315 78 0
290 0 0
0 232 0
105 0 0
0 50 0
315 95 0
221 0 0
101 315 0
0 4 0
0 1 0
315 44 0
87 0 0
281 0 0
32 315 0
315 277 0
90 0 0
315 240 0
112 0 0
0 184 0
0 199 0
112 315 0
0 222 0
100 0 0
236 0 0
268 315 0
247 315 0
250 0 0
315 68 0
0 282 0
0 102 0
245 0 0
315 132 0
315 128 0
0 266 0
109 0 0
67 0 0
315 126 0
41 0 0
56 315 0
315 259 0
315 252 0
107 315 0
1 315 0
188 0 0
315 177 0
0 45 0
0 68 0
315 111 0
311 0 0
315 294 0
315 18 0
107 0 0
178 0 0
0 111 0
189 0 0
315 58 0
0 259 0
150 0 0
226 0 0
0 40 0
0 250 0
315 249 0
0 193 0
224 0 0
0 103 0
315 137 0
75 0 0
0 83 0
315 220 0
45 315 0
121 0 0
0 294 0
219 315 0
49 0 0
118 315 0
315 214 0
244 0 0
315 199 0
297 315 0
303 0 0
191 315 0
206 0 0
282 0 0
211 315 0
31 315 0
315 28 0
232 315 0
291 0 0
315 242 0
315 83 0
315 50 0
190 315 0
30 0 0
315 218 0
315 255 0
180 0 0
315 110 0
0 135 0
249 315 0
315 307 0
0 105 0
0 279 0
237 315 0
0 288 0
242 0 0
201 0 0
283 315 0
190 0 0
315 313 0
0 290 0
81 0 0
315 96 0
0 112 0
47 0 0
315 13 0
159 0 0
109 315 0
72 0 0
58 0 0
246 0 0
315 283 0
10 0 0
0 85 0
315 157 0
73 0 0
315 84 0
110 0 0
286 315 0
82 0 0
254 315 0
243 0 0
106 315 0
71 0 0
315 212 0
257 315 0
0 283 0
315 234 0
315 47 0
0 34 0
186 315 0
253 0 0
258 315 0
269 0 0
315 140 0
315 274 0
0 72 0
315 225 0
58 315 0
0 301 0
208 315 0
0 82 0
210 0 0
315 198 0
0 196 0
315 204 0
299 0 0
315 222 0
255 315 0
0 228 0
181 0 0
0 124 0
0 84 0
315 207 0
233 315 0
300 315 0
37 315 0
315 100 0
0 208 0
0 251 0
0 80 0
0 300 0
164 0 0
173 0 0
315 62 0
0 239 0
227 0 0
281 315 0
192 0 0
55 0 0
315 263 0
0 137 0
315 272 0
315 292 0
298 0 0
223 315 0
0 88 0
315 246 0
315 8 0
19 315 0
18 0 0
0 64 0
94 315 0
15 315 0
0 287 0
193 315 0
315 190 0
315 173 0
241 0 0
0 207 0
262 315 0
315 216 0
0 87 0
207 0 0
315 205 0
315 10 0
304 315 0
315 93 0
315 248 0
0 73 0
188 315 0
185 315 0
315 256 0
313 315 0
315 9 0
225 315 0
315 202 0
0 55 0
155 0 0
294 315 0
213 0 0
315 39 0
0 298 0
88 0 0
298 315 0
315 89 0
315 238 0
315 141 0
240 0 0
246 315 0
315 219 0
0 291 0
151 0 0
108 0 0
128 0 0
62 315 0
57 0 0
292 315 0
74 0 0
136 0 0
315 66 0
89 0 0
315 91 0
69 315 0
315 254 0
315 301 0
315 30 0
289 315 0
115 0 0
0 128 0
212 315 0
103 315 0
0 156 0
0 99 0
224 315 0
0 262 0
315 2 0
0 218 0
315 6 0
70 315 0
315 179 0
0 204 0
299 315 0
0 221 0
245 315 0
295 0 0
0 297 0
209 0 0
20 315 0
40 0 0
315 171 0
202 0 0
229 315 0
315 275 0
96 0 0
315 38 0
22 315 0
315 193 0
315 134 0
315 165 0
0 170 0
194 315 0
264 0 0
70 0 0
315 67 0
20 0 0
17 315 0
0 150 0
266 0 0
75 315 0
0 96 0
17 0 0
315 122 0
315 284 0
315 107 0
0 146 0
0 10 0
0 273 0
214 0 0
248 0 0
0 62 0
0 278 0
40 315 0
315 15 0
220 315 0
0 306 0
0 52 0
315 270 0
148 0 0
315 34 0
0 147 0
305 0 0
315 276 0
88 315 0
0 24 0
0 75 0
315 98 0
0 19 0
315 224 0
60 0 0
315 135 0
315 172 0
315 300 0
197 0 0
315 112 0
0 152 0
51 0 0
0 94 0
0 120 0
222 315 0
315 237 0
0 148 0
294 0 0
194 0 0
0 70 0
85 315 0
315 302 0
0 195 0
315 149 0
0 149 0
177 0 0
0 186 0
315 160 0
149 0 0
223 0 0
77 315 0
0 71 0
199 0 0
315 267 0
74 315 0
0 8 0
315 90 0
0 252 0
0 101 0
213 315 0
0 190 0
43 315 0
0 212 0
72 315 0
243 315 0
301 315 0
0 211 0
312 315 0
0 217 0
84 315 0
0 133 0
204 0 0
315 148 0
0 74 0
315 88 0
215 0 0
7 0 0
315 200 0
315 20 0
315 235 0
315 162 0
303 315 0
0 263 0
315 53 0
315 29 0
315 77 0
315 49 0
0 29 0
218 0 0
315 153 0
0 309 0
115 315 0
0 242 0
0 248 0
315 195 0
0 305 0
258 0 0
0 227 0
315 33 0
315 265 0
6 315 0
198 315 0
0 107 0
283 0 0
0 60 0
315 19 0
0 5 0
198 0 0
315 74 0
315 170 0
29 0 0
0 145 0
203 0 0
0 28 0
257 0 0
204 315 0
238 0 0
118 0 0
315 250 0
315 86 0
90 315 0
0 216 0
0 129 0
288 0 0
275 0 0
140 0 0
0 189 0
315 152 0
71 315 0
99 315 0
0 30 0
0 245 0
315 213 0
315 151 0
0 27 0
46 315 0
187 0 0
250 315 0
206 315 0
314 315 0
315 189 0
315 87 0
315 247 0
315 24 0
205 315 0
315 114 0
0 241 0
315 221 0
315 310 0
315 76 0
92 315 0
200 0 0
0 56 0
9 315 0
0 304 0
79 315 0
315 31 0
0 158 0
0 260 0
0 254 0
315 79 0
0 123 0
61 315 0
315 194 0
0 210 0
238 315 0
0 144 0
156 0 0
0 178 0
315 55 0
163 0 0
13 315 0
0 115 0
113 315 0
0 76 0
315 196 0
76 0 0
315 297 0
0 113 0
9 0 0
114 0 0
315 264 0
289 0 0
315 164 0
78 315 0
0 78 0
277 0 0
315 109 0
234 315 0
315 186 0
126 0 0
211 0 0
266 315 0
0 230 0
141 0 0
179 0 0
315 105 0
124 0 0
172 0 0
315 188 0
274 0 0
125 0 0
5 315 0
0 231 0
189 315 0
0 183 0
315 139 0
315 187 0
287 0 0
0 136 0
182 0 0
22 0 0
0 121 0
0 116 0
197 315 0
186 0 0
144 0 0
315 203 0
0 197 0
315 125 0
244 315 0
0 229 0
0 265 0
0 31 0
0 131 0
0 164 0
315 206 0
116 315 0
315 51 0
0 275 0
0 125 0
16 0 0
203 315 0
199 315 0
0 185 0
302 315 0
122 0 0
187 315 0
193 0 0
315 120 0
132 0 0
0 117 0
269 315 0
315 304 0
0 249 0
6 0 0
0 7 0
259 315 0
209 315 0
315 48 0
0 49 0
0 310 0
0 9 0
0 165 0
26 315 0
0 272 0
0 192 0
315 142 0
91 315 0
315 260 0
62 0 0
221 315 0
0 11 0
0 233 0
0 38 0
0 46 0
315 7 0
315 239 0
176 0 0
315 115 0
102 315 0
68 315 0
256 0 0
315 306 0
0 142 0
282 315 0
272 0 0
0 269 0
0 162 0
116 0 0
69 0 0
315 229 0
121 315 0
108 315 0
315 233 0
315 303 0
309 315 0
315 156 0
315 60 0
300 0 0
0 268 0
0 201 0
0 104 0
312 0 0
264 315 0
233 0 0
0 226 0
0 95 0
315 241 0
191 0 0
0 246 0
low, high, current -1 -1 8
Confirming Router Algorithm: TIMING_DRIVEN.
T_crit: 4.76151e-08.
T_crit: 4.75092e-08.
T_crit: 4.75521e-08.
T_crit: 4.75572e-08.
T_crit: 4.74525e-08.
T_crit: 4.73479e-08.
T_crit: 4.73479e-08.
T_crit: 4.78574e-08.
T_crit: 5.29829e-08.
T_crit: 5.33571e-08.
T_crit: 5.18076e-08.
T_crit: 5.14969e-08.
T_crit: 5.27845e-08.
T_crit: 5.18205e-08.
T_crit: 5.3965e-08.
T_crit: 5.45697e-08.
T_crit: 5.63124e-08.
T_crit: 5.41684e-08.
T_crit: 5.42185e-08.
T_crit: 5.77235e-08.
T_crit: 5.93117e-08.
T_crit: 5.59154e-08.
T_crit: 5.65206e-08.
T_crit: 5.69771e-08.
T_crit: 5.60615e-08.
T_crit: 5.63604e-08.
T_crit: 5.87619e-08.
T_crit: 5.65735e-08.
T_crit: 5.67884e-08.
T_crit: 5.68728e-08.
T_crit: 5.82728e-08.
T_crit: 5.84875e-08.
T_crit: 5.82678e-08.
T_crit: 5.79706e-08.
T_crit: 5.75395e-08.
T_crit: 5.79715e-08.
T_crit: 5.79551e-08.
T_crit: 5.76131e-08.
T_crit: 5.88779e-08.
T_crit: 5.77019e-08.
T_crit: 6.00158e-08.
T_crit: 5.75014e-08.
T_crit: 5.48882e-08.
T_crit: 5.7589e-08.
T_crit: 5.53373e-08.
T_crit: 5.74243e-08.
T_crit: 5.90002e-08.
T_crit: 6.0162e-08.
T_crit: 6.51001e-08.
T_crit: 6.78797e-08.
Routing failed.
low, high, current 8 -1 16
Confirming Router Algorithm: TIMING_DRIVEN.
T_crit: 4.74071e-08.
T_crit: 4.74046e-08.
T_crit: 4.75319e-08.
T_crit: 4.75572e-08.
T_crit: 4.75572e-08.
T_crit: 4.74525e-08.
T_crit: 4.76605e-08.
T_crit: 4.75559e-08.
T_crit: 4.74512e-08.
T_crit: 4.74512e-08.
T_crit: 4.75559e-08.
T_crit: 4.76593e-08.
T_crit: 4.82901e-08.
T_crit: 4.93242e-08.
T_crit: 5.03878e-08.
T_crit: 5.22091e-08.
T_crit: 5.86238e-08.
T_crit: 5.64688e-08.
T_crit: 5.70879e-08.
T_crit: 6.1933e-08.
T_crit: 5.88701e-08.
T_crit: 6.00747e-08.
T_crit: 6.01894e-08.
T_crit: 5.73192e-08.
T_crit: 5.86482e-08.
T_crit: 5.82485e-08.
T_crit: 6.19691e-08.
T_crit: 6.01436e-08.
T_crit: 6.19584e-08.
T_crit: 6.25114e-08.
T_crit: 6.11937e-08.
T_crit: 6.01288e-08.
T_crit: 5.95926e-08.
T_crit: 6.11503e-08.
T_crit: 6.0575e-08.
T_crit: 6.01589e-08.
T_crit: 6.02636e-08.
T_crit: 6.15028e-08.
T_crit: 6.42353e-08.
T_crit: 6.09703e-08.
T_crit: 6.26757e-08.
T_crit: 5.94947e-08.
T_crit: 6.13677e-08.
T_crit: 5.95842e-08.
T_crit: 6.34013e-08.
T_crit: 6.102e-08.
T_crit: 6.42513e-08.
T_crit: 6.00255e-08.
T_crit: 6.15358e-08.
T_crit: 6.06991e-08.
Routing failed.
low, high, current 16 -1 32
Confirming Router Algorithm: TIMING_DRIVEN.
T_crit: 4.74071e-08.
T_crit: 4.75092e-08.
T_crit: 4.76341e-08.
T_crit: 4.75319e-08.
T_crit: 4.75382e-08.
T_crit: 4.76593e-08.
T_crit: 4.76593e-08.
T_crit: 4.75458e-08.
T_crit: 4.75508e-08.
T_crit: 4.75508e-08.
T_crit: 4.76555e-08.
T_crit: 4.76555e-08.
T_crit: 4.75508e-08.
T_crit: 4.75508e-08.
T_crit: 4.75508e-08.
T_crit: 4.75508e-08.
T_crit: 4.75508e-08.
T_crit: 4.75508e-08.
T_crit: 4.75508e-08.
T_crit: 4.75508e-08.
T_crit: 4.75508e-08.
T_crit: 4.75508e-08.
T_crit: 4.75508e-08.
T_crit: 5.17769e-08.
T_crit: 5.29604e-08.
T_crit: 5.54309e-08.
T_crit: 5.58193e-08.
T_crit: 5.44881e-08.
T_crit: 5.76381e-08.
T_crit: 5.95863e-08.
T_crit: 5.75048e-08.
T_crit: 5.85827e-08.
T_crit: 5.74219e-08.
T_crit: 5.81858e-08.
T_crit: 5.90205e-08.
T_crit: 5.86057e-08.
T_crit: 5.83964e-08.
T_crit: 5.92993e-08.
T_crit: 5.78392e-08.
T_crit: 5.78405e-08.
T_crit: 5.77321e-08.
T_crit: 5.93345e-08.
T_crit: 5.87141e-08.
T_crit: 5.83944e-08.
T_crit: 5.85852e-08.
T_crit: 5.86651e-08.
T_crit: 5.94148e-08.
T_crit: 5.86873e-08.
T_crit: 5.81826e-08.
T_crit: 5.81826e-08.
Routing failed.
low, high, current 32 -1 64
Confirming Router Algorithm: TIMING_DRIVEN.
T_crit: 4.77198e-08.
T_crit: 4.75092e-08.
T_crit: 4.7624e-08.
T_crit: 4.7624e-08.
T_crit: 4.7624e-08.
T_crit: 4.7624e-08.
T_crit: 4.7624e-08.
T_crit: 4.7624e-08.
T_crit: 4.7624e-08.
T_crit: 4.7624e-08.
T_crit: 4.7624e-08.
T_crit: 4.7624e-08.
T_crit: 4.7624e-08.
T_crit: 4.7624e-08.
T_crit: 4.7624e-08.
T_crit: 4.7624e-08.
T_crit: 4.7624e-08.
Successfully routed after 18 routing iterations.
Completed net delay value cross check successfully.
low, high, current 32 64 48
Confirming Router Algorithm: TIMING_DRIVEN.
T_crit: 4.75117e-08.
T_crit: 4.75092e-08.
T_crit: 4.76353e-08.
T_crit: 4.76277e-08.
T_crit: 4.76353e-08.
T_crit: 4.75307e-08.
T_crit: 4.76353e-08.
T_crit: 4.76353e-08.
T_crit: 4.76353e-08.
T_crit: 4.76353e-08.
T_crit: 4.76353e-08.
T_crit: 4.76353e-08.
T_crit: 4.76353e-08.
T_crit: 4.76353e-08.
T_crit: 4.76353e-08.
T_crit: 4.76353e-08.
T_crit: 4.76353e-08.
T_crit: 4.76353e-08.
T_crit: 4.76353e-08.
T_crit: 4.76353e-08.
Successfully routed after 21 routing iterations.
Completed net delay value cross check successfully.
low, high, current 32 48 40
Confirming Router Algorithm: TIMING_DRIVEN.
T_crit: 4.75117e-08.
T_crit: 4.75092e-08.
T_crit: 4.76328e-08.
T_crit: 4.76328e-08.
T_crit: 4.76328e-08.
T_crit: 4.76328e-08.
T_crit: 4.76366e-08.
T_crit: 4.76366e-08.
T_crit: 4.75319e-08.
T_crit: 4.75319e-08.
T_crit: 4.76366e-08.
T_crit: 4.76366e-08.
T_crit: 4.76568e-08.
T_crit: 4.76555e-08.
T_crit: 4.76555e-08.
T_crit: 4.76555e-08.
T_crit: 4.76555e-08.
T_crit: 4.76555e-08.
T_crit: 4.76555e-08.
T_crit: 4.76555e-08.
T_crit: 4.76555e-08.
T_crit: 4.76555e-08.
T_crit: 4.76555e-08.
T_crit: 4.76555e-08.
T_crit: 4.76555e-08.
T_crit: 4.76555e-08.
T_crit: 4.76555e-08.
T_crit: 4.76555e-08.
T_crit: 4.76555e-08.
T_crit: 4.76555e-08.
T_crit: 4.76555e-08.
T_crit: 4.76555e-08.
Successfully routed after 33 routing iterations.
Completed net delay value cross check successfully.
low, high, current 32 40 36
Confirming Router Algorithm: TIMING_DRIVEN.
T_crit: 4.75049e-08.
T_crit: 4.72956e-08.
T_crit: 4.73019e-08.
T_crit: 4.73019e-08.
T_crit: 4.73069e-08.
T_crit: 4.73334e-08.
T_crit: 4.73334e-08.
T_crit: 4.73296e-08.
T_crit: 4.73271e-08.
T_crit: 4.73309e-08.
T_crit: 4.73296e-08.
T_crit: 4.73347e-08.
T_crit: 4.73347e-08.
T_crit: 4.73372e-08.
T_crit: 4.72326e-08.
T_crit: 4.7341e-08.
T_crit: 4.73422e-08.
T_crit: 4.73422e-08.
T_crit: 4.73422e-08.
T_crit: 4.73422e-08.
T_crit: 4.73422e-08.
T_crit: 4.80306e-08.
T_crit: 5.18207e-08.
T_crit: 4.93864e-08.
T_crit: 4.80014e-08.
T_crit: 4.9039e-08.
T_crit: 4.76713e-08.
T_crit: 4.90441e-08.
T_crit: 4.90846e-08.
T_crit: 4.74646e-08.
T_crit: 5.00042e-08.
T_crit: 4.96877e-08.
T_crit: 4.96991e-08.
T_crit: 4.91645e-08.
T_crit: 4.9167e-08.
T_crit: 4.9167e-08.
T_crit: 4.9167e-08.
T_crit: 4.99211e-08.
T_crit: 4.99211e-08.
T_crit: 4.99211e-08.
T_crit: 4.99211e-08.
T_crit: 4.99211e-08.
T_crit: 4.98177e-08.
T_crit: 4.98177e-08.
T_crit: 4.98177e-08.
T_crit: 4.98177e-08.
T_crit: 4.98177e-08.
T_crit: 4.98177e-08.
T_crit: 4.98177e-08.
T_crit: 4.98177e-08.
Routing failed.
low, high, current 36 40 38
Confirming Router Algorithm: TIMING_DRIVEN.
T_crit: 4.74721e-08.
T_crit: 4.76095e-08.
T_crit: 4.74469e-08.
T_crit: 4.75843e-08.
T_crit: 4.7583e-08.
T_crit: 4.7583e-08.
T_crit: 4.76095e-08.
T_crit: 4.76095e-08.
T_crit: 4.766e-08.
T_crit: 4.76486e-08.
T_crit: 4.77407e-08.
T_crit: 4.76625e-08.
T_crit: 4.76625e-08.
T_crit: 4.76625e-08.
T_crit: 4.76625e-08.
T_crit: 4.76625e-08.
T_crit: 4.76625e-08.
T_crit: 4.76625e-08.
T_crit: 4.76625e-08.
T_crit: 4.76625e-08.
T_crit: 4.76625e-08.
T_crit: 4.76625e-08.
T_crit: 4.76625e-08.
T_crit: 4.76625e-08.
T_crit: 4.76625e-08.
T_crit: 4.76625e-08.
T_crit: 4.76625e-08.
T_crit: 4.80583e-08.
T_crit: 4.7665e-08.
T_crit: 4.77408e-08.
T_crit: 4.76625e-08.
T_crit: 4.76625e-08.
T_crit: 4.76625e-08.
T_crit: 4.76625e-08.
T_crit: 4.76625e-08.
T_crit: 4.76625e-08.
T_crit: 4.76625e-08.
T_crit: 4.76625e-08.
T_crit: 4.76625e-08.
T_crit: 4.76625e-08.
T_crit: 4.76625e-08.
T_crit: 4.76625e-08.
T_crit: 4.76625e-08.
T_crit: 4.76625e-08.
T_crit: 4.76625e-08.
T_crit: 4.76625e-08.
T_crit: 4.76625e-08.
T_crit: 4.76625e-08.
T_crit: 4.76625e-08.
T_crit: 4.76625e-08.
Routing failed.

Checking to ensure routing is legal ...
Completed routing consistency check successfully.

Serial number (magic cookie) for the routing is: 1916511136
Best routing used a channel width factor of 40.


Average number of bends per net: 10.5655  Maximum # of bends: 365


The number of routed nets (nonglobal): 3979
Wirelength results (all in units of 1 clb segments):
	Total wirelength: 483091   Average net length: 121.410
	Maximum net length: 1333

Wirelength results in terms of physical segments:
	Total wiring segments used: 242121   Av. wire segments per net: 60.8497
	Maximum segments used by a net: 670


X - Directed channels:

j	max occ	av_occ		capacity
0	17	11.7484  	40
1	17	11.3025  	40
2	18	7.28662  	40
3	18	10.3790  	40
4	14	3.78025  	40
5	15	4.54777  	40
6	5	1.23885  	40
7	9	2.13694  	40
8	3	0.726115 	40
9	3	0.531847 	40
10	3	0.917197 	40
11	2	0.436306 	40
12	2	0.815287 	40
13	2	0.0159236	40
14	3	1.06051  	40
15	2	0.958599 	40
16	2	0.340764 	40
17	2	0.961783 	40
18	2	0.831210 	40
19	1	0.955414 	40
20	1	0.404459 	40
21	1	0.621019 	40
22	2	0.933121 	40
23	2	0.378981 	40
24	2	1.06051  	40
25	2	0.952229 	40
26	2	0.831210 	40
27	2	1.05414  	40
28	2	0.952229 	40
29	2	0.630573 	40
30	2	0.356688 	40
31	2	0.318471 	40
32	2	0.968153 	40
33	1	0.952229 	40
34	1	0.990446 	40
35	1	0.340764 	40
36	2	0.601911 	40
37	3	0.477707 	40
38	2	1.07325  	40
39	3	0.461783 	40
40	2	1.10510  	40
41	1	0.621019 	40
42	1	0.856688 	40
43	2	0.471338 	40
44	2	1.07325  	40
45	3	0.458599 	40
46	2	1.09873  	40
47	1	0.945860 	40
48	2	0.990446 	40
49	2	0.414013 	40
50	1	0.398089 	40
51	2	1.04459  	40
52	1	0.442675 	40
53	1	0.468153 	40
54	2	0.0286624	40
55	2	0.678344 	40
56	1	0.875796 	40
57	2	0.952229 	40
58	2	0.423567 	40
59	1	0.977707 	40
60	2	0.894904 	40
61	2	0.0222930	40
62	2	0.0222930	40
63	2	0.945860 	40
64	2	0.302548 	40
65	2	1.00955  	40
66	2	0.420382 	40
67	1	0.843949 	40
68	2	0.840764 	40
69	2	1.00318  	40
70	1	0.923567 	40
71	2	0.971338 	40
72	2	1.00955  	40
73	3	0.818471 	40
74	2	0.0159236	40
75	1	0.710191 	40
76	4	0.340764 	40
77	1	0.321656 	40
78	2	0.961783 	40
79	2	0.359873 	40
80	2	1.00318  	40
81	2	0.576433 	40
82	2	0.792994 	40
83	2	1.02548  	40
84	3	0.968153 	40
85	2	0.799363 	40
86	2	0.643312 	40
87	2	0.843949 	40
88	2	0.378981 	40
89	2	0.824841 	40
90	2	0.722930 	40
91	2	0.894904 	40
92	1	0.398089 	40
93	2	0.917197 	40
94	2	0.652866 	40
95	3	1.02548  	40
96	2	0.391720 	40
97	2	0.990446 	40
98	2	1.02229  	40
99	1	0.920382 	40
100	2	0.971338 	40
101	1	0.550955 	40
102	1	0.888535 	40
103	1	0.442675 	40
104	2	0.659236 	40
105	3	0.0286624	40
106	2	0.977707 	40
107	2	0.687898 	40
108	2	0.302548 	40
109	1	0.398089 	40
110	2	0.808917 	40
111	2	0.277070 	40
112	2	0.726115 	40
113	2	0.818471 	40
114	2	0.898089 	40
115	1	0.00636943	40
116	2	0.735669 	40
117	2	0.732484 	40
118	3	1.08599  	40
119	2	0.429936 	40
120	2	0.863057 	40
121	3	0.977707 	40
122	2	0.633758 	40
123	1	0.729299 	40
124	3	0.993631 	40
125	2	0.710191 	40
126	1	0.952229 	40
127	2	0.369427 	40
128	2	0.799363 	40
129	2	0.385350 	40
130	3	0.917197 	40
131	2	0.420382 	40
132	2	0.382166 	40
133	3	1.02229  	40
134	2	0.977707 	40
135	2	0.754777 	40
136	2	0.875796 	40
137	1	0.659236 	40
138	2	1.09236  	40
139	2	0.401274 	40
140	1	0.875796 	40
141	1	0.621019 	40
142	3	0.0350318	40
143	2	0.414013 	40
144	3	0.738854 	40
145	4	1.00955  	40
146	2	0.738854 	40
147	1	0.684713 	40
148	2	0.477707 	40
149	1	0.824841 	40
150	2	0.786624 	40
151	2	0.436306 	40
152	2	0.993631 	40
153	2	0.417197 	40
154	2	0.939490 	40
155	2	0.286624 	40
156	2	1.09236  	40
157	6	0.394904 	40
158	2	0.882166 	40
159	1	0.850318 	40
160	4	0.882166 	40
161	2	0.340764 	40
162	2	0.761146 	40
163	1	0.996815 	40
164	1	0.458599 	40
165	3	0.468153 	40
166	2	0.0222930	40
167	1	0.792994 	40
168	1	0.410828 	40
169	1	0.869427 	40
170	3	0.458599 	40
171	2	0.882166 	40
172	2	0.980892 	40
173	1	0.283439 	40
174	1	0.987261 	40
175	4	1.04777  	40
176	1	0.493631 	40
177	1	0.729299 	40
178	1	0.850318 	40
179	2	0.579618 	40
180	2	0.324841 	40
181	1	0.401274 	40
182	2	0.789809 	40
183	2	0.770701 	40
184	2	0.824841 	40
185	2	0.783440 	40
186	2	0.474522 	40
187	3	1.10510  	40
188	2	0.455414 	40
189	2	0.929936 	40
190	3	0.464968 	40
191	4	0.493631 	40
192	2	0.850318 	40
193	2	1.03185  	40
194	1	0.955414 	40
195	3	0.917197 	40
196	2	1.05096  	40
197	4	0.500000 	40
198	2	0.716560 	40
199	2	0.821656 	40
200	2	0.487261 	40
201	1	0.296178 	40
202	3	0.993631 	40
203	6	0.420382 	40
204	3	0.678344 	40
205	2	0.885350 	40
206	2	0.933121 	40
207	1	0.767516 	40
208	2	1.01274  	40
209	3	0.474522 	40
210	1	0.856688 	40
211	1	0.487261 	40
212	3	0.831210 	40
213	2	0.773885 	40
214	2	0.834395 	40
215	2	1.20701  	40
216	1	0.805732 	40
217	2	0.984076 	40
218	3	0.964968 	40
219	2	0.815287 	40
220	1	0.697452 	40
221	2	0.847134 	40
222	3	0.904459 	40
223	2	1.02548  	40
224	1	0.375796 	40
225	2	1.14650  	40
226	3	1.08917  	40
227	1	0.894904 	40
228	2	0.0191083	40
229	2	0.926752 	40
230	2	0.958599 	40
231	2	0.726115 	40
232	2	0.872611 	40
233	4	0.984076 	40
234	1	0.366242 	40
235	2	0.401274 	40
236	2	0.0286624	40
237	1	0.0286624	40
238	1	0.398089 	40
239	2	0.519108 	40
240	2	1.07962  	40
241	3	0.907643 	40
242	3	0.484076 	40
243	2	0.503185 	40
244	1	0.420382 	40
245	3	0.414013 	40
246	3	0.936306 	40
247	2	0.748408 	40
248	2	0.828025 	40
249	3	0.528662 	40
250	2	0.996815 	40
251	2	0.929936 	40
252	3	0.878981 	40
253	1	0.980892 	40
254	2	0.802548 	40
255	2	0.0254777	40
256	5	1.02866  	40
257	2	0.914013 	40
258	3	0.945860 	40
259	2	0.942675 	40
260	3	1.40127  	40
261	1	0.487261 	40
262	3	0.487261 	40
263	12	1.78025  	40
264	9	2.33439  	40
265	17	4.17197  	40
266	21	3.71019  	40
267	24	4.11783  	40
268	27	4.32166  	40
269	26	7.21656  	40
270	32	6.95223  	40
271	35	4.80892  	40
272	32	6.81847  	40
273	35	6.39490  	40
274	35	9.37580  	40
275	35	7.84076  	40
276	34	8.29936  	40
277	38	8.78344  	40
278	38	9.24522  	40
279	38	8.71338  	40
280	37	9.17834  	40
281	35	10.0987  	40
282	40	9.30573  	40
283	37	8.96815  	40
284	37	9.46178  	40
285	37	9.25159  	40
286	37	7.86306  	40
287	38	10.5446  	40
288	34	8.94268  	40
289	38	10.6847  	40
290	39	10.5223  	40
291	36	10.1369  	40
292	37	9.88217  	40
293	36	10.9331  	40
294	36	9.08280  	40
295	38	10.5796  	40
296	39	9.88854  	40
297	37	11.2197  	40
298	35	10.0159  	40
299	37	11.3662  	40
300	36	10.0541  	40
301	38	10.3822  	40
302	36	10.3917  	40
303	37	11.1911  	40
304	35	11.0669  	40
305	37	11.5637  	40
306	38	12.3535  	40
307	36	11.6529  	40
308	34	11.2994  	40
309	37	13.0000  	40
310	35	11.4204  	40
311	35	14.7293  	40
312	36	13.0828  	40
313	35	17.1592  	40
314	38	17.2962  	40

Y - Directed channels:

i	max occ	av_occ		capacity
0	14	9.48089  	40
1	16	7.31210  	40
2	15	3.88854  	40
3	15	6.67834  	40
4	3	0.261146 	40
5	9	3.05414  	40
6	1	0.0414013	40
7	1	0.0159236	40
8	3	0.0286624	40
9	1	0.0159236	40
10	1	0.0159236	40
11	2	0.914013 	40
12	2	0.0286624	40
13	2	0.0222930	40
14	3	0.0605096	40
15	2	0.0254777	40
16	3	0.894904 	40
17	2	0.0159236	40
18	1	0.00955414	40
19	2	0.0222930	40
20	3	0.990446 	40
21	1	0.0159236	40
22	3	0.949045 	40
23	2	0.0318471	40
24	2	0.984076 	40
25	1	0.0477707	40
26	2	0.0222930	40
27	2	0.0127389	40
28	2	0.0477707	40
29	2	0.0127389	40
30	1	0.00636943	40
31	1	0.0127389	40
32	1	0.0159236	40
33	2	0.0668790	40
34	2	0.0254777	40
35	2	0.0159236	40
36	1	0.0445860	40
37	1	0.00636943	40
38	2	0.0414013	40
39	2	0.923567 	40
40	4	0.0732484	40
41	2	0.00636943	40
42	5	0.0350318	40
43	2	0.0127389	40
44	2	0.0955414	40
45	2	0.917197 	40
46	3	0.0382166	40
47	1	0.00318471	40
48	1	0.00636943	40
49	3	0.0254777	40
50	2	0.0414013	40
51	2	0.0191083	40
52	4	0.0414013	40
53	2	0.907643 	40
54	2	0.0286624	40
55	4	1.05732  	40
56	2	0.0159236	40
57	5	0.111465 	40
58	5	0.0445860	40
59	3	1.00318  	40
60	2	0.0159236	40
61	2	0.0222930	40
62	1	0.0127389	40
63	2	0.0127389	40
64	3	0.0222930	40
65	3	0.964968 	40
66	1	0.0127389	40
67	2	0.0955414	40
68	2	0.834395 	40
69	2	0.0286624	40
70	1	0.961783 	40
71	3	1.05096  	40
72	2	0.961783 	40
73	3	0.0382166	40
74	2	0.968153 	40
75	4	0.955414 	40
76	3	0.0382166	40
77	2	0.0445860	40
78	3	0.898089 	40
79	3	0.140127 	40
80	2	0.0382166	40
81	2	0.0350318	40
82	2	0.111465 	40
83	2	0.665605 	40
84	2	0.0286624	40
85	3	1.89809  	40
86	3	0.974522 	40
87	9	2.54459  	40
88	13	2.80255  	40
89	12	2.57962  	40
90	17	1.39809  	40
91	19	3.82803  	40
92	15	3.63376  	40
93	20	7.04777  	40
94	18	3.08917  	40
95	25	6.69108  	40
96	18	2.51274  	40
97	23	6.23885  	40
98	22	4.01274  	40
99	22	5.94904  	40
100	25	4.83121  	40
101	23	6.20382  	40
102	27	5.34076  	40
103	23	4.58917  	40
104	27	3.71019  	40
105	32	7.27070  	40
106	26	6.43949  	40
107	27	5.12739  	40
108	27	4.17516  	40
109	26	7.20064  	40
110	29	5.12102  	40
111	30	6.11146  	40
112	30	6.80255  	40
113	30	7.68153  	40
114	34	4.72611  	40
115	28	9.20382  	40
116	30	7.81210  	40
117	31	5.50000  	40
118	27	7.46178  	40
119	28	7.67834  	40
120	28	5.59873  	40
121	33	6.31847  	40
122	29	5.79299  	40
123	30	11.9268  	40
124	32	8.63694  	40
125	30	11.4140  	40
126	30	5.03503  	40
127	29	10.9459  	40
128	32	8.67834  	40
129	29	8.94904  	40
130	34	6.61146  	40
131	32	9.08599  	40
132	31	5.40446  	40
133	32	7.94268  	40
134	30	7.10828  	40
135	31	7.78344  	40
136	30	5.85032  	40
137	32	6.29618  	40
138	33	9.38217  	40
139	32	10.4618  	40
140	33	5.56688  	40
141	30	7.64331  	40
142	31	4.63057  	40
143	30	5.56051  	40
144	33	6.07006  	40
145	31	6.74841  	40
146	32	8.66561  	40
147	32	9.46815  	40
148	30	7.37580  	40
149	30	8.93312  	40
150	31	5.43631  	40
151	31	6.91401  	40
152	31	9.09873  	40
153	28	5.05414  	40
154	29	5.74841  	40
155	28	4.66879  	40
156	27	5.73567  	40
157	27	5.90446  	40
158	27	5.86943  	40
159	29	6.21338  	40
160	28	6.54777  	40
161	28	5.29299  	40
162	29	8.34395  	40
163	32	6.91401  	40
164	30	5.35032  	40
165	31	5.36624  	40
166	30	7.07006  	40
167	30	10.9968  	40
168	30	7.17197  	40
169	31	8.73248  	40
170	28	6.22293  	40
171	28	7.04777  	40
172	27	9.52229  	40
173	29	8.57962  	40
174	28	6.41401  	40
175	28	9.27070  	40
176	26	8.02548  	40
177	32	8.89490  	40
178	29	5.56051  	40
179	29	4.38217  	40
180	28	5.38217  	40
181	28	9.11465  	40
182	29	4.37580  	40
183	26	4.77070  	40
184	25	1.93631  	40
185	25	5.57962  	40
186	24	4.07006  	40
187	25	6.35987  	40
188	24	3.71656  	40
189	25	5.22293  	40
190	24	5.59873  	40
191	20	4.64331  	40
192	20	5.75478  	40
193	20	3.28662  	40
194	18	1.76433  	40
195	19	3.71975  	40
196	17	2.40764  	40
197	16	2.22293  	40
198	14	1.60828  	40
199	15	4.28662  	40
200	13	1.82166  	40
201	14	1.00637  	40
202	12	1.67834  	40
203	7	0.500000 	40
204	7	0.0923567	40
205	3	0.0414013	40
206	3	0.0668790	40
207	3	0.939490 	40
208	3	0.0732484	40
209	2	0.0414013	40
210	3	0.0668790	40
211	2	0.945860 	40
212	1	0.885350 	40
213	6	0.980892 	40
214	4	0.0541401	40
215	2	0.0318471	40
216	3	0.0350318	40
217	2	0.0668790	40
218	3	0.0477707	40
219	2	0.0318471	40
220	3	0.0222930	40
221	2	0.0318471	40
222	2	0.907643 	40
223	1	0.0254777	40
224	4	0.0573248	40
225	2	0.0286624	40
226	3	0.0477707	40
227	1	0.0159236	40
228	4	0.945860 	40
229	1	0.990446 	40
230	5	0.124204 	40
231	2	0.0159236	40
232	4	0.929936 	40
233	3	1.00318  	40
234	3	0.984076 	40
235	2	0.0191083	40
236	4	0.127389 	40
237	4	0.0541401	40
238	2	0.0350318	40
239	3	0.114650 	40
240	2	0.0159236	40
241	4	0.977707 	40
242	1	0.105096 	40
243	3	0.907643 	40
244	3	0.968153 	40
245	5	0.0541401	40
246	3	0.923567 	40
247	1	0.0159236	40
248	2	0.0350318	40
249	2	0.933121 	40
250	3	0.0350318	40
251	3	0.111465 	40
252	3	0.0859873	40
253	1	0.0414013	40
254	3	0.926752 	40
255	2	0.0254777	40
256	2	0.0254777	40
257	4	0.105096 	40
258	3	0.0286624	40
259	2	0.0254777	40
260	2	0.0159236	40
261	1	0.0541401	40
262	3	0.0732484	40
263	3	0.945860 	40
264	2	0.0987261	40
265	3	0.0350318	40
266	1	0.0732484	40
267	1	0.0923567	40
268	2	0.124204 	40
269	1	0.00955414	40
270	1	0.0159236	40
271	2	0.124204 	40
272	2	0.0191083	40
273	2	0.0286624	40
274	2	0.0127389	40
275	2	0.101911 	40
276	1	0.0222930	40
277	4	0.0382166	40
278	2	0.0668790	40
279	2	0.0286624	40
280	3	0.0286624	40
281	1	0.0159236	40
282	1	0.0732484	40
283	2	0.952229 	40
284	2	0.0127389	40
285	3	0.0222930	40
286	2	0.0541401	40
287	2	0.0222930	40
288	1	0.0732484	40
289	2	0.0222930	40
290	1	0.0222930	40
291	3	0.0286624	40
292	2	0.0159236	40
293	2	0.0159236	40
294	1	0.0541401	40
295	2	0.945860 	40
296	2	0.0191083	40
297	2	0.0159236	40
298	1	0.00955414	40
299	1	0.958599 	40
300	3	0.952229 	40
301	2	0.0191083	40
302	2	0.0414013	40
303	1	0.00955414	40
304	2	0.0668790	40
305	2	0.0191083	40
306	1	0.00955414	40
307	2	0.156051 	40
308	2	0.101911 	40
309	9	3.42675  	40
310	9	1.43312  	40
311	17	7.57006  	40
312	14	5.50955  	40
313	15	9.57006  	40
314	12	8.45541  	40

Total Tracks in X-direction: 12600  in Y-direction: 12600

Logic Area (in minimum width transistor areas):
Total Logic Area: 2.95788e+09  Per 1x1 logic tile: 30000

Routing area (in minimum width transistor areas):
Total Routing Area: 5.00551e+08  Per logic tile: 5076.79

Segment usage by type (index):
Segment type       Fractional utilization
------------       ----------------------
       0                  0.061

Segment usage by length:
Segment length       Fractional utilization
--------------       ----------------------
        2                   0.061

Critical Path: 4.76555e-08 (s)

Time elapsed (PLACE&ROUTE): 17397286.189000 ms


Time elapsed (Fernando): 17397286.203000 ms

