
VPR FPGA Placement and Routing.
Version: Version 5.0.2
Compiled: Dec 11 2020.
Original VPR by V. Betz.
Timing-driven placement enhancements by A. Marquardt.
Single-drivers enhancements by Andy Ye with additions by.
Mark Fang, Jason Luu, Ted Campbell
Heterogeneous stucture support by Jason Luu and Ted Campbell.
This code is licensed only for non-commercial use.

Auto-sizing FPGA, try x = 72 y = 72
Auto-sizing FPGA, try x = 144 y = 144
Auto-sizing FPGA, try x = 288 y = 288
Auto-sizing FPGA, try x = 576 y = 576
Auto-sizing FPGA, try x = 288 y = 288
Auto-sizing FPGA, try x = 432 y = 432
Auto-sizing FPGA, try x = 360 y = 360
Auto-sizing FPGA, try x = 324 y = 324
Auto-sizing FPGA, try x = 306 y = 306
Auto-sizing FPGA, try x = 315 y = 315
Auto-sizing FPGA, try x = 310 y = 310
Auto-sizing FPGA, try x = 312 y = 312
Auto-sizing FPGA, try x = 313 y = 313
Auto-sizing FPGA, try x = 314 y = 314
Auto-sizing FPGA, try x = 313 y = 313
FPGA auto-sized to, x = 314 y = 314

Resource Usage:
Netlist      0	blocks of type <EMPTY>
Architecture 4	blocks of type <EMPTY>
Netlist      1255	blocks of type .io
Architecture 1256	blocks of type .io
Netlist      3915	blocks of type .clb
Architecture 98596	blocks of type .clb

Timing analysis: ON

Operation:  ROUTE_ONLY

PlacerOpts.place_freq:  PLACE_NEVER

RouterOpts.route_type:  DETAILED
RouterOpts.router_algorithm:  TIMING_DRIVEN
RouterOpts.base_cost_type:  DELAY_NORMALIZED
RouterOpts.fixed_channel_width:  NO_FIXED_CHANNEL_WIDTH
RouterOpts.acc_fac:  1.000000
RouterOpts.bb_factor:  3
RouterOpts.bend_cost:  0.000000
RouterOpts.first_iter_pres_fac:  0.500000
RouterOpts.initial_pres_fac:  0.500000
RouterOpts.pres_fac_mult:  1.300000
RouterOpts.max_router_iterations:  50
RouterOpts.astar_fac:  1.200000
RouterOpts.criticality_exp:  1.000000
RouterOpts.max_criticality:  0.990000

RoutingArch.directionality:  UNI_DIRECTIONAL
RoutingArch.switch_block_type:  WILTON
RoutingArch.Fs:  3

The circuit will be mapped into a 314 x 314 array of clbs.

Netlist num_nets:  3979
Netlist num_blocks:  5170
Netlist inputs pins:  64
Netlist output pins:  1191

11 28 0
34 20 0
114 18 0
32 49 0
114 20 0
113 24 0
3 25 0
4 26 0
104 30 0
65 4 0
102 26 0
15 26 0
4 27 0
38 27 0
92 22 0
77 4 0
96 4 0
111 4 0
27 31 0
98 23 0
32 22 0
36 9 0
77 3 0
8 31 0
35 17 0
27 1 0
34 9 0
4 32 0
38 19 0
29 21 0
43 6 0
33 24 0
66 27 0
21 24 0
4 28 0
16 27 0
64 23 0
111 15 0
71 15 0
92 9 0
99 5 0
196 0 0
71 4 0
72 11 0
90 16 0
90 11 0
104 7 0
109 5 0
5 34 0
21 25 0
45 30 0
103 24 0
105 17 0
96 2 0
112 4 0
105 5 0
12 37 0
2 33 0
106 8 0
25 10 0
108 7 0
2 43 0
13 26 0
3 27 0
10 34 0
88 24 0
109 9 0
124 8 0
41 51 0
2 34 0
2 32 0
3 38 0
127 10 0
109 10 0
127 9 0
13 35 0
88 12 0
27 34 0
3 41 0
8 29 0
12 48 0
58 23 0
132 11 0
105 10 0
19 32 0
103 19 0
129 25 0
36 11 0
13 33 0
21 34 0
20 34 0
46 33 0
58 26 0
47 14 0
62 14 0
60 12 0
37 27 0
1 52 0
1 32 0
47 18 0
62 18 0
85 19 0
77 2 0
148 315 0
104 19 0
2 29 0
3 23 0
46 25 0
3 33 0
4 50 0
44 27 0
48 22 0
44 29 0
83 5 0
89 2 0
84 4 0
102 10 0
109 19 0
105 20 0
75 7 0
76 5 0
9 30 0
76 27 0
29 13 0
31 24 0
77 22 0
89 9 0
17 31 0
83 7 0
117 18 0
110 18 0
85 4 0
116 3 0
38 1 0
71 2 0
78 3 0
77 5 0
8 34 0
21 26 0
45 26 0
55 27 0
66 29 0
101 36 0
114 10 0
139 3 0
69 20 0
135 13 0
6 34 0
134 14 0
67 15 0
52 19 0
7 30 0
66 4 0
147 3 0
61 35 0
151 19 0
63 27 0
70 11 0
30 7 0
86 2 0
61 6 0
43 1 0
145 6 0
109 14 0
146 5 0
14 36 0
113 17 0
64 1 0
93 4 0
95 25 0
151 9 0
41 18 0
81 13 0
151 5 0
60 20 0
45 2 0
45 1 0
46 1 0
33 26 0
63 21 0
89 33 0
90 3 0
1 38 0
148 8 0
6 27 0
25 28 0
23 24 0
114 4 0
11 24 0
79 5 0
70 12 0
9 37 0
99 19 0
75 27 0
5 26 0
88 29 0
96 7 0
105 22 0
85 5 0
89 8 0
88 35 0
88 9 0
84 24 0
87 19 0
56 4 0
16 33 0
57 20 0
88 25 0
9 27 0
76 22 0
6 32 0
7 32 0
28 19 0
119 26 0
23 49 0
97 16 0
95 20 0
89 1 0
59 22 0
60 40 0
89 20 0
60 23 0
110 19 0
8 27 0
96 12 0
7 25 0
28 30 0
24 19 0
28 29 0
3 35 0
94 16 0
60 25 0
112 22 0
24 1 0
33 4 0
61 11 0
23 23 0
27 27 0
28 24 0
18 32 0
91 18 0
51 31 0
48 24 0
119 5 0
78 15 0
83 3 0
53 4 0
73 15 0
25 5 0
31 3 0
25 1 0
31 1 0
37 23 0
113 4 0
58 4 0
47 10 0
100 4 0
34 48 0
45 4 0
50 18 0
21 29 0
4 33 0
106 3 0
4 16 0
27 22 0
9 29 0
33 28 0
73 52 0
46 20 0
35 2 0
6 40 0
34 1 0
150 6 0
34 26 0
71 51 0
144 35 0
17 16 0
69 14 0
1 50 0
49 27 0
50 27 0
22 40 0
59 19 0
35 26 0
128 10 0
59 21 0
73 51 0
6 25 0
7 46 0
7 48 0
52 8 0
21 10 0
46 15 0
76 6 0
75 17 0
74 1 0
67 24 0
69 51 0
20 29 0
81 4 0
54 25 0
120 25 0
21 30 0
118 21 0
3 34 0
55 21 0
49 22 0
65 26 0
63 8 0
40 25 0
15 30 0
66 28 0
85 21 0
23 10 0
82 32 0
143 17 0
66 51 0
142 50 0
142 44 0
114 28 0
68 26 0
66 26 0
5 40 0
80 22 0
20 32 0
79 26 0
153 25 0
59 9 0
18 20 0
146 15 0
65 33 0
128 18 0
51 29 0
40 1 0
77 36 0
29 18 0
106 26 0
75 26 0
77 26 0
77 28 0
18 25 0
7 18 0
146 14 0
147 12 0
65 18 0
90 26 0
63 24 0
78 22 0
117 34 0
28 14 0
5 44 0
5 38 0
10 35 0
78 19 0
122 23 0
78 37 0
52 26 0
77 37 0
72 51 0
105 27 0
118 19 0
116 26 0
86 22 0
107 27 0
93 29 0
88 5 0
62 23 0
69 19 0
64 27 0
64 33 0
57 24 0
119 12 0
122 1 0
63 23 0
117 26 0
67 26 0
30 45 0
137 10 0
65 24 0
15 38 0
14 30 0
1 33 0
10 29 0
102 25 0
89 27 0
76 4 0
91 25 0
64 22 0
96 27 0
93 88 0
87 31 0
14 39 0
1 27 0
113 13 0
18 14 0
115 13 0
52 25 0
54 26 0
8 33 0
116 8 0
6 37 0
10 27 0
20 28 0
62 24 0
163 6 0
113 28 0
109 6 0
108 16 0
23 33 0
90 5 0
65 35 0
100 2 0
95 27 0
91 88 0
72 12 0
315 160 0
92 88 0
93 87 0
87 33 0
24 26 0
22 23 0
18 9 0
115 4 0
5 37 0
126 3 0
4 30 0
24 8 0
7 26 0
147 2 0
12 23 0
138 19 0
162 4 0
57 29 0
162 3 0
56 31 0
56 18 0
16 25 0
135 2 0
62 28 0
46 38 0
96 14 0
86 17 0
75 22 0
73 17 0
53 58 0
12 51 0
4 19 0
43 12 0
44 24 0
17 21 0
7 27 0
36 22 0
4 38 0
162 27 0
2 35 0
132 2 0
53 32 0
25 36 0
104 9 0
102 2 0
82 26 0
46 17 0
44 22 0
21 17 0
54 11 0
51 10 0
46 22 0
53 52 0
54 57 0
38 29 0
39 14 0
9 14 0
5 3 0
18 28 0
80 4 0
3 20 0
50 21 0
63 13 0
25 35 0
25 7 0
52 11 0
54 5 0
132 5 0
49 12 0
54 40 0
52 50 0
89 36 0
66 2 0
55 59 0
54 58 0
78 10 0
7 8 0
21 33 0
82 9 0
97 13 0
22 16 0
57 10 0
26 23 0
50 17 0
14 21 0
79 6 0
13 27 0
40 19 0
117 9 0
57 6 0
57 3 0
9 34 0
10 25 0
14 28 0
59 3 0
103 22 0
50 5 0
100 5 0
50 24 0
58 19 0
55 9 0
40 27 0
15 47 0
24 2 0
7 7 0
39 8 0
120 5 0
76 21 0
102 22 0
85 7 0
61 40 0
110 1 0
152 7 0
181 4 0
66 7 0
61 8 0
112 11 0
42 22 0
22 11 0
55 16 0
33 25 0
40 7 0
39 7 0
26 29 0
40 3 0
53 19 0
44 23 0
75 4 0
42 6 0
83 10 0
40 6 0
48 16 0
37 3 0
26 5 0
26 4 0
26 1 0
2 15 0
25 6 0
32 8 0
20 5 0
123 14 0
56 22 0
51 18 0
31 7 0
30 18 0
122 4 0
124 4 0
7 22 0
33 37 0
28 52 0
182 7 0
185 3 0
81 1 0
56 40 0
56 16 0
79 10 0
27 19 0
83 11 0
69 7 0
113 20 0
125 1 0
66 18 0
126 11 0
13 23 0
12 31 0
6 29 0
28 37 0
32 27 0
15 23 0
77 17 0
73 10 0
21 52 0
71 19 0
30 16 0
33 17 0
6 35 0
154 19 0
80 11 0
75 11 0
123 3 0
1 39 0
11 50 0
109 17 0
77 21 0
101 14 0
105 12 0
112 18 0
112 17 0
70 19 0
112 19 0
56 19 0
52 16 0
95 21 0
132 1 0
1 31 0
23 17 0
25 30 0
68 11 0
9 28 0
74 18 0
113 2 0
26 20 0
19 1 0
116 17 0
85 12 0
108 12 0
104 12 0
6 30 0
27 8 0
54 1 0
53 18 0
35 19 0
106 5 0
9 26 0
54 15 0
22 29 0
82 13 0
40 31 0
11 34 0
8 39 0
69 22 0
3 39 0
118 16 0
96 20 0
154 15 0
191 18 0
172 14 0
55 13 0
43 18 0
85 11 0
17 27 0
51 17 0
21 28 0
7 34 0
7 52 0
125 12 0
106 12 0
118 12 0
6 47 0
5 28 0
136 10 0
28 15 0
135 15 0
111 11 0
136 12 0
4 31 0
11 6 0
16 17 0
64 3 0
70 2 0
140 18 0
91 6 0
136 14 0
132 14 0
99 17 0
104 17 0
23 31 0
3 32 0
110 15 0
123 18 0
31 35 0
94 21 0
1 45 0
8 25 0
47 19 0
44 16 0
20 22 0
62 8 0
107 15 0
156 20 0
131 18 0
3 31 0
66 21 0
16 29 0
108 9 0
131 17 0
144 11 0
118 13 0
141 18 0
114 12 0
27 14 0
24 28 0
128 1 0
22 21 0
60 19 0
110 12 0
2 28 0
136 13 0
112 23 0
110 16 0
99 15 0
105 7 0
50 16 0
113 25 0
104 11 0
103 11 0
4 40 0
9 20 0
39 16 0
36 35 0
16 18 0
16 16 0
137 11 0
73 25 0
27 16 0
124 24 0
42 19 0
128 16 0
122 17 0
11 25 0
156 18 0
20 19 0
133 15 0
66 9 0
107 22 0
81 14 0
138 20 0
98 17 0
109 16 0
82 16 0
46 31 0
83 18 0
80 19 0
74 15 0
112 21 0
19 15 0
156 14 0
130 16 0
130 17 0
70 13 0
134 16 0
138 18 0
129 2 0
58 28 0
130 10 0
70 51 0
32 23 0
129 19 0
27 21 0
29 11 0
90 8 0
17 13 0
99 6 0
6 49 0
4 48 0
148 10 0
24 32 0
148 15 0
18 15 0
25 34 0
132 6 0
99 14 0
24 18 0
32 13 0
113 22 0
91 2 0
123 21 0
18 12 0
108 5 0
13 28 0
7 29 0
6 15 0
30 1 0
18 18 0
15 39 0
59 17 0
28 35 0
96 15 0
60 21 0
110 21 0
61 5 0
102 19 0
43 17 0
110 20 0
49 9 0
138 16 0
89 25 0
87 15 0
88 18 0
50 6 0
51 14 0
57 15 0
102 3 0
97 12 0
117 7 0
55 8 0
9 6 0
144 7 0
47 20 0
145 9 0
157 14 0
155 14 0
9 31 0
9 33 0
5 43 0
149 6 0
13 19 0
5 23 0
6 38 0
97 19 0
29 34 0
38 16 0
125 17 0
25 14 0
8 8 0
142 1 0
45 44 0
20 35 0
13 50 0
48 15 0
56 32 0
44 13 0
145 19 0
148 19 0
45 9 0
46 12 0
134 10 0
114 15 0
57 22 0
111 8 0
102 11 0
50 8 0
19 22 0
3 21 0
14 10 0
45 13 0
35 15 0
59 13 0
100 11 0
62 11 0
60 5 0
18 33 0
13 18 0
45 18 0
11 52 0
11 38 0
12 11 0
64 20 0
27 32 0
45 15 0
2 30 0
159 15 0
54 8 0
48 6 0
63 10 0
89 24 0
119 18 0
58 9 0
187 11 0
111 20 0
116 19 0
117 19 0
51 9 0
56 7 0
36 1 0
49 11 0
51 7 0
93 16 0
2 40 0
130 2 0
50 14 0
61 13 0
6 33 0
17 25 0
49 7 0
4 17 0
130 4 0
109 12 0
20 18 0
92 1 0
57 9 0
54 2 0
114 9 0
159 5 0
11 16 0
92 87 0
100 10 0
8 41 0
99 8 0
78 9 0
103 4 0
105 2 0
97 3 0
52 3 0
69 4 0
99 37 0
142 14 0
115 8 0
101 16 0
63 37 0
136 16 0
136 6 0
154 11 0
30 24 0
186 11 0
190 9 0
187 8 0
56 10 0
77 30 0
315 269 0
49 10 0
15 1 0
9 19 0
53 1 0
12 40 0
45 22 0
119 2 0
80 6 0
168 2 0
81 9 0
125 10 0
51 25 0
66 22 0
54 10 0
91 19 0
15 19 0
83 8 0
7 5 0
82 4 0
2 37 0
64 15 0
112 5 0
63 20 0
68 15 0
30 15 0
120 12 0
22 9 0
117 11 0
73 21 0
116 5 0
23 32 0
117 10 0
9 41 0
133 5 0
149 4 0
20 15 0
128 21 0
79 32 0
28 1 0
118 7 0
99 28 0
22 33 0
53 12 0
111 9 0
60 9 0
41 7 0
53 10 0
81 30 0
79 30 0
120 33 0
5 18 0
101 4 0
123 9 0
72 22 0
96 13 0
136 15 0
72 23 0
57 30 0
79 28 0
78 28 0
36 27 0
58 5 0
83 28 0
95 28 0
8 12 0
3 24 0
2 25 0
143 3 0
38 10 0
26 16 0
145 7 0
9 38 0
47 44 0
4 22 0
125 19 0
24 14 0
152 8 0
126 4 0
135 9 0
143 10 0
163 3 0
13 13 0
34 24 0
11 23 0
17 32 0
56 3 0
38 4 0
50 20 0
130 19 0
3 22 0
65 3 0
133 4 0
51 11 0
147 15 0
121 6 0
56 58 0
181 5 0
176 16 0
156 2 0
85 29 0
85 36 0
80 30 0
71 29 0
130 5 0
17 30 0
44 2 0
147 11 0
25 31 0
145 15 0
147 9 0
122 9 0
116 16 0
5 31 0
89 18 0
16 15 0
15 18 0
0 29 0
8 35 0
140 15 0
3 44 0
6 51 0
50 1 0
5 46 0
73 11 0
57 23 0
137 16 0
21 11 0
16 20 0
32 9 0
58 1 0
25 11 0
115 9 0
7 6 0
10 51 0
8 23 0
156 11 0
17 2 0
77 8 0
121 11 0
14 38 0
57 7 0
48 12 0
95 11 0
30 5 0
103 16 0
8 4 0
4 7 0
74 7 0
14 34 0
52 9 0
91 11 0
169 11 0
113 3 0
31 11 0
117 21 0
151 13 0
106 10 0
128 11 0
57 19 0
152 3 0
92 17 0
4 12 0
1 14 0
127 2 0
155 15 0
122 3 0
50 4 0
4 37 0
156 16 0
159 2 0
153 10 0
22 25 0
106 4 0
154 6 0
135 17 0
51 2 0
119 20 0
26 13 0
17 39 0
59 7 0
120 8 0
122 5 0
83 2 0
91 15 0
97 5 0
96 28 0
118 20 0
139 1 0
38 3 0
43 16 0
81 16 0
115 21 0
70 7 0
1 35 0
31 13 0
79 18 0
110 3 0
9 18 0
2 22 0
11 37 0
4 25 0
53 25 0
55 5 0
75 18 0
42 8 0
135 11 0
77 7 0
22 1 0
9 43 0
104 27 0
163 9 0
2 13 0
4 46 0
0 36 0
7 16 0
40 5 0
0 39 0
7 13 0
102 14 0
41 23 0
103 20 0
102 27 0
22 59 0
69 26 0
40 10 0
70 17 0
104 28 0
165 4 0
97 23 0
151 6 0
5 32 0
112 13 0
58 12 0
4 43 0
29 2 0
14 9 0
125 11 0
44 25 0
1 25 0
156 5 0
63 18 0
16 14 0
50 7 0
165 0 0
153 6 0
100 7 0
69 11 0
6 17 0
112 2 0
129 6 0
39 10 0
136 9 0
145 8 0
20 26 0
77 15 0
109 18 0
35 3 0
99 11 0
93 7 0
0 37 0
25 24 0
98 3 0
21 35 0
89 5 0
14 25 0
40 18 0
30 28 0
105 9 0
10 24 0
156 3 0
107 13 0
106 22 0
113 21 0
7 21 0
76 1 0
107 9 0
2 2 0
51 4 0
42 4 0
20 42 0
14 5 0
71 44 0
60 2 0
68 6 0
121 14 0
8 5 0
75 3 0
1 3 0
63 15 0
23 12 0
2 12 0
168 1 0
25 40 0
66 8 0
103 9 0
36 3 0
96 5 0
134 15 0
63 22 0
152 4 0
97 1 0
51 0 0
71 5 0
5 1 0
53 11 0
20 8 0
6 7 0
27 20 0
61 18 0
66 13 0
17 14 0
5 6 0
121 10 0
36 6 0
21 80 0
139 7 0
72 17 0
92 21 0
109 3 0
30 17 0
8 40 0
9 42 0
91 3 0
69 24 0
2 16 0
145 1 0
82 35 0
27 5 0
171 6 0
115 15 0
82 20 0
2 23 0
33 20 0
69 2 0
13 7 0
17 11 0
33 18 0
92 10 0
18 7 0
65 27 0
92 8 0
40 17 0
69 36 0
4 42 0
82 8 0
133 9 0
14 13 0
23 29 0
32 11 0
165 12 0
82 36 0
12 8 0
153 1 0
140 13 0
3 6 0
164 12 0
80 3 0
108 19 0
15 13 0
18 29 0
76 8 0
18 50 0
27 29 0
118 8 0
155 5 0
81 10 0
42 9 0
93 13 0
157 18 0
156 13 0
81 29 0
14 37 0
67 12 0
141 7 0
15 31 0
55 4 0
71 3 0
2 14 0
131 13 0
35 14 0
170 7 0
6 41 0
20 10 0
45 6 0
130 15 0
4 34 0
19 7 0
20 46 0
8 18 0
79 35 0
48 9 0
120 9 0
14 8 0
6 12 0
28 33 0
165 19 0
140 11 0
29 16 0
95 3 0
0 22 0
1 8 0
116 6 0
44 20 0
38 35 0
5 7 0
102 1 0
11 20 0
75 2 0
90 19 0
1 20 0
86 10 0
16 26 0
107 7 0
21 22 0
135 5 0
34 19 0
19 12 0
138 14 0
11 4 0
68 16 0
5 42 0
7 3 0
36 15 0
37 26 0
99 2 0
40 24 0
129 8 0
12 38 0
76 15 0
103 21 0
8 24 0
159 3 0
117 20 0
81 2 0
9 8 0
10 5 0
40 20 0
25 8 0
146 0 0
100 19 0
49 1 0
6 18 0
121 17 0
42 7 0
25 50 0
60 4 0
54 7 0
128 5 0
21 2 0
16 7 0
103 12 0
15 15 0
40 22 0
78 6 0
74 21 0
32 10 0
4 20 0
16 3 0
33 1 0
19 13 0
89 11 0
45 27 0
93 6 0
125 6 0
138 6 0
33 6 0
69 9 0
113 23 0
15 11 0
122 21 0
22 10 0
31 14 0
42 17 0
142 11 0
33 27 0
98 15 0
35 20 0
16 10 0
50 22 0
99 7 0
121 21 0
66 16 0
40 11 0
63 6 0
75 14 0
133 1 0
52 5 0
73 13 0
65 6 0
47 22 0
153 5 0
11 21 0
143 8 0
77 11 0
87 8 0
100 36 0
53 17 0
112 10 0
49 23 0
114 34 0
86 56 0
134 8 0
59 25 0
26 24 0
101 5 0
16 0 0
5 12 0
74 17 0
62 3 0
21 4 0
13 36 0
21 6 0
80 1 0
0 8 0
162 315 0
69 6 0
146 1 0
2 46 0
28 27 0
36 13 0
8 7 0
17 23 0
6 4 0
69 15 0
19 5 0
89 35 0
14 35 0
9 24 0
6 9 0
7 44 0
131 0 0
150 17 0
74 6 0
19 6 0
54 16 0
38 22 0
315 103 0
17 50 0
81 31 0
21 13 0
22 49 0
19 27 0
38 11 0
25 3 0
27 10 0
3 3 0
76 3 0
59 24 0
6 50 0
49 3 0
9 21 0
31 15 0
81 19 0
32 17 0
34 11 0
34 15 0
12 1 0
27 33 0
36 16 0
27 24 0
29 14 0
41 17 0
129 3 0
84 15 0
14 48 0
58 18 0
3 9 0
62 20 0
28 18 0
23 6 0
42 5 0
6 43 0
120 6 0
0 16 0
0 41 0
13 14 0
61 22 0
18 8 0
68 23 0
13 6 0
50 2 0
17 4 0
19 17 0
41 27 0
91 4 0
31 10 0
89 4 0
10 1 0
86 6 0
46 18 0
21 8 0
22 17 0
3 18 0
13 31 0
94 10 0
133 7 0
73 3 0
24 33 0
51 20 0
22 6 0
104 16 0
49 14 0
37 44 0
24 27 0
33 5 0
63 12 0
11 12 0
40 43 0
40 16 0
178 22 0
118 3 0
143 1 0
23 34 0
29 27 0
65 54 0
45 19 0
47 7 0
61 20 0
1 28 0
95 9 0
12 32 0
38 17 0
96 19 0
32 20 0
127 5 0
42 14 0
150 11 0
82 1 0
125 13 0
52 13 0
14 16 0
19 8 0
152 18 0
24 13 0
33 11 0
112 3 0
90 10 0
118 2 0
145 16 0
22 13 0
5 2 0
99 34 0
51 24 0
33 23 0
14 14 0
16 1 0
145 10 0
88 22 0
9 12 0
23 19 0
5 45 0
7 45 0
135 8 0
26 27 0
115 3 0
52 20 0
69 12 0
9 5 0
111 16 0
50 10 0
79 2 0
14 51 0
113 8 0
74 9 0
140 8 0
141 10 0
59 10 0
147 8 0
33 22 0
143 35 0
11 18 0
38 8 0
191 15 0
139 11 0
13 32 0
148 18 0
135 14 0
44 6 0
158 5 0
8 1 0
10 46 0
103 31 0
30 23 0
122 7 0
54 22 0
7 41 0
3 28 0
111 6 0
157 8 0
92 6 0
63 14 0
109 15 0
151 1 0
22 30 0
118 14 0
6 48 0
9 36 0
4 18 0
36 4 0
105 21 0
70 31 0
11 8 0
157 7 0
94 19 0
17 24 0
93 18 0
31 4 0
80 36 0
44 8 0
26 10 0
8 16 0
127 22 0
88 11 0
60 14 0
75 34 0
47 9 0
49 2 0
49 26 0
0 20 0
102 21 0
66 19 0
82 5 0
84 3 0
20 3 0
16 50 0
73 12 0
137 6 0
91 5 0
53 7 0
72 20 0
1 13 0
101 20 0
47 25 0
47 6 0
83 19 0
80 28 0
66 38 0
32 45 0
35 10 0
114 6 0
71 17 0
131 14 0
39 44 0
67 18 0
27 17 0
132 4 0
79 3 0
125 8 0
68 18 0
106 6 0
75 15 0
59 14 0
68 14 0
80 13 0
0 6 0
123 6 0
47 23 0
43 20 0
62 17 0
18 27 0
39 32 0
103 5 0
156 9 0
38 2 0
0 38 0
27 4 0
10 18 0
10 36 0
33 2 0
79 21 0
31 21 0
36 30 0
43 19 0
143 4 0
142 8 0
27 18 0
33 3 0
75 35 0
157 6 0
116 20 0
12 29 0
11 17 0
24 21 0
45 20 0
64 6 0
53 14 0
49 19 0
30 19 0
37 8 0
41 8 0
55 24 0
82 15 0
26 21 0
52 15 0
142 13 0
69 1 0
41 9 0
35 13 0
34 5 0
2 38 0
93 3 0
19 26 0
11 14 0
0 11 0
162 0 0
47 16 0
27 3 0
144 2 0
113 1 0
67 13 0
127 3 0
50 26 0
11 27 0
92 3 0
178 0 0
92 25 0
139 16 0
92 2 0
1 34 0
108 6 0
85 20 0
0 10 0
3 51 0
14 17 0
35 8 0
16 24 0
46 3 0
139 4 0
99 1 0
71 25 0
147 7 0
31 12 0
116 4 0
125 21 0
33 38 0
29 22 0
72 9 0
22 12 0
31 20 0
160 4 0
122 20 0
112 29 0
16 34 0
27 26 0
57 28 0
6 0 0
146 8 0
15 22 0
35 16 0
141 1 0
18 4 0
101 19 0
31 50 0
138 11 0
107 8 0
111 10 0
39 13 0
113 10 0
158 9 0
122 2 0
54 51 0
9 13 0
48 10 0
94 2 0
127 0 0
17 29 0
114 14 0
9 1 0
79 24 0
66 1 0
142 7 0
115 24 0
68 8 0
111 3 0
180 8 0
96 16 0
28 36 0
32 24 0
18 13 0
64 10 0
8 52 0
2 44 0
1 29 0
146 16 0
84 12 0
15 8 0
30 12 0
81 3 0
49 15 0
64 5 0
1 15 0
5 48 0
43 7 0
30 30 0
125 23 0
6 28 0
87 17 0
50 3 0
139 9 0
150 14 0
0 2 0
27 13 0
79 12 0
97 10 0
10 32 0
15 12 0
45 16 0
10 3 0
96 1 0
114 3 0
7 12 0
89 16 0
64 41 0
18 21 0
77 20 0
41 24 0
171 5 0
28 9 0
44 17 0
78 20 0
12 18 0
8 13 0
70 25 0
92 7 0
191 0 0
102 7 0
160 8 0
51 6 0
142 15 0
33 10 0
37 25 0
30 9 0
1 9 0
38 9 0
30 22 0
59 4 0
3 40 0
5 30 0
107 5 0
17 81 0
52 2 0
2 9 0
11 7 0
86 3 0
159 7 0
55 40 0
101 21 0
94 8 0
22 26 0
7 35 0
3 17 0
95 4 0
65 9 0
12 7 0
105 13 0
23 20 0
98 4 0
111 22 0
5 15 0
105 8 0
1 2 0
18 24 0
117 16 0
88 1 0
44 11 0
63 1 0
13 34 0
1 7 0
115 7 0
191 22 0
7 4 0
7 38 0
46 11 0
61 9 0
112 7 0
107 4 0
56 20 0
52 22 0
2 41 0
165 1 0
149 14 0
134 4 0
59 23 0
55 10 0
112 6 0
74 34 0
6 44 0
25 18 0
149 8 0
2 4 0
141 0 0
4 10 0
19 33 0
11 3 0
7 36 0
165 5 0
15 28 0
6 6 0
6 5 0
28 20 0
20 11 0
43 10 0
168 6 0
23 35 0
3 49 0
28 46 0
109 8 0
2 6 0
16 22 0
155 18 0
17 12 0
67 16 0
10 6 0
49 16 0
18 5 0
54 3 0
126 14 0
136 41 0
124 2 0
12 6 0
36 19 0
51 16 0
107 1 0
13 4 0
9 47 0
48 33 0
54 30 0
120 4 0
61 23 0
47 11 0
157 2 0
18 10 0
87 21 0
33 12 0
85 26 0
10 22 0
107 17 0
13 11 0
108 20 0
7 37 0
3 29 0
29 50 0
37 6 0
91 7 0
5 16 0
45 17 0
94 6 0
107 21 0
170 1 0
116 7 0
6 42 0
55 15 0
50 34 0
123 12 0
19 20 0
7 10 0
41 16 0
84 14 0
315 94 0
75 20 0
100 16 0
156 8 0
10 39 0
94 11 0
19 4 0
28 22 0
0 15 0
23 9 0
0 45 0
26 22 0
23 39 0
120 7 0
84 21 0
41 10 0
33 29 0
19 45 0
142 3 0
36 24 0
3 14 0
100 12 0
115 2 0
126 5 0
35 7 0
142 16 0
21 20 0
87 1 0
136 4 0
61 29 0
11 19 0
112 15 0
74 38 0
115 14 0
133 2 0
14 24 0
97 6 0
75 33 0
22 19 0
95 29 0
34 2 0
34 13 0
141 5 0
45 8 0
0 12 0
29 4 0
48 1 0
95 15 0
118 5 0
77 1 0
101 24 0
1 49 0
23 16 0
5 14 0
120 20 0
65 30 0
36 2 0
62 13 0
0 14 0
106 20 0
143 9 0
51 8 0
16 32 0
125 4 0
22 44 0
68 5 0
9 4 0
46 4 0
4 13 0
68 1 0
121 2 0
56 5 0
60 8 0
52 6 0
5 4 0
166 3 0
1 11 0
56 2 0
86 4 0
111 7 0
72 1 0
94 1 0
33 33 0
4 49 0
5 33 0
131 4 0
6 2 0
59 8 0
47 5 0
10 15 0
2 19 0
90 17 0
126 6 0
49 8 0
191 17 0
0 42 0
58 14 0
68 2 0
32 26 0
82 2 0
0 43 0
76 14 0
53 21 0
74 4 0
92 11 0
86 12 0
103 13 0
75 39 0
5 11 0
38 23 0
88 15 0
83 20 0
6 45 0
99 20 0
56 6 0
75 19 0
144 0 0
0 21 0
126 10 0
86 5 0
61 14 0
54 9 0
167 2 0
119 4 0
16 8 0
84 9 0
15 2 0
37 1 0
17 8 0
103 3 0
163 4 0
57 8 0
159 12 0
97 9 0
49 21 0
19 19 0
86 11 0
123 8 0
119 13 0
38 21 0
26 2 0
50 12 0
96 8 0
25 17 0
163 2 0
140 7 0
15 5 0
14 2 0
55 25 0
117 5 0
62 22 0
10 17 0
5 50 0
144 5 0
65 8 0
45 37 0
26 9 0
56 1 0
75 9 0
119 14 0
18 3 0
24 6 0
111 2 0
129 4 0
50 15 0
40 2 0
40 15 0
138 1 0
28 8 0
72 6 0
15 24 0
29 6 0
115 18 0
28 6 0
1 4 0
26 50 0
36 8 0
101 6 0
143 7 0
158 0 0
103 10 0
7 17 0
62 9 0
30 3 0
88 36 0
58 22 0
8 46 0
10 43 0
97 14 0
62 21 0
10 9 0
32 3 0
65 38 0
104 2 0
3 10 0
51 19 0
162 6 0
0 313 0
46 24 0
144 6 0
21 51 0
111 23 0
24 49 0
49 5 0
105 4 0
100 9 0
92 5 0
55 1 0
23 28 0
23 25 0
3 16 0
37 11 0
55 20 0
138 13 0
16 9 0
39 17 0
44 26 0
34 4 0
199 0 0
70 4 0
8 10 0
158 11 0
19 18 0
82 10 0
55 18 0
95 6 0
0 32 0
67 10 0
38 0 0
89 29 0
19 34 0
41 47 0
27 7 0
25 9 0
98 13 0
315 239 0
87 20 0
78 8 0
6 19 0
129 24 0
69 3 0
93 2 0
0 25 0
97 2 0
22 18 0
76 12 0
62 1 0
122 16 0
9 0 0
113 27 0
2 49 0
61 19 0
43 26 0
35 31 0
1 17 0
28 5 0
97 4 0
13 9 0
114 8 0
16 31 0
132 3 0
58 25 0
27 12 0
8 9 0
19 21 0
2 20 0
36 17 0
21 14 0
5 35 0
41 22 0
155 19 0
7 43 0
25 26 0
117 3 0
20 80 0
49 24 0
119 6 0
130 8 0
56 26 0
135 16 0
103 15 0
20 6 0
114 11 0
78 4 0
129 5 0
32 14 0
146 7 0
95 35 0
132 7 0
60 16 0
50 11 0
139 12 0
78 2 0
3 11 0
99 16 0
268 315 0
55 22 0
6 16 0
79 20 0
1 18 0
34 8 0
8 48 0
60 7 0
140 3 0
98 6 0
156 6 0
109 7 0
37 19 0
7 19 0
35 29 0
36 12 0
90 6 0
28 7 0
25 46 0
99 9 0
12 24 0
18 34 0
26 33 0
9 45 0
115 27 0
61 12 0
147 14 0
0 17 0
5 52 0
17 1 0
144 18 0
31 22 0
161 10 0
138 10 0
71 12 0
141 14 0
42 26 0
53 3 0
168 9 0
6 31 0
14 31 0
100 24 0
42 15 0
65 1 0
122 6 0
64 26 0
32 25 0
71 10 0
87 2 0
32 19 0
14 26 0
40 12 0
69 18 0
23 3 0
116 9 0
53 6 0
96 3 0
87 27 0
64 4 0
6 14 0
65 2 0
140 14 0
42 3 0
10 2 0
28 11 0
136 22 0
132 17 0
22 2 0
7 14 0
26 18 0
17 26 0
63 2 0
117 1 0
110 7 0
19 23 0
15 25 0
122 8 0
10 10 0
63 19 0
22 5 0
72 7 0
106 21 0
22 20 0
59 5 0
35 5 0
102 4 0
19 28 0
137 1 0
65 14 0
35 49 0
120 10 0
20 27 0
26 3 0
125 20 0
31 5 0
6 53 0
37 17 0
27 11 0
98 8 0
117 14 0
71 1 0
13 16 0
73 8 0
20 4 0
71 20 0
61 26 0
67 2 0
63 11 0
133 0 0
95 19 0
135 7 0
104 10 0
31 19 0
63 4 0
56 9 0
11 1 0
67 19 0
136 2 0
43 46 0
84 29 0
63 7 0
47 4 0
102 6 0
73 1 0
155 1 0
20 14 0
27 2 0
57 14 0
51 15 0
37 13 0
67 38 0
37 18 0
72 19 0
16 12 0
23 1 0
48 11 0
140 9 0
93 5 0
60 3 0
28 21 0
72 4 0
20 17 0
3 13 0
37 12 0
130 7 0
125 9 0
4 6 0
145 3 0
56 21 0
51 13 0
39 6 0
70 18 0
40 26 0
58 21 0
62 10 0
4 47 0
5 47 0
12 21 0
128 9 0
30 6 0
44 1 0
136 7 0
3 47 0
38 15 0
54 4 0
0 18 0
101 13 0
121 20 0
29 7 0
118 6 0
24 3 0
44 12 0
82 29 0
119 11 0
10 13 0
111 1 0
20 13 0
14 6 0
39 4 0
59 2 0
29 10 0
15 16 0
46 5 0
150 0 0
13 12 0
57 1 0
129 7 0
118 4 0
8 6 0
58 6 0
10 23 0
61 3 0
64 13 0
89 6 0
6 26 0
53 2 0
54 18 0
90 25 0
73 16 0
31 16 0
15 4 0
19 16 0
70 8 0
15 6 0
28 2 0
98 20 0
95 2 0
143 6 0
15 7 0
146 11 0
76 26 0
107 3 0
110 5 0
34 16 0
5 13 0
154 4 0
74 14 0
64 11 0
77 13 0
101 9 0
144 13 0
37 15 0
1 5 0
6 1 0
175 4 0
120 11 0
55 30 0
25 49 0
98 2 0
30 2 0
14 11 0
62 6 0
60 22 0
54 6 0
44 4 0
26 6 0
21 3 0
121 29 0
135 6 0
5 19 0
21 7 0
7 24 0
15 20 0
140 10 0
23 7 0
8 19 0
48 13 0
68 34 0
62 2 0
37 2 0
46 6 0
78 24 0
34 14 0
80 7 0
68 4 0
31 2 0
5 8 0
45 3 0
5 21 0
93 10 0
39 24 0
42 18 0
60 24 0
13 30 0
137 7 0
70 10 0
54 21 0
50 19 0
100 8 0
28 3 0
43 3 0
74 13 0
2 26 0
31 23 0
78 18 0
167 1 0
32 2 0
1 26 0
12 19 0
84 7 0
8 28 0
94 9 0
25 27 0
98 5 0
10 8 0
72 3 0
65 23 0
61 15 0
11 13 0
23 4 0
126 9 0
155 4 0
86 26 0
10 12 0
75 5 0
79 22 0
71 16 0
16 5 0
35 22 0
26 41 0
3 5 0
24 5 0
10 33 0
2 39 0
61 7 0
123 16 0
53 9 0
16 2 0
38 13 0
33 51 0
34 36 0
78 11 0
24 11 0
21 23 0
64 12 0
21 19 0
47 8 0
85 27 0
105 23 0
115 10 0
92 27 0
5 25 0
152 12 0
32 5 0
91 9 0
3 15 0
144 25 0
32 1 0
10 11 0
40 13 0
92 31 0
2 3 0
29 3 0
15 3 0
128 17 0
1 23 0
96 26 0
7 11 0
90 4 0
104 3 0
118 1 0
94 15 0
57 11 0
18 6 0
35 12 0
61 10 0
141 9 0
43 11 0
61 4 0
13 24 0
6 13 0
97 20 0
71 8 0
103 7 0
21 12 0
160 7 0
144 17 0
17 28 0
134 3 0
135 4 0
63 5 0
139 10 0
113 14 0
92 13 0
155 0 0
42 46 0
57 5 0
170 13 0
8 15 0
94 31 0
25 19 0
146 33 0
27 6 0
64 24 0
11 22 0
83 12 0
27 15 0
98 18 0
7 15 0
67 9 0
49 17 0
24 29 0
4 11 0
10 0 0
9 7 0
33 7 0
53 13 0
11 32 0
87 23 0
128 3 0
0 13 0
103 6 0
38 6 0
12 16 0
24 43 0
158 1 0
174 4 0
19 11 0
84 23 0
152 29 0
41 46 0
0 44 0
11 5 0
49 20 0
9 32 0
59 1 0
88 14 0
42 2 0
11 15 0
21 5 0
71 9 0
35 18 0
168 10 0
52 32 0
12 2 0
8 32 0
15 10 0
66 11 0
55 7 0
104 20 0
88 6 0
12 10 0
1 51 0
90 35 0
56 15 0
32 6 0
63 17 0
57 13 0
21 21 0
80 35 0
116 10 0
38 5 0
26 11 0
47 27 0
23 50 0
87 4 0
116 11 0
99 22 0
57 21 0
108 22 0
12 15 0
92 14 0
89 26 0
93 27 0
176 12 0
0 9 0
45 23 0
118 18 0
109 11 0
4 24 0
39 20 0
108 3 0
2 18 0
52 12 0
126 19 0
5 9 0
69 13 0
149 5 0
46 2 0
5 51 0
1 42 0
92 35 0
14 7 0
23 11 0
10 49 0
6 20 0
16 21 0
47 0 0
150 5 0
69 5 0
105 3 0
7 0 0
39 45 0
103 8 0
3 19 0
117 29 0
23 8 0
10 16 0
30 20 0
136 5 0
68 10 0
126 24 0
147 6 0
126 22 0
119 3 0
8 45 0
101 17 0
152 9 0
94 12 0
66 12 0
14 15 0
10 7 0
111 29 0
131 5 0
2 47 0
128 22 0
117 23 0
127 16 0
106 7 0
13 3 0
160 13 0
57 4 0
0 7 0
93 11 0
94 20 0
53 5 0
134 2 0
6 11 0
1 21 0
18 2 0
25 21 0
95 12 0
68 3 0
1 10 0
39 2 0
124 22 0
16 30 0
5 29 0
13 42 0
41 15 0
1 30 0
84 34 0
141 11 0
50 13 0
82 19 0
11 10 0
5 41 0
3 12 0
64 8 0
66 5 0
4 2 0
128 2 0
79 4 0
40 45 0
110 6 0
41 14 0
104 4 0
112 28 0
32 16 0
47 3 0
74 20 0
50 23 0
48 19 0
79 9 0
75 10 0
83 22 0
73 6 0
138 7 0
120 3 0
16 35 0
36 5 0
137 5 0
88 20 0
80 8 0
28 4 0
155 6 0
26 8 0
20 20 0
16 6 0
64 34 0
85 2 0
21 18 0
91 10 0
31 6 0
57 2 0
66 3 0
12 12 0
42 1 0
47 1 0
44 10 0
44 9 0
13 39 0
180 4 0
15 21 0
25 13 0
78 5 0
34 12 0
31 49 0
4 4 0
52 4 0
48 5 0
14 12 0
65 5 0
26 15 0
42 13 0
68 24 0
28 34 0
139 15 0
25 29 0
132 15 0
36 48 0
74 8 0
37 20 0
137 15 0
42 10 0
19 25 0
3 43 0
9 44 0
146 6 0
20 9 0
29 19 0
141 2 0
27 35 0
51 23 0
16 4 0
24 16 0
104 5 0
146 3 0
80 18 0
24 17 0
6 21 0
30 11 0
25 47 0
56 8 0
13 25 0
124 9 0
20 16 0
87 6 0
0 30 0
52 23 0
24 20 0
14 42 0
6 10 0
14 18 0
107 10 0
123 4 0
14 22 0
29 20 0
1 44 0
110 17 0
152 6 0
30 50 0
14 3 0
28 16 0
137 3 0
166 8 0
4 35 0
100 3 0
46 14 0
86 1 0
35 6 0
36 10 0
20 25 0
41 5 0
5 10 0
71 23 0
116 14 0
110 2 0
25 22 0
9 50 0
10 19 0
79 29 0
68 33 0
40 21 0
124 26 0
127 7 0
101 3 0
3 42 0
23 14 0
4 15 0
82 3 0
141 4 0
95 14 0
0 140 0
76 13 0
80 29 0
166 12 0
11 2 0
3 52 0
99 38 0
93 24 0
114 2 0
140 19 0
2 45 0
29 12 0
142 9 0
23 13 0
123 1 0
126 1 0
16 38 0
0 24 0
37 22 0
6 23 0
19 42 0
19 10 0
9 2 0
135 22 0
119 19 0
17 22 0
75 8 0
123 2 0
58 10 0
9 10 0
55 12 0
4 39 0
67 6 0
12 9 0
144 8 0
150 4 0
22 27 0
79 13 0
18 22 0
112 12 0
1 1 0
20 12 0
86 24 0
24 0 0
46 26 0
64 14 0
9 40 0
19 2 0
14 27 0
85 3 0
93 9 0
88 3 0
112 27 0
54 29 0
105 1 0
29 30 0
138 4 0
22 8 0
124 1 0
47 40 0
1 19 0
73 22 0
16 11 0
58 2 0
13 45 0
133 10 0
74 16 0
72 2 0
51 26 0
17 3 0
42 27 0
43 25 0
12 3 0
4 29 0
13 2 0
81 5 0
157 3 0
48 8 0
62 16 0
137 2 0
51 1 0
36 20 0
153 4 0
106 15 0
61 24 0
16 37 0
106 1 0
82 12 0
84 2 0
100 20 0
71 18 0
39 5 0
169 3 0
67 25 0
111 12 0
39 23 0
86 31 0
4 44 0
55 19 0
96 54 0
88 2 0
73 5 0
63 9 0
33 19 0
8 26 0
89 19 0
102 16 0
89 40 0
55 23 0
8 51 0
22 24 0
149 42 0
79 17 0
59 18 0
142 5 0
162 14 0
20 1 0
76 2 0
3 37 0
2 7 0
25 33 0
0 31 0
34 6 0
19 3 0
52 10 0
12 4 0
8 44 0
20 21 0
30 14 0
57 18 0
18 11 0
16 28 0
31 9 0
41 3 0
38 7 0
114 7 0
55 6 0
51 5 0
42 16 0
48 23 0
68 13 0
55 28 0
22 7 0
39 22 0
52 33 0
39 3 0
64 7 0
37 10 0
73 9 0
106 2 0
72 16 0
40 14 0
44 3 0
25 4 0
85 10 0
27 9 0
42 11 0
12 17 0
157 15 0
113 12 0
52 21 0
57 12 0
35 11 0
21 15 0
131 2 0
12 14 0
76 16 0
10 28 0
1 16 0
63 3 0
47 2 0
41 2 0
68 20 0
26 31 0
94 4 0
103 18 0
6 39 0
143 15 0
61 2 0
101 11 0
23 51 0
164 8 0
4 3 0
9 15 0
3 1 0
75 12 0
102 8 0
46 10 0
40 23 0
41 25 0
121 1 0
37 4 0
53 23 0
38 24 0
52 1 0
31 17 0
51 30 0
1 40 0
42 24 0
7 28 0
53 22 0
47 13 0
55 17 0
101 18 0
140 6 0
123 7 0
36 14 0
14 1 0
13 1 0
49 6 0
36 23 0
131 36 0
12 39 0
17 10 0
133 8 0
1 12 0
12 5 0
22 14 0
104 18 0
53 8 0
44 7 0
94 3 0
1 37 0
7 9 0
104 21 0
60 6 0
65 19 0
58 17 0
101 12 0
16 36 0
53 38 0
13 21 0
102 18 0
66 17 0
67 3 0
101 8 0
2 17 0
149 2 0
134 7 0
4 14 0
145 13 0
71 7 0
4 45 0
120 2 0
107 6 0
0 34 0
80 5 0
138 12 0
98 19 0
98 9 0
9 17 0
78 16 0
79 16 0
12 26 0
45 24 0
6 22 0
99 12 0
100 6 0
134 6 0
8 3 0
56 11 0
29 5 0
12 52 0
0 40 0
25 2 0
72 14 0
83 32 0
88 19 0
34 17 0
28 12 0
22 35 0
138 0 0
86 23 0
44 14 0
149 19 0
128 12 0
8 43 0
35 23 0
26 47 0
23 30 0
155 11 0
43 14 0
164 4 0
59 16 0
89 3 0
156 1 0
162 1 0
9 23 0
73 20 0
11 29 0
85 16 0
108 10 0
108 11 0
142 2 0
121 7 0
130 1 0
126 8 0
88 7 0
94 18 0
53 16 0
50 25 0
34 27 0
64 18 0
20 24 0
81 6 0
23 21 0
35 50 0
39 1 0
113 5 0
45 21 0
46 9 0
68 7 0
21 1 0
23 15 0
17 19 0
16 23 0
2 21 0
13 29 0
55 58 0
45 5 0
22 4 0
91 14 0
95 18 0
107 24 0
24 12 0
144 9 0
149 3 0
99 18 0
78 14 0
86 36 0
16 13 0
90 18 0
85 15 0
58 3 0
51 3 0
62 5 0
28 26 0
64 16 0
34 10 0
88 28 0
126 15 0
70 6 0
28 31 0
10 21 0
154 2 0
48 4 0
5 36 0
14 33 0
67 7 0
70 5 0
26 46 0
0 35 0
22 50 0
8 22 0
22 15 0
1 43 0
46 23 0
1 24 0
8 11 0
123 13 0
0 33 0
49 18 0
21 81 0
83 15 0
74 3 0
96 18 0
67 17 0
92 16 0
9 48 0
28 13 0
113 19 0
85 18 0
92 20 0
65 15 0
156 10 0
18 31 0
48 7 0
85 17 0
97 15 0
99 21 0
41 6 0
147 5 0
134 17 0
66 25 0
3 50 0
68 9 0
8 2 0
34 22 0
13 20 0
39 9 0
33 8 0
11 39 0
82 11 0
8 14 0
42 12 0
24 7 0
33 15 0
91 13 0
25 15 0
15 32 0
3 8 0
19 24 0
3 53 0
33 21 0
100 27 0
14 4 0
100 1 0
116 13 0
18 26 0
58 37 0
100 18 0
21 49 0
109 13 0
13 5 0
114 16 0
72 15 0
156 28 0
36 21 0
10 47 0
147 13 0
109 22 0
53 15 0
122 13 0
108 13 0
48 3 0
27 30 0
74 10 0
87 56 0
94 13 0
108 18 0
46 13 0
65 25 0
1 6 0
154 8 0
108 17 0
70 29 0
83 16 0
107 19 0
81 17 0
81 18 0
7 20 0
158 3 0
79 19 0
64 19 0
117 13 0
155 2 0
139 5 0
70 14 0
97 17 0
88 8 0
139 8 0
69 17 0
147 16 0
2 42 0
26 12 0
62 7 0
77 12 0
182 5 0
3 26 0
69 10 0
4 21 0
141 8 0
87 12 0
23 18 0
130 18 0
9 16 0
62 15 0
65 20 0
145 14 0
37 16 0
93 19 0
41 29 0
70 3 0
18 35 0
13 10 0
3 2 0
73 4 0
2 24 0
169 9 0
17 7 0
30 8 0
57 17 0
11 30 0
37 14 0
3 4 0
2 10 0
23 41 0
12 30 0
12 42 0
113 15 0
34 18 0
61 1 0
149 43 0
132 12 0
60 10 0
136 29 0
39 15 0
77 9 0
89 7 0
69 16 0
33 13 0
76 10 0
88 13 0
77 14 0
41 19 0
177 15 0
68 17 0
17 6 0
78 13 0
68 51 0
32 7 0
2 8 0
39 21 0
92 12 0
84 20 0
86 19 0
65 16 0
45 41 0
56 17 0
77 19 0
80 20 0
86 35 0
65 22 0
77 10 0
132 0 0
138 15 0
97 18 0
13 17 0
68 29 0
44 15 0
14 20 0
4 5 0
95 7 0
84 10 0
76 19 0
52 7 0
1 46 0
165 9 0
20 2 0
1 47 0
12 36 0
71 30 0
71 13 0
10 14 0
43 21 0
72 28 0
41 1 0
7 31 0
124 7 0
18 23 0
12 20 0
68 19 0
38 14 0
93 17 0
86 27 0
18 17 0
63 32 0
2 5 0
86 7 0
9 9 0
17 20 0
23 2 0
26 7 0
126 7 0
43 9 0
11 33 0
61 17 0
127 6 0
4 36 0
27 41 0
32 4 0
43 8 0
25 20 0
23 5 0
62 19 0
35 4 0
104 22 0
8 49 0
85 58 0
7 33 0
75 28 0
75 30 0
75 29 0
110 11 0
87 7 0
25 23 0
3 46 0
91 8 0
14 44 0
46 8 0
33 14 0
27 50 0
40 8 0
24 9 0
25 12 0
53 20 0
2 11 0
125 7 0
39 26 0
140 5 0
129 10 0
39 30 0
2 51 0
116 21 0
38 25 0
14 47 0
107 20 0
14 23 0
30 13 0
4 41 0
6 3 0
29 26 0
67 21 0
23 22 0
71 14 0
87 3 0
41 43 0
24 10 0
112 26 0
2 27 0
1 22 0
17 17 0
134 9 0
67 8 0
24 38 0
71 21 0
45 14 0
0 27 0
85 9 0
76 17 0
71 22 0
72 21 0
92 24 0
15 14 0
169 13 0
24 4 0
119 7 0
12 13 0
82 6 0
30 25 0
130 9 0
72 8 0
120 13 0
11 43 0
3 7 0
29 15 0
10 38 0
41 12 0
32 15 0
32 12 0
77 23 0
47 15 0
34 7 0
135 19 0
69 21 0
70 27 0
135 23 0
120 26 0
96 6 0
73 14 0
56 24 0
53 29 0
10 31 0
125 27 0
75 32 0
35 9 0
126 26 0
97 7 0
24 15 0
20 7 0
65 31 0
119 16 0
17 33 0
1 53 0
49 13 0
70 22 0
10 37 0
13 8 0
94 27 0
110 4 0
34 23 0
48 14 0
15 9 0
0 26 0
78 7 0
4 1 0
58 8 0
39 18 0
60 1 0
22 3 0
28 17 0
15 36 0
148 42 0
9 3 0
57 25 0
37 21 0
149 15 0
24 24 0
55 26 0
47 26 0
42 23 0
116 1 0
65 21 0
48 21 0
64 21 0
29 23 0
139 6 0
8 30 0
7 1 0
33 16 0
0 28 0
70 15 0
59 26 0
30 4 0
11 9 0
54 23 0
54 20 0
167 8 0
129 22 0
51 21 0
149 7 0
5 17 0
54 24 0
41 13 0
43 5 0
156 17 0
126 27 0
21 27 0
130 6 0
99 23 0
41 26 0
152 1 0
8 21 0
119 24 0
145 5 0
2 52 0
58 24 0
15 29 0
0 19 0
13 15 0
42 21 0
114 22 0
2 48 0
85 1 0
304 315 0
19 14 0
41 20 0
6 8 0
35 21 0
39 12 0
47 21 0
146 4 0
26 25 0
54 19 0
67 5 0
36 18 0
90 9 0
55 14 0
26 17 0
37 5 0
107 2 0
8 20 0
121 9 0
131 6 0
43 24 0
5 20 0
23 26 0
3 36 0
19 35 0
43 13 0
11 31 0
143 18 0
67 22 0
10 20 0
17 15 0
135 27 0
17 5 0
32 21 0
21 43 0
46 21 0
3 45 0
47 17 0
21 16 0
10 4 0
10 26 0
80 2 0
63 28 0
46 19 0
40 9 0
150 20 0
87 35 0
117 2 0
17 18 0
4 8 0
41 21 0
61 16 0
56 23 0
47 12 0
49 4 0
11 36 0
84 11 0
31 8 0
102 9 0
40 28 0
3 48 0
84 8 0
26 26 0
74 22 0
14 50 0
81 25 0
111 14 0
13 22 0
11 26 0
130 3 0
41 11 0
45 10 0
64 17 0
45 7 0
60 11 0
43 22 0
110 8 0
13 40 0
10 30 0
125 5 0
24 22 0
53 24 0
45 11 0
19 9 0
129 0 0
163 8 0
38 34 0
34 3 0
72 5 0
87 36 0
11 35 0
7 49 0
0 23 0
7 39 0
46 39 0
70 21 0
12 35 0
8 38 0
315 107 0
60 17 0
155 10 0
146 10 0
18 1 0
32 18 0
51 12 0
43 15 0
64 9 0
116 2 0
104 6 0
20 81 0
18 81 0
135 18 0
14 19 0
5 39 0
83 4 0
99 3 0
15 27 0
21 9 0
31 41 0
9 25 0
27 23 0
79 15 0
70 16 0
33 9 0
101 10 0
82 17 0
1 48 0
16 19 0
26 14 0
129 1 0
29 8 0
13 53 0
59 11 0
56 14 0
160 17 0
25 16 0
50 9 0
17 9 0
19 29 0
65 13 0
108 15 0
60 15 0
72 13 0
82 24 0
80 15 0
70 20 0
14 32 0
101 7 0
76 25 0
12 27 0
3 30 0
24 25 0
30 21 0
24 35 0
163 5 0
119 29 0
19 30 0
70 1 0
69 8 0
12 25 0
83 6 0
67 20 0
107 18 0
126 13 0
77 25 0
0 1 0
60 27 0
36 29 0
94 35 0
7 23 0
152 25 0
37 9 0
98 11 0
20 23 0
60 18 0
52 14 0
30 10 0
9 22 0
106 18 0
43 4 0
6 36 0
75 13 0
118 11 0
70 26 0
5 24 0
18 48 0
6 24 0
106 29 0
9 35 0
79 34 0
62 4 0
74 2 0
71 6 0
29 1 0
8 37 0
132 13 0
152 13 0
1 41 0
91 1 0
130 22 0
114 1 0
27 25 0
28 10 0
18 19 0
150 1 0
120 16 0
172 6 0
5 27 0
12 22 0
107 14 0
8 17 0
165 11 0
14 29 0
58 15 0
66 14 0
106 31 0
133 14 0
90 20 0
58 7 0
2 1 0
158 6 0
83 35 0
85 35 0
85 34 0
182 315 0
7 40 0
89 34 0
68 21 0
46 16 0
38 12 0
36 7 0
38 20 0
140 31 0
37 7 0
15 17 0
81 11 0
9 11 0
56 12 0
2 31 0
166 9 0
54 17 0
39 19 0
55 2 0
162 7 0
146 9 0
51 22 0
1 36 0
67 4 0
22 22 0
153 18 0
7 2 0
26 19 0
31 25 0
87 34 0
169 8 0
48 17 0
120 21 0
142 20 0
105 6 0
39 11 0
119 8 0
149 20 0
31 26 0
144 3 0
134 5 0
48 2 0
96 11 0
18 16 0
116 12 0
92 89 0
87 11 0
115 30 0
31 38 0
52 17 0
5 53 0
164 9 0
65 12 0
56 13 0
11 11 0
135 10 0
138 2 0
45 12 0
2 50 0
40 4 0
12 28 0
29 25 0
147 10 0
29 17 0
69 32 0
31 18 0
90 34 0
8 36 0
58 20 0
24 23 0
55 11 0
54 14 0
39 25 0
55 3 0
55 42 0
5 22 0
5 5 0
44 18 0
43 2 0
4 23 0
4 9 0
65 11 0
59 6 0
17 49 0
65 7 0
144 4 0
124 10 0
108 33 0
29 9 0
10 40 0
108 8 0
41 4 0
68 12 0
124 6 0
44 5 0
2 36 0
132 21 0
132 26 0
0 252 0
315 124 0
135 315 0
315 62 0
315 295 0
80 0 0
247 315 0
77 0 0
116 0 0
271 315 0
34 0 0
0 301 0
249 315 0
315 294 0
315 90 0
315 5 0
206 315 0
95 0 0
299 0 0
217 0 0
0 233 0
111 315 0
0 256 0
2 315 0
0 162 0
315 26 0
315 96 0
0 164 0
212 315 0
88 315 0
48 315 0
0 187 0
0 213 0
0 209 0
126 0 0
75 0 0
0 89 0
236 0 0
0 284 0
315 226 0
174 315 0
315 75 0
315 227 0
315 24 0
315 46 0
15 0 0
315 105 0
315 282 0
315 289 0
169 0 0
183 315 0
25 0 0
315 57 0
250 315 0
278 315 0
146 315 0
315 209 0
315 191 0
276 315 0
59 315 0
315 208 0
0 266 0
0 283 0
238 315 0
281 315 0
86 0 0
315 148 0
0 280 0
0 267 0
177 315 0
315 142 0
83 0 0
315 63 0
81 315 0
168 0 0
204 0 0
118 0 0
34 315 0
105 0 0
120 315 0
0 299 0
235 315 0
0 274 0
192 315 0
0 223 0
96 315 0
84 0 0
230 315 0
315 102 0
109 315 0
315 194 0
228 315 0
242 315 0
0 263 0
315 157 0
315 211 0
315 97 0
315 287 0
260 315 0
229 315 0
315 16 0
315 225 0
315 122 0
0 254 0
315 61 0
285 315 0
136 315 0
315 215 0
67 315 0
225 315 0
124 0 0
30 315 0
315 10 0
0 49 0
315 245 0
73 0 0
274 315 0
0 57 0
0 128 0
0 282 0
0 290 0
176 0 0
315 203 0
315 177 0
202 315 0
0 237 0
0 63 0
315 272 0
163 0 0
66 315 0
206 0 0
95 315 0
91 315 0
270 315 0
315 273 0
0 183 0
292 0 0
100 0 0
315 34 0
93 315 0
18 315 0
81 0 0
19 0 0
315 38 0
90 315 0
315 14 0
307 0 0
303 0 0
0 277 0
197 315 0
201 0 0
108 315 0
15 315 0
315 4 0
315 78 0
241 0 0
315 100 0
222 315 0
147 315 0
315 11 0
257 0 0
315 207 0
121 0 0
0 171 0
28 315 0
297 0 0
165 315 0
315 206 0
159 0 0
302 315 0
0 295 0
251 315 0
208 315 0
315 70 0
315 185 0
0 93 0
272 315 0
315 115 0
315 179 0
0 51 0
179 315 0
26 315 0
18 0 0
0 307 0
112 315 0
0 220 0
315 236 0
53 315 0
0 70 0
0 227 0
315 95 0
183 0 0
315 165 0
315 144 0
291 315 0
144 315 0
0 211 0
172 315 0
103 315 0
315 212 0
0 94 0
72 315 0
315 67 0
0 272 0
218 315 0
315 267 0
315 117 0
0 153 0
315 231 0
315 42 0
315 126 0
315 228 0
315 276 0
0 264 0
315 237 0
79 315 0
315 33 0
315 197 0
315 36 0
159 315 0
315 181 0
0 248 0
178 315 0
315 138 0
315 244 0
0 160 0
0 116 0
0 217 0
290 315 0
315 71 0
154 315 0
268 0 0
49 0 0
315 214 0
315 141 0
212 0 0
302 0 0
0 99 0
287 0 0
0 175 0
0 296 0
78 315 0
255 315 0
315 223 0
161 315 0
315 12 0
57 315 0
315 108 0
0 265 0
315 300 0
0 173 0
315 66 0
315 55 0
171 315 0
0 297 0
128 0 0
149 0 0
107 0 0
117 315 0
0 50 0
285 0 0
221 315 0
315 64 0
315 8 0
237 0 0
0 238 0
0 260 0
190 0 0
315 3 0
315 28 0
56 315 0
0 207 0
85 0 0
204 315 0
0 276 0
315 52 0
244 315 0
27 0 0
258 315 0
0 100 0
315 216 0
315 291 0
101 0 0
315 121 0
315 87 0
88 0 0
0 235 0
87 315 0
0 222 0
258 0 0
315 23 0
224 315 0
0 215 0
32 0 0
143 0 0
315 86 0
175 0 0
315 104 0
315 280 0
230 0 0
315 113 0
0 177 0
315 41 0
0 270 0
0 195 0
0 229 0
315 143 0
0 218 0
135 0 0
282 0 0
0 132 0
310 315 0
288 315 0
309 0 0
0 166 0
315 187 0
152 0 0
315 264 0
0 210 0
315 205 0
299 315 0
202 0 0
315 21 0
188 0 0
315 22 0
259 0 0
185 315 0
194 0 0
315 152 0
70 0 0
0 78 0
109 0 0
0 67 0
199 315 0
30 0 0
315 150 0
0 172 0
0 214 0
171 0 0
173 315 0
315 180 0
315 30 0
193 0 0
3 315 0
256 0 0
315 50 0
0 224 0
185 0 0
277 0 0
244 0 0
197 0 0
0 150 0
305 0 0
138 315 0
0 157 0
0 118 0
0 145 0
234 0 0
315 312 0
69 0 0
8 0 0
315 161 0
260 0 0
0 131 0
74 315 0
0 113 0
201 315 0
0 143 0
91 0 0
180 0 0
0 96 0
315 53 0
315 137 0
315 309 0
229 0 0
315 39 0
315 84 0
151 0 0
315 234 0
227 315 0
315 25 0
315 221 0
284 315 0
214 0 0
36 0 0
315 250 0
20 315 0
0 152 0
315 31 0
315 73 0
76 0 0
0 125 0
164 0 0
4 315 0
237 315 0
215 0 0
97 315 0
190 315 0
48 0 0
0 84 0
35 0 0
25 315 0
115 315 0
97 0 0
205 315 0
0 228 0
4 0 0
315 83 0
182 0 0
315 230 0
315 217 0
134 0 0
315 302 0
315 76 0
315 81 0
125 315 0
227 0 0
186 315 0
78 0 0
147 0 0
0 306 0
155 315 0
0 111 0
14 315 0
0 262 0
0 80 0
0 68 0
191 315 0
0 142 0
2 0 0
157 315 0
104 315 0
189 0 0
315 301 0
234 315 0
279 0 0
0 176 0
315 172 0
0 75 0
45 315 0
154 0 0
55 315 0
301 315 0
239 315 0
129 315 0
252 315 0
114 315 0
315 252 0
161 0 0
315 51 0
0 127 0
315 29 0
292 315 0
223 315 0
74 0 0
315 123 0
0 86 0
0 120 0
163 315 0
166 315 0
315 133 0
54 0 0
0 77 0
58 0 0
170 315 0
315 128 0
0 251 0
315 202 0
274 0 0
315 79 0
0 121 0
174 0 0
300 0 0
22 315 0
0 194 0
315 169 0
210 315 0
220 0 0
315 265 0
315 139 0
315 119 0
315 255 0
0 204 0
275 315 0
315 163 0
315 155 0
69 315 0
156 315 0
41 315 0
243 0 0
248 0 0
253 0 0
128 315 0
122 315 0
13 0 0
0 219 0
315 91 0
251 0 0
177 0 0
0 181 0
23 0 0
70 315 0
111 0 0
94 0 0
315 271 0
0 197 0
205 0 0
110 0 0
211 315 0
140 315 0
0 62 0
123 315 0
238 0 0
139 0 0
31 315 0
315 77 0
286 0 0
120 0 0
93 0 0
315 201 0
315 275 0
68 0 0
113 0 0
221 0 0
263 315 0
0 155 0
0 48 0
0 163 0
315 259 0
0 81 0
196 315 0
315 58 0
315 263 0
210 0 0
117 0 0
0 199 0
203 315 0
0 216 0
172 0 0
315 1 0
242 0 0
315 240 0
0 300 0
233 315 0
0 190 0
315 40 0
0 139 0
0 288 0
0 92 0
315 210 0
187 315 0
0 46 0
315 166 0
145 0 0
0 124 0
209 315 0
45 0 0
312 315 0
0 289 0
186 0 0
315 204 0
0 98 0
0 165 0
0 137 0
0 273 0
0 253 0
0 138 0
315 278 0
315 306 0
112 0 0
10 315 0
51 315 0
179 0 0
315 229 0
0 240 0
315 45 0
0 83 0
0 250 0
82 315 0
315 92 0
0 179 0
0 174 0
0 226 0
298 315 0
115 0 0
315 101 0
315 260 0
75 315 0
315 131 0
0 182 0
315 248 0
315 159 0
262 0 0
181 0 0
134 315 0
0 308 0
0 188 0
0 159 0
315 220 0
62 315 0
313 315 0
0 279 0
315 242 0
89 0 0
233 0 0
1 0 0
232 0 0
250 0 0
315 17 0
249 0 0
315 54 0
40 315 0
223 0 0
0 298 0
99 315 0
108 0 0
315 293 0
160 315 0
200 0 0
290 0 0
259 315 0
113 315 0
0 53 0
315 175 0
68 315 0
21 315 0
315 173 0
189 315 0
104 0 0
44 0 0
315 171 0
124 315 0
207 0 0
315 80 0
315 32 0
107 315 0
0 149 0
315 134 0
63 0 0
92 0 0
0 201 0
0 95 0
273 315 0
0 69 0
19 315 0
315 164 0
7 315 0
241 315 0
315 69 0
79 0 0
203 0 0
315 162 0
211 0 0
0 259 0
142 0 0
0 169 0
9 315 0
254 315 0
315 135 0
315 158 0
0 261 0
315 27 0
315 168 0
272 0 0
315 49 0
56 0 0
315 85 0
0 135 0
315 20 0
0 186 0
315 198 0
306 0 0
0 59 0
214 315 0
315 60 0
245 315 0
130 0 0
0 82 0
0 136 0
72 0 0
315 112 0
0 106 0
132 315 0
0 191 0
222 0 0
64 0 0
0 203 0
11 0 0
315 176 0
3 0 0
101 315 0
315 246 0
228 0 0
0 104 0
83 315 0
5 0 0
231 0 0
148 0 0
119 315 0
43 315 0
0 309 0
0 205 0
264 0 0
12 0 0
314 0 0
0 314 0
46 0 0
306 315 0
226 0 0
42 0 0
37 0 0
198 0 0
315 59 0
315 132 0
33 0 0
315 261 0
240 0 0
295 0 0
315 93 0
219 0 0
315 89 0
84 315 0
176 315 0
140 0 0
315 167 0
267 315 0
0 161 0
26 0 0
66 0 0
269 315 0
168 315 0
119 0 0
315 310 0
315 153 0
246 0 0
311 0 0
287 315 0
240 315 0
35 315 0
216 315 0
0 141 0
0 305 0
235 0 0
149 315 0
295 315 0
143 315 0
0 123 0
188 315 0
0 148 0
266 0 0
102 0 0
315 307 0
275 0 0
40 0 0
315 35 0
208 0 0
315 268 0
102 315 0
315 111 0
315 186 0
315 304 0
28 0 0
0 221 0
133 315 0
0 156 0
29 0 0
123 0 0
24 315 0
156 0 0
301 0 0
315 218 0
106 315 0
131 315 0
0 245 0
300 315 0
0 102 0
58 315 0
0 193 0
0 72 0
198 315 0
315 109 0
0 287 0
315 184 0
90 0 0
0 170 0
297 315 0
0 231 0
16 315 0
67 0 0
121 315 0
225 0 0
315 47 0
0 122 0
0 242 0
315 284 0
315 56 0
0 200 0
265 0 0
315 44 0
0 257 0
42 315 0
0 114 0
44 315 0
315 2 0
151 315 0
315 238 0
180 315 0
0 66 0
267 0 0
315 99 0
315 48 0
52 0 0
246 315 0
280 0 0
0 5 0
311 315 0
261 315 0
315 247 0
0 52 0
0 60 0
153 315 0
231 315 0
247 0 0
315 270 0
0 268 0
0 167 0
55 0 0
0 247 0
122 0 0
1 315 0
315 279 0
276 0 0
145 315 0
294 0 0
218 0 0
77 315 0
0 110 0
0 271 0
0 239 0
239 0 0
0 212 0
315 74 0
0 232 0
289 315 0
315 297 0
114 0 0
164 315 0
0 303 0
283 315 0
39 315 0
0 206 0
141 315 0
315 292 0
0 198 0
0 71 0
219 315 0
0 3 0
248 315 0
87 0 0
152 315 0
298 0 0
80 315 0
315 88 0
13 315 0
289 0 0
0 269 0
293 0 0
315 178 0
315 140 0
315 195 0
0 126 0
64 315 0
315 303 0
261 0 0
33 315 0
315 182 0
6 315 0
315 110 0
82 0 0
0 74 0
291 0 0
0 4 0
0 281 0
0 97 0
53 0 0
52 315 0
73 315 0
216 0 0
103 0 0
14 0 0
0 230 0
315 213 0
279 315 0
283 0 0
315 222 0
0 130 0
41 0 0
167 315 0
99 0 0
315 251 0
195 315 0
254 0 0
0 88 0
263 0 0
31 0 0
137 315 0
63 315 0
0 246 0
46 315 0
315 249 0
36 315 0
266 315 0
315 277 0
0 47 0
314 315 0
76 315 0
137 0 0
315 149 0
173 0 0
0 105 0
50 315 0
0 61 0
57 0 0
264 315 0
315 266 0
315 82 0
315 15 0
0 101 0
181 315 0
315 65 0
47 315 0
160 0 0
0 258 0
255 0 0
315 262 0
305 315 0
130 315 0
270 0 0
187 0 0
0 293 0
96 0 0
20 0 0
200 315 0
288 0 0
315 308 0
167 0 0
0 129 0
277 315 0
304 0 0
0 117 0
0 65 0
0 311 0
0 294 0
0 178 0
315 189 0
0 278 0
315 127 0
98 315 0
43 0 0
315 283 0
157 0 0
315 146 0
0 112 0
269 0 0
313 0 0
0 54 0
0 56 0
213 315 0
0 146 0
315 114 0
286 315 0
127 315 0
0 76 0
94 315 0
257 315 0
0 202 0
54 315 0
315 125 0
158 315 0
315 199 0
315 196 0
0 158 0
315 19 0
315 192 0
166 0 0
315 257 0
224 0 0
0 243 0
315 13 0
23 315 0
307 315 0
37 315 0
282 315 0
0 108 0
0 168 0
17 0 0
0 225 0
262 315 0
315 311 0
315 174 0
315 147 0
315 193 0
315 136 0
315 190 0
0 189 0
315 235 0
100 315 0
194 315 0
315 219 0
0 64 0
0 144 0
0 208 0
315 9 0
296 0 0
0 85 0
281 0 0
17 315 0
118 315 0
184 0 0
175 315 0
21 0 0
39 0 0
8 315 0
86 315 0
213 0 0
0 304 0
243 315 0
27 315 0
61 315 0
209 0 0
170 0 0
315 224 0
253 315 0
315 281 0
0 312 0
0 73 0
310 0 0
105 315 0
0 119 0
0 291 0
312 0 0
110 315 0
315 116 0
22 0 0
106 0 0
11 315 0
0 115 0
315 298 0
303 315 0
315 106 0
85 315 0
65 315 0
315 254 0
315 7 0
315 151 0
0 292 0
169 315 0
38 315 0
273 0 0
192 0 0
0 55 0
92 315 0
60 315 0
245 0 0
309 315 0
0 249 0
315 118 0
315 258 0
315 286 0
153 0 0
0 134 0
0 185 0
0 90 0
193 315 0
293 315 0
195 0 0
0 109 0
315 37 0
0 133 0
315 288 0
207 315 0
0 58 0
256 315 0
116 315 0
315 253 0
315 232 0
0 184 0
315 72 0
0 196 0
0 244 0
136 0 0
60 0 0
0 275 0
125 0 0
217 315 0
220 315 0
126 315 0
315 285 0
89 315 0
12 315 0
315 120 0
294 315 0
32 315 0
315 243 0
0 302 0
0 79 0
315 6 0
0 234 0
0 154 0
315 170 0
50 0 0
0 87 0
296 315 0
315 98 0
315 145 0
0 91 0
280 315 0
265 315 0
71 0 0
98 0 0
315 188 0
315 241 0
236 315 0
315 154 0
315 129 0
0 192 0
0 151 0
226 315 0
0 286 0
315 296 0
0 255 0
315 233 0
315 43 0
0 180 0
0 241 0
315 313 0
315 290 0
315 68 0
184 315 0
0 107 0
308 315 0
150 315 0
5 315 0
215 315 0
315 200 0
0 103 0
278 0 0
61 0 0
315 156 0
142 315 0
49 315 0
315 130 0
315 183 0
315 18 0
0 147 0
315 274 0
139 315 0
0 236 0
284 0 0
252 0 0
59 0 0
0 310 0
29 315 0
315 256 0
71 315 0
308 0 0
0 285 0
232 315 0
271 0 0
315 299 0
65 0 0
62 0 0
315 305 0
low, high, current -1 -1 8
Confirming Router Algorithm: TIMING_DRIVEN.
T_crit: 5.54747e-08.
T_crit: 5.51446e-08.
T_crit: 5.51434e-08.
T_crit: 5.51446e-08.
T_crit: 5.61683e-08.
T_crit: 5.82015e-08.
T_crit: 5.97586e-08.
T_crit: 5.93393e-08.
T_crit: 5.80817e-08.
T_crit: 5.82002e-08.
T_crit: 5.82002e-08.
T_crit: 5.91307e-08.
T_crit: 5.99029e-08.
T_crit: 5.94447e-08.
T_crit: 5.94447e-08.
T_crit: 5.94869e-08.
T_crit: 5.94447e-08.
T_crit: 5.98633e-08.
T_crit: 5.98633e-08.
T_crit: 6.02548e-08.
T_crit: 5.98633e-08.
T_crit: 6.08017e-08.
T_crit: 6.09507e-08.
T_crit: 6.13667e-08.
T_crit: 6.31773e-08.
T_crit: 6.32832e-08.
T_crit: 6.23527e-08.
T_crit: 6.46493e-08.
T_crit: 6.46385e-08.
T_crit: 6.41191e-08.
T_crit: 6.39294e-08.
T_crit: 6.48968e-08.
T_crit: 6.6292e-08.
T_crit: 6.99502e-08.
T_crit: 6.48466e-08.
T_crit: 6.51618e-08.
T_crit: 6.44293e-08.
T_crit: 6.44293e-08.
T_crit: 6.48491e-08.
T_crit: 6.32945e-08.
T_crit: 6.54757e-08.
T_crit: 6.47382e-08.
T_crit: 6.55791e-08.
T_crit: 6.61963e-08.
T_crit: 6.54689e-08.
T_crit: 6.71382e-08.
T_crit: 6.65083e-08.
T_crit: 6.60961e-08.
T_crit: 6.56882e-08.
T_crit: 7.32732e-08.
Routing failed.
low, high, current 8 -1 16
Confirming Router Algorithm: TIMING_DRIVEN.
T_crit: 5.53688e-08.
T_crit: 5.51434e-08.
T_crit: 5.51434e-08.
T_crit: 5.51446e-08.
T_crit: 5.51446e-08.
T_crit: 5.5248e-08.
T_crit: 5.52493e-08.
T_crit: 5.5248e-08.
T_crit: 5.51434e-08.
T_crit: 5.51434e-08.
T_crit: 5.55879e-08.
T_crit: 5.84083e-08.
T_crit: 5.97523e-08.
T_crit: 5.91408e-08.
T_crit: 5.80969e-08.
T_crit: 5.80956e-08.
T_crit: 5.80956e-08.
T_crit: 5.95985e-08.
T_crit: 6.02768e-08.
T_crit: 5.99188e-08.
T_crit: 6.05936e-08.
T_crit: 6.12136e-08.
T_crit: 6.11115e-08.
T_crit: 6.12836e-08.
T_crit: 6.17394e-08.
T_crit: 6.50899e-08.
T_crit: 6.45465e-08.
T_crit: 6.56782e-08.
T_crit: 6.64401e-08.
T_crit: 6.65771e-08.
T_crit: 6.58963e-08.
T_crit: 6.51675e-08.
T_crit: 6.5511e-08.
T_crit: 6.56492e-08.
T_crit: 6.62682e-08.
T_crit: 6.69755e-08.
T_crit: 6.85735e-08.
T_crit: 6.66167e-08.
T_crit: 6.74451e-08.
T_crit: 6.7283e-08.
T_crit: 6.78183e-08.
T_crit: 6.76936e-08.
T_crit: 6.7381e-08.
T_crit: 6.7067e-08.
T_crit: 6.67556e-08.
T_crit: 6.8341e-08.
T_crit: 6.79998e-08.
T_crit: 6.61257e-08.
T_crit: 6.64467e-08.
T_crit: 6.74635e-08.
Routing failed.
low, high, current 16 -1 32
Confirming Router Algorithm: TIMING_DRIVEN.
T_crit: 5.54747e-08.
T_crit: 5.51446e-08.
T_crit: 5.51459e-08.
T_crit: 5.51446e-08.
T_crit: 5.51434e-08.
T_crit: 5.51434e-08.
T_crit: 5.51434e-08.
T_crit: 5.51434e-08.
T_crit: 5.51434e-08.
T_crit: 5.51434e-08.
T_crit: 5.51434e-08.
T_crit: 5.51434e-08.
T_crit: 5.51434e-08.
T_crit: 5.51434e-08.
T_crit: 5.51434e-08.
T_crit: 5.51434e-08.
T_crit: 5.51434e-08.
T_crit: 5.55715e-08.
T_crit: 5.51434e-08.
T_crit: 5.51434e-08.
T_crit: 5.51434e-08.
T_crit: 5.60423e-08.
T_crit: 5.53625e-08.
T_crit: 5.74973e-08.
T_crit: 6.01696e-08.
T_crit: 6.16511e-08.
T_crit: 5.99645e-08.
T_crit: 5.99715e-08.
T_crit: 6.02806e-08.
T_crit: 6.25884e-08.
T_crit: 6.2492e-08.
T_crit: 6.23689e-08.
T_crit: 6.17457e-08.
T_crit: 6.3321e-08.
T_crit: 6.27862e-08.
T_crit: 6.27862e-08.
T_crit: 6.56081e-08.
T_crit: 6.60267e-08.
T_crit: 6.5298e-08.
T_crit: 6.48832e-08.
T_crit: 6.4462e-08.
T_crit: 6.37358e-08.
T_crit: 6.58059e-08.
T_crit: 6.45685e-08.
T_crit: 6.44614e-08.
T_crit: 6.36267e-08.
T_crit: 6.33044e-08.
T_crit: 6.3201e-08.
T_crit: 6.3515e-08.
T_crit: 6.34103e-08.
Routing failed.
low, high, current 32 -1 64
Confirming Router Algorithm: TIMING_DRIVEN.
T_crit: 5.53701e-08.
T_crit: 5.51446e-08.
T_crit: 5.51545e-08.
T_crit: 5.51434e-08.
T_crit: 5.52468e-08.
T_crit: 5.51434e-08.
T_crit: 5.504e-08.
T_crit: 5.52468e-08.
T_crit: 5.51434e-08.
T_crit: 5.52468e-08.
T_crit: 5.52468e-08.
T_crit: 5.52468e-08.
T_crit: 5.52468e-08.
T_crit: 5.52468e-08.
T_crit: 5.52468e-08.
T_crit: 5.52468e-08.
T_crit: 5.52468e-08.
Successfully routed after 18 routing iterations.
Completed net delay value cross check successfully.
low, high, current 32 64 48
Confirming Router Algorithm: TIMING_DRIVEN.
T_crit: 5.53701e-08.
T_crit: 5.51434e-08.
T_crit: 5.52468e-08.
T_crit: 5.51434e-08.
T_crit: 5.51434e-08.
T_crit: 5.51434e-08.
T_crit: 5.51446e-08.
T_crit: 5.51434e-08.
T_crit: 5.51434e-08.
T_crit: 5.51434e-08.
T_crit: 5.51434e-08.
T_crit: 5.51434e-08.
T_crit: 5.51434e-08.
T_crit: 5.51434e-08.
T_crit: 5.51434e-08.
T_crit: 5.51434e-08.
T_crit: 5.51434e-08.
T_crit: 5.51434e-08.
T_crit: 5.51434e-08.
T_crit: 5.51434e-08.
T_crit: 5.51434e-08.
Successfully routed after 22 routing iterations.
Completed net delay value cross check successfully.
low, high, current 32 48 40
Confirming Router Algorithm: TIMING_DRIVEN.
T_crit: 5.53701e-08.
T_crit: 5.51459e-08.
T_crit: 5.51434e-08.
T_crit: 5.51434e-08.
T_crit: 5.51434e-08.
T_crit: 5.51434e-08.
T_crit: 5.51434e-08.
T_crit: 5.51434e-08.
T_crit: 5.51434e-08.
T_crit: 5.51434e-08.
T_crit: 5.51434e-08.
T_crit: 5.51434e-08.
T_crit: 5.51434e-08.
T_crit: 5.51434e-08.
T_crit: 5.51434e-08.
T_crit: 5.51434e-08.
T_crit: 5.51434e-08.
T_crit: 5.51434e-08.
T_crit: 5.51434e-08.
T_crit: 5.51434e-08.
T_crit: 5.51434e-08.
T_crit: 5.51434e-08.
T_crit: 5.51434e-08.
T_crit: 5.51434e-08.
T_crit: 5.51434e-08.
T_crit: 5.54176e-08.
T_crit: 5.51434e-08.
T_crit: 5.51434e-08.
T_crit: 5.51434e-08.
T_crit: 5.51434e-08.
T_crit: 5.51434e-08.
T_crit: 5.51434e-08.
T_crit: 5.52689e-08.
T_crit: 5.52689e-08.
T_crit: 5.52689e-08.
T_crit: 5.53527e-08.
Successfully routed after 37 routing iterations.
Completed net delay value cross check successfully.
low, high, current 32 40 36
Confirming Router Algorithm: TIMING_DRIVEN.
T_crit: 5.53621e-08.
T_crit: 5.52327e-08.
T_crit: 5.55618e-08.
T_crit: 5.52492e-08.
T_crit: 5.51434e-08.
T_crit: 5.5355e-08.
T_crit: 5.52554e-08.
T_crit: 5.52592e-08.
T_crit: 5.52493e-08.
T_crit: 5.5248e-08.
T_crit: 5.52468e-08.
T_crit: 5.52468e-08.
T_crit: 5.52468e-08.
T_crit: 5.52468e-08.
T_crit: 5.52468e-08.
T_crit: 5.52468e-08.
T_crit: 5.52468e-08.
T_crit: 5.52468e-08.
T_crit: 5.52468e-08.
T_crit: 5.52468e-08.
T_crit: 5.52468e-08.
T_crit: 5.52468e-08.
T_crit: 5.52468e-08.
T_crit: 5.61117e-08.
T_crit: 5.52468e-08.
T_crit: 6.13637e-08.
T_crit: 5.93742e-08.
T_crit: 6.00121e-08.
T_crit: 5.97007e-08.
T_crit: 5.97007e-08.
T_crit: 5.97007e-08.
T_crit: 5.96994e-08.
T_crit: 5.9596e-08.
T_crit: 5.9596e-08.
T_crit: 5.9596e-08.
T_crit: 5.9596e-08.
T_crit: 5.9596e-08.
T_crit: 5.9596e-08.
T_crit: 5.9596e-08.
T_crit: 5.98041e-08.
T_crit: 6.00121e-08.
T_crit: 6.00121e-08.
T_crit: 6.00121e-08.
T_crit: 6.00121e-08.
T_crit: 6.00121e-08.
T_crit: 6.00121e-08.
T_crit: 6.00121e-08.
T_crit: 6.00121e-08.
T_crit: 6.00121e-08.
T_crit: 6.00121e-08.
Routing failed.
low, high, current 36 40 38
Confirming Router Algorithm: TIMING_DRIVEN.
T_crit: 5.54215e-08.
T_crit: 5.51446e-08.
T_crit: 5.53677e-08.
T_crit: 5.50349e-08.
T_crit: 5.51572e-08.
T_crit: 5.52566e-08.
T_crit: 5.52566e-08.
T_crit: 5.52455e-08.
T_crit: 5.52455e-08.
T_crit: 5.51533e-08.
T_crit: 5.51408e-08.
T_crit: 5.5152e-08.
T_crit: 5.5152e-08.
T_crit: 5.50486e-08.
T_crit: 5.50486e-08.
T_crit: 5.50486e-08.
T_crit: 5.50486e-08.
T_crit: 5.50486e-08.
T_crit: 5.50486e-08.
T_crit: 5.50486e-08.
T_crit: 5.50486e-08.
T_crit: 5.50486e-08.
T_crit: 5.50486e-08.
T_crit: 5.50486e-08.
T_crit: 5.50486e-08.
T_crit: 5.50486e-08.
T_crit: 5.50486e-08.
T_crit: 5.68327e-08.
T_crit: 5.50486e-08.
T_crit: 5.50486e-08.
T_crit: 5.50486e-08.
T_crit: 5.52642e-08.
T_crit: 5.50486e-08.
T_crit: 5.50486e-08.
T_crit: 5.50486e-08.
T_crit: 5.50486e-08.
T_crit: 5.50486e-08.
T_crit: 5.50486e-08.
T_crit: 5.50486e-08.
T_crit: 5.50486e-08.
T_crit: 5.50486e-08.
T_crit: 5.50486e-08.
T_crit: 5.50486e-08.
T_crit: 5.50486e-08.
T_crit: 5.50486e-08.
T_crit: 5.50486e-08.
T_crit: 5.50486e-08.
T_crit: 5.50486e-08.
T_crit: 5.50486e-08.
T_crit: 5.50486e-08.
Routing failed.

Checking to ensure routing is legal ...
Completed routing consistency check successfully.

Serial number (magic cookie) for the routing is: 1952498402
Best routing used a channel width factor of 40.


Average number of bends per net: 10.0322  Maximum # of bends: 349


The number of routed nets (nonglobal): 3979
Wirelength results (all in units of 1 clb segments):
	Total wirelength: 502964   Average net length: 126.405
	Maximum net length: 1405

Wirelength results in terms of physical segments:
	Total wiring segments used: 252084   Av. wire segments per net: 63.3536
	Maximum segments used by a net: 706


X - Directed channels:

j	max occ	av_occ		capacity
0	39	21.6115  	40
1	39	19.6178  	40
2	39	20.2293  	40
3	38	20.6879  	40
4	38	19.4045  	40
5	39	20.4968  	40
6	39	18.5637  	40
7	39	19.7834  	40
8	38	17.9713  	40
9	37	17.9873  	40
10	39	15.2134  	40
11	38	17.5318  	40
12	38	16.0159  	40
13	36	14.5446  	40
14	37	15.2452  	40
15	35	15.7866  	40
16	34	13.1752  	40
17	35	12.5892  	40
18	37	14.8854  	40
19	32	14.9873  	40
20	32	13.0255  	40
21	34	11.9745  	40
22	33	11.5924  	40
23	31	10.9809  	40
24	31	9.97771  	40
25	30	11.2962  	40
26	29	9.37580  	40
27	27	9.67834  	40
28	28	8.30255  	40
29	28	10.5573  	40
30	26	8.04777  	40
31	26	8.99045  	40
32	29	7.49363  	40
33	30	9.62739  	40
34	24	7.91401  	40
35	24	8.93312  	40
36	22	6.02548  	40
37	26	9.85032  	40
38	22	3.96178  	40
39	26	5.07325  	40
40	23	3.01274  	40
41	22	4.62102  	40
42	19	2.37261  	40
43	19	3.34076  	40
44	21	0.885350 	40
45	20	1.93631  	40
46	20	0.748408 	40
47	18	3.40127  	40
48	17	0.754777 	40
49	16	3.04140  	40
50	13	1.65924  	40
51	14	2.17516  	40
52	12	1.11465  	40
53	6	0.270701 	40
54	5	0.468153 	40
55	4	0.863057 	40
56	3	1.25478  	40
57	9	0.410828 	40
58	2	0.923567 	40
59	3	0.0668790	40
60	2	1.21975  	40
61	3	0.742038 	40
62	1	0.0605096	40
63	2	0.0605096	40
64	4	1.08917  	40
65	2	0.0350318	40
66	3	0.595541 	40
67	3	0.0764331	40
68	1	0.0254777	40
69	3	0.0796178	40
70	3	1.41083  	40
71	2	0.0414013	40
72	2	1.40446  	40
73	4	0.108280 	40
74	4	0.843949 	40
75	1	0.0159236	40
76	3	1.34713  	40
77	3	0.757962 	40
78	2	0.812102 	40
79	4	0.742038 	40
80	6	0.675159 	40
81	5	0.748408 	40
82	3	0.0445860	40
83	2	0.576433 	40
84	3	0.0605096	40
85	2	0.796178 	40
86	5	0.557325 	40
87	8	0.945860 	40
88	2	0.716560 	40
89	3	0.0796178	40
90	3	1.54459  	40
91	4	0.694268 	40
92	2	0.554140 	40
93	1	0.0159236	40
94	2	0.700637 	40
95	5	0.0636943	40
96	2	0.605096 	40
97	5	0.101911 	40
98	2	0.853503 	40
99	3	0.812102 	40
100	2	0.659236 	40
101	2	0.582803 	40
102	3	1.41720  	40
103	5	0.538217 	40
104	4	0.105096 	40
105	3	0.0541401	40
106	1	0.525478 	40
107	2	0.646497 	40
108	3	1.43631  	40
109	2	0.519108 	40
110	2	0.506369 	40
111	2	0.0445860	40
112	3	1.27707  	40
113	4	0.0828025	40
114	3	1.44586  	40
115	1	0.00955414	40
116	1	0.659236 	40
117	3	0.0477707	40
118	3	0.557325 	40
119	2	0.843949 	40
120	3	1.41083  	40
121	2	0.624204 	40
122	3	0.0987261	40
123	2	1.33758  	40
124	4	0.671975 	40
125	2	0.0318471	40
126	2	0.0127389	40
127	3	0.786624 	40
128	1	0.694268 	40
129	2	0.605096 	40
130	2	0.735669 	40
131	2	0.805732 	40
132	3	0.0350318	40
133	2	0.605096 	40
134	1	0.907643 	40
135	4	0.805732 	40
136	2	0.0318471	40
137	3	0.0796178	40
138	4	1.26433  	40
139	3	0.875796 	40
140	1	0.0477707	40
141	2	1.42357  	40
142	2	0.818471 	40
143	2	0.0636943	40
144	2	1.42357  	40
145	2	0.0477707	40
146	2	1.14331  	40
147	1	0.805732 	40
148	2	0.576433 	40
149	6	0.124204 	40
150	1	0.691083 	40
151	1	0.00955414	40
152	2	0.831210 	40
153	2	0.0191083	40
154	1	0.519108 	40
155	2	1.29618  	40
156	2	0.519108 	40
157	2	0.579618 	40
158	1	0.00955414	40
159	1	0.0477707	40
160	3	0.786624 	40
161	2	0.859873 	40
162	3	0.0350318	40
163	2	0.0636943	40
164	1	0.0414013	40
165	2	1.20064  	40
166	3	0.0987261	40
167	2	1.38217  	40
168	2	0.678344 	40
169	2	0.0828025	40
170	2	1.05414  	40
171	4	0.0859873	40
172	2	1.46178  	40
173	1	0.582803 	40
174	2	0.850318 	40
175	1	0.802548 	40
176	2	0.742038 	40
177	3	0.843949 	40
178	1	0.0477707	40
179	2	0.703822 	40
180	3	1.33439  	40
181	3	0.745223 	40
182	2	0.0414013	40
183	1	0.00955414	40
184	4	0.697452 	40
185	3	0.770701 	40
186	3	1.33439  	40
187	1	0.00955414	40
188	4	1.24204  	40
189	2	0.0159236	40
190	1	0.722930 	40
191	2	0.0191083	40
192	2	0.0573248	40
193	4	0.808917 	40
194	2	0.0286624	40
195	2	1.43949  	40
196	3	0.831210 	40
197	3	0.802548 	40
198	3	0.0350318	40
199	1	0.00636943	40
200	2	0.614650 	40
201	2	1.17834  	40
202	2	0.799363 	40
203	1	0.808917 	40
204	2	0.538217 	40
205	3	0.710191 	40
206	2	0.0414013	40
207	3	0.0541401	40
208	2	0.719745 	40
209	3	0.0509554	40
210	1	0.789809 	40
211	2	0.538217 	40
212	2	0.522293 	40
213	1	0.0222930	40
214	2	0.700637 	40
215	2	0.805732 	40
216	2	0.0987261	40
217	2	0.856688 	40
218	3	0.856688 	40
219	2	0.515924 	40
220	2	0.751592 	40
221	2	0.786624 	40
222	4	0.589172 	40
223	2	0.0127389	40
224	2	0.652866 	40
225	4	0.780255 	40
226	2	1.34076  	40
227	2	0.633758 	40
228	2	0.0414013	40
229	1	0.0222930	40
230	2	1.50318  	40
231	3	0.0350318	40
232	2	0.0127389	40
233	3	0.621019 	40
234	1	0.678344 	40
235	2	1.10510  	40
236	1	0.0350318	40
237	3	1.32803  	40
238	2	0.0414013	40
239	3	0.614650 	40
240	3	1.30892  	40
241	3	0.770701 	40
242	1	0.00955414	40
243	2	0.0445860	40
244	2	0.691083 	40
245	2	0.0477707	40
246	2	0.792994 	40
247	2	1.52229  	40
248	1	0.856688 	40
249	1	0.00636943	40
250	3	1.15924  	40
251	2	0.0636943	40
252	3	0.707006 	40
253	3	1.28344  	40
254	1	0.0350318	40
255	3	0.726115 	40
256	1	0.00955414	40
257	2	0.0477707	40
258	1	0.601911 	40
259	2	0.563694 	40
260	1	0.646497 	40
261	3	1.51274  	40
262	2	0.0159236	40
263	2	0.0605096	40
264	1	0.729299 	40
265	2	0.773885 	40
266	2	0.761146 	40
267	2	0.665605 	40
268	1	0.570064 	40
269	3	0.773885 	40
270	1	0.00955414	40
271	2	0.0350318	40
272	2	1.07325  	40
273	2	0.675159 	40
274	2	0.0222930	40
275	2	0.636943 	40
276	2	0.0350318	40
277	2	1.17516  	40
278	2	0.665605 	40
279	3	0.767516 	40
280	3	0.0509554	40
281	1	0.00955414	40
282	2	0.710191 	40
283	1	0.621019 	40
284	2	0.0477707	40
285	1	0.00955414	40
286	1	0.0159236	40
287	1	0.665605 	40
288	3	0.710191 	40
289	2	0.0191083	40
290	3	1.29299  	40
291	1	0.0127389	40
292	2	0.0414013	40
293	2	0.0222930	40
294	1	0.0191083	40
295	2	0.668790 	40
296	2	0.697452 	40
297	1	0.00955414	40
298	2	0.668790 	40
299	2	0.0127389	40
300	3	1.62420  	40
301	1	0.0222930	40
302	2	0.0254777	40
303	6	2.11783  	40
304	3	0.786624 	40
305	18	7.30255  	40
306	15	4.72293  	40
307	20	10.0223  	40
308	18	6.79618  	40
309	19	10.5892  	40
310	18	8.19108  	40
311	18	10.6178  	40
312	15	8.42994  	40
313	16	9.65287  	40
314	15	10.6656  	40

Y - Directed channels:

i	max occ	av_occ		capacity
0	34	13.8981  	40
1	27	13.5637  	40
2	25	9.22930  	40
3	28	10.5701  	40
4	29	10.1242  	40
5	32	13.5478  	40
6	27	9.99363  	40
7	30	12.7134  	40
8	31	10.3631  	40
9	27	13.8153  	40
10	27	12.1752  	40
11	28	10.7420  	40
12	30	8.57006  	40
13	32	10.3631  	40
14	26	7.19427  	40
15	31	8.59873  	40
16	30	6.05732  	40
17	28	8.01911  	40
18	28	5.55414  	40
19	27	7.85032  	40
20	27	6.10510  	40
21	29	5.21656  	40
22	30	7.68790  	40
23	28	7.05096  	40
24	30	8.10191  	40
25	27	7.77389  	40
26	31	7.33758  	40
27	28	6.98408  	40
28	29	7.81210  	40
29	31	5.00000  	40
30	26	6.50000  	40
31	29	6.44268  	40
32	27	4.10191  	40
33	28	8.27070  	40
34	26	6.63057  	40
35	31	5.53185  	40
36	27	5.83439  	40
37	28	4.56688  	40
38	30	3.29299  	40
39	28	3.23567  	40
40	30	4.44268  	40
41	26	7.48726  	40
42	30	5.85032  	40
43	27	6.21975  	40
44	27	3.75159  	40
45	28	4.73885  	40
46	26	8.16561  	40
47	29	7.62102  	40
48	28	5.57962  	40
49	25	6.13376  	40
50	27	5.19108  	40
51	25	6.64650  	40
52	29	3.05732  	40
53	26	3.12739  	40
54	30	6.78025  	40
55	24	5.07325  	40
56	24	6.40446  	40
57	28	3.26752  	40
58	31	5.40127  	40
59	28	4.49045  	40
60	28	5.93631  	40
61	30	4.01274  	40
62	28	3.73885  	40
63	25	5.50000  	40
64	27	4.20701  	40
65	27	4.20382  	40
66	24	4.16561  	40
67	25	3.89172  	40
68	27	2.91720  	40
69	29	3.54459  	40
70	29	6.23885  	40
71	26	3.33439  	40
72	25	4.11783  	40
73	20	4.99045  	40
74	24	2.85987  	40
75	25	4.91720  	40
76	22	5.03185  	40
77	20	4.81847  	40
78	22	3.13694  	40
79	20	3.09554  	40
80	22	3.82803  	40
81	23	4.12420  	40
82	18	3.11146  	40
83	21	4.54777  	40
84	21	3.84076  	40
85	16	4.09554  	40
86	21	4.12420  	40
87	22	2.19427  	40
88	22	1.82484  	40
89	16	4.09873  	40
90	17	2.61783  	40
91	22	4.41401  	40
92	23	3.40446  	40
93	20	4.81529  	40
94	18	2.28025  	40
95	24	4.50955  	40
96	19	2.99682  	40
97	22	3.81847  	40
98	23	2.38854  	40
99	21	3.25478  	40
100	17	3.29299  	40
101	22	3.88854  	40
102	18	2.81210  	40
103	22	3.77389  	40
104	19	2.95860  	40
105	16	2.84713  	40
106	20	2.20064  	40
107	23	4.20382  	40
108	19	2.98089  	40
109	16	5.14331  	40
110	18	1.23885  	40
111	17	2.29618  	40
112	18	1.48408  	40
113	17	3.33758  	40
114	20	2.69427  	40
115	19	4.45541  	40
116	18	1.78025  	40
117	20	1.48726  	40
118	20	2.38535  	40
119	16	3.71019  	40
120	17	2.77707  	40
121	16	2.09554  	40
122	18	2.59554  	40
123	18	2.89172  	40
124	19	1.19427  	40
125	22	1.74522  	40
126	15	0.878981 	40
127	17	5.64968  	40
128	17	3.40127  	40
129	21	1.71338  	40
130	17	2.59554  	40
131	15	2.67516  	40
132	23	1.84713  	40
133	18	3.02229  	40
134	19	1.11783  	40
135	18	2.88854  	40
136	16	0.617834 	40
137	15	3.14331  	40
138	16	2.28025  	40
139	18	2.71656  	40
140	15	2.30892  	40
141	15	4.08917  	40
142	15	1.54140  	40
143	17	1.27707  	40
144	20	3.05414  	40
145	14	2.00637  	40
146	21	1.97134  	40
147	12	3.22930  	40
148	12	0.687898 	40
149	13	0.933121 	40
150	13	2.86943  	40
151	14	2.25159  	40
152	14	0.681529 	40
153	8	1.81847  	40
154	11	1.41720  	40
155	17	1.77070  	40
156	17	3.25796  	40
157	11	3.09873  	40
158	10	1.05096  	40
159	9	1.54777  	40
160	8	0.235669 	40
161	6	2.72611  	40
162	8	0.321656 	40
163	11	0.678344 	40
164	9	0.270701 	40
165	8	0.242038 	40
166	6	0.219745 	40
167	8	0.245223 	40
168	7	0.197452 	40
169	4	0.477707 	40
170	6	0.140127 	40
171	4	0.133758 	40
172	4	1.03503  	40
173	3	0.0445860	40
174	4	0.101911 	40
175	4	0.347134 	40
176	4	0.184713 	40
177	3	0.977707 	40
178	5	0.0668790	40
179	3	0.993631 	40
180	8	0.117834 	40
181	3	0.0859873	40
182	5	0.0732484	40
183	2	0.996815 	40
184	4	0.0668790	40
185	2	0.0605096	40
186	3	0.952229 	40
187	2	0.0350318	40
188	2	0.200637 	40
189	4	1.00637  	40
190	3	0.0923567	40
191	2	0.936306 	40
192	3	0.757962 	40
193	2	0.0605096	40
194	2	0.0350318	40
195	2	0.891720 	40
196	4	0.0923567	40
197	4	0.0605096	40
198	4	0.0987261	40
199	3	0.0541401	40
200	4	0.101911 	40
201	2	0.0541401	40
202	1	0.0222930	40
203	3	0.0445860	40
204	2	0.0222930	40
205	2	0.0732484	40
206	2	0.0477707	40
207	2	0.0445860	40
208	2	0.949045 	40
209	2	0.0286624	40
210	3	0.0732484	40
211	3	0.0477707	40
212	2	0.0318471	40
213	2	0.964968 	40
214	2	0.898089 	40
215	3	0.0605096	40
216	2	0.0382166	40
217	2	0.0414013	40
218	1	0.00955414	40
219	3	0.0509554	40
220	2	0.0286624	40
221	2	0.0382166	40
222	2	0.0350318	40
223	2	0.939490 	40
224	1	0.882166 	40
225	3	0.878981 	40
226	2	0.0509554	40
227	3	0.869427 	40
228	3	0.0859873	40
229	3	0.0318471	40
230	4	0.0764331	40
231	2	0.761146 	40
232	4	0.0605096	40
233	2	0.888535 	40
234	2	0.0222930	40
235	3	0.0668790	40
236	1	0.926752 	40
237	3	0.0732484	40
238	2	0.0350318	40
239	2	0.929936 	40
240	1	0.00318471	40
241	5	0.990446 	40
242	3	0.0350318	40
243	2	0.0191083	40
244	2	0.0541401	40
245	4	0.0350318	40
246	3	0.917197 	40
247	1	0.00955414	40
248	3	0.0573248	40
249	1	0.0159236	40
250	4	0.0350318	40
251	2	0.0286624	40
252	2	0.0286624	40
253	3	0.0541401	40
254	2	0.894904 	40
255	1	0.00955414	40
256	5	0.0573248	40
257	3	0.0477707	40
258	2	0.0222930	40
259	0	0.00000  	40
260	1	0.0159236	40
261	2	0.875796 	40
262	1	0.0159236	40
263	3	0.847134 	40
264	5	0.0668790	40
265	2	0.0222930	40
266	3	0.0350318	40
267	3	0.936306 	40
268	4	0.923567 	40
269	3	0.0286624	40
270	2	0.0222930	40
271	1	0.00636943	40
272	3	0.0318471	40
273	2	0.0477707	40
274	1	0.0159236	40
275	1	0.0222930	40
276	1	0.00636943	40
277	3	0.0318471	40
278	3	0.0191083	40
279	2	0.0222930	40
280	2	0.0159236	40
281	2	0.0445860	40
282	2	0.0286624	40
283	1	0.00955414	40
284	2	0.0222930	40
285	1	0.0191083	40
286	1	0.996815 	40
287	3	0.904459 	40
288	3	0.907643 	40
289	3	0.0350318	40
290	2	0.958599 	40
291	2	0.0350318	40
292	1	0.00955414	40
293	1	0.977707 	40
294	2	0.0159236	40
295	4	0.0414013	40
296	2	0.0191083	40
297	1	0.00955414	40
298	3	0.0286624	40
299	2	0.0350318	40
300	2	0.0222930	40
301	2	0.0127389	40
302	2	0.0477707	40
303	1	0.00955414	40
304	2	0.917197 	40
305	1	0.939490 	40
306	2	0.0350318	40
307	3	1.00000  	40
308	2	0.0382166	40
309	3	0.570064 	40
310	4	1.11146  	40
311	15	6.37261  	40
312	18	5.12420  	40
313	17	8.70382  	40
314	15	11.1752  	40

Total Tracks in X-direction: 12600  in Y-direction: 12600

Logic Area (in minimum width transistor areas):
Total Logic Area: 2.95788e+09  Per 1x1 logic tile: 30000

Routing area (in minimum width transistor areas):
Total Routing Area: 5.00551e+08  Per logic tile: 5076.79

Segment usage by type (index):
Segment type       Fractional utilization
------------       ----------------------
       0                  0.0635

Segment usage by length:
Segment length       Fractional utilization
--------------       ----------------------
        2                   0.0635

Critical Path: 5.53527e-08 (s)

Time elapsed (PLACE&ROUTE): 45032606.122000 ms


Time elapsed (Fernando): 45032606.152000 ms

