
VPR FPGA Placement and Routing.
Version: Version 5.0.2
Compiled: Dec 11 2020.
Original VPR by V. Betz.
Timing-driven placement enhancements by A. Marquardt.
Single-drivers enhancements by Andy Ye with additions by.
Mark Fang, Jason Luu, Ted Campbell
Heterogeneous stucture support by Jason Luu and Ted Campbell.
This code is licensed only for non-commercial use.

Auto-sizing FPGA, try x = 72 y = 72
Auto-sizing FPGA, try x = 144 y = 144
Auto-sizing FPGA, try x = 288 y = 288
Auto-sizing FPGA, try x = 576 y = 576
Auto-sizing FPGA, try x = 288 y = 288
Auto-sizing FPGA, try x = 432 y = 432
Auto-sizing FPGA, try x = 360 y = 360
Auto-sizing FPGA, try x = 324 y = 324
Auto-sizing FPGA, try x = 306 y = 306
Auto-sizing FPGA, try x = 315 y = 315
Auto-sizing FPGA, try x = 310 y = 310
Auto-sizing FPGA, try x = 312 y = 312
Auto-sizing FPGA, try x = 313 y = 313
Auto-sizing FPGA, try x = 314 y = 314
Auto-sizing FPGA, try x = 313 y = 313
FPGA auto-sized to, x = 314 y = 314

Resource Usage:
Netlist      0	blocks of type <EMPTY>
Architecture 4	blocks of type <EMPTY>
Netlist      1255	blocks of type .io
Architecture 1256	blocks of type .io
Netlist      3915	blocks of type .clb
Architecture 98596	blocks of type .clb

Timing analysis: ON

Operation:  ROUTE_ONLY

PlacerOpts.place_freq:  PLACE_NEVER

RouterOpts.route_type:  DETAILED
RouterOpts.router_algorithm:  TIMING_DRIVEN
RouterOpts.base_cost_type:  DELAY_NORMALIZED
RouterOpts.fixed_channel_width:  NO_FIXED_CHANNEL_WIDTH
RouterOpts.acc_fac:  1.000000
RouterOpts.bb_factor:  3
RouterOpts.bend_cost:  0.000000
RouterOpts.first_iter_pres_fac:  0.500000
RouterOpts.initial_pres_fac:  0.500000
RouterOpts.pres_fac_mult:  1.300000
RouterOpts.max_router_iterations:  50
RouterOpts.astar_fac:  1.200000
RouterOpts.criticality_exp:  1.000000
RouterOpts.max_criticality:  0.990000

RoutingArch.directionality:  UNI_DIRECTIONAL
RoutingArch.switch_block_type:  WILTON
RoutingArch.Fs:  3

The circuit will be mapped into a 314 x 314 array of clbs.

Netlist num_nets:  3979
Netlist num_blocks:  5170
Netlist inputs pins:  64
Netlist output pins:  1191

14 18 0
8 18 0
76 20 0
21 57 0
84 20 0
109 20 0
19 18 0
21 19 0
107 24 0
14 17 0
71 23 0
5 36 0
20 20 0
9 22 0
36 19 0
100 28 0
45 24 0
95 24 0
12 23 0
96 23 0
59 24 0
93 19 0
97 22 0
13 23 0
39 18 0
94 19 0
92 18 0
14 29 0
3 22 0
95 20 0
96 21 0
16 25 0
18 24 0
14 24 0
17 24 0
16 27 0
51 22 0
72 31 0
54 23 0
90 27 0
89 21 0
164 315 0
60 23 0
65 29 0
67 22 0
71 24 0
83 25 0
86 27 0
21 25 0
9 24 0
15 29 0
32 33 0
79 21 0
86 24 0
87 21 0
87 20 0
27 24 0
9 33 0
87 22 0
47 23 0
37 15 0
20 37 0
16 17 0
36 22 0
21 27 0
46 18 0
48 12 0
94 15 0
25 65 0
8 37 0
19 34 0
24 21 0
104 18 0
40 17 0
107 19 0
18 37 0
29 17 0
28 32 0
3 15 0
2 20 0
41 50 0
43 2 0
43 28 0
32 18 0
15 24 0
48 5 0
11 15 0
17 21 0
17 37 0
25 24 0
4 39 0
45 1 0
40 6 0
79 29 0
39 20 0
45 4 0
4 10 0
24 58 0
10 15 0
73 23 0
57 16 0
63 12 0
76 11 0
76 0 0
55 7 0
1 21 0
16 19 0
48 2 0
3 27 0
12 55 0
31 20 0
47 8 0
32 19 0
57 10 0
49 17 0
54 13 0
47 17 0
69 8 0
76 12 0
74 23 0
81 21 0
4 17 0
53 14 0
16 18 0
27 16 0
52 16 0
52 19 0
17 39 0
60 6 0
71 7 0
68 7 0
73 24 0
74 14 0
82 2 0
82 12 0
82 27 0
81 22 0
3 39 0
10 22 0
33 22 0
28 24 0
79 50 0
13 30 0
90 12 0
43 6 0
107 1 0
14 12 0
34 14 0
163 10 0
104 6 0
30 14 0
13 25 0
23 17 0
44 12 0
39 40 0
18 66 0
44 42 0
79 12 0
86 10 0
83 13 0
105 10 0
107 12 0
49 15 0
48 11 0
66 1 0
21 30 0
78 11 0
80 15 0
13 7 0
1 27 0
18 5 0
7 25 0
23 7 0
158 11 0
105 8 0
78 1 0
78 8 0
78 7 0
9 21 0
79 10 0
179 20 0
68 15 0
19 30 0
5 4 0
11 34 0
11 33 0
22 39 0
15 13 0
3 33 0
102 11 0
103 5 0
12 36 0
118 14 0
28 17 0
11 24 0
160 22 0
9 15 0
11 63 0
121 12 0
16 15 0
180 19 0
168 13 0
114 12 0
61 6 0
72 5 0
2 41 0
144 12 0
104 16 0
6 41 0
24 12 0
9 26 0
7 22 0
20 19 0
4 64 0
23 62 0
116 9 0
122 12 0
99 22 0
114 14 0
128 20 0
124 9 0
155 10 0
41 2 0
47 5 0
23 2 0
5 21 0
4 37 0
10 19 0
26 23 0
7 33 0
71 20 0
151 16 0
38 1 0
68 24 0
63 10 0
12 16 0
27 7 0
25 37 0
5 23 0
19 25 0
160 1 0
84 17 0
42 11 0
19 57 0
81 17 0
33 5 0
84 11 0
83 15 0
46 4 0
77 12 0
74 19 0
85 12 0
1 33 0
17 18 0
35 22 0
88 12 0
81 10 0
24 62 0
88 11 0
65 4 0
19 35 0
4 19 0
6 20 0
25 19 0
20 12 0
17 23 0
20 24 0
68 29 0
47 1 0
38 14 0
5 41 0
34 7 0
74 10 0
42 9 0
63 11 0
1 36 0
39 13 0
8 17 0
6 23 0
15 25 0
67 19 0
5 43 0
66 21 0
6 21 0
65 20 0
115 11 0
68 14 0
2 11 0
32 6 0
44 24 0
34 22 0
36 15 0
60 13 0
38 20 0
59 16 0
128 7 0
30 1 0
72 15 0
28 26 0
21 34 0
36 26 0
4 65 0
32 17 0
40 19 0
17 26 0
38 8 0
32 7 0
24 29 0
39 1 0
63 8 0
11 25 0
64 22 0
121 9 0
13 22 0
35 17 0
70 15 0
64 17 0
65 27 0
72 16 0
28 6 0
36 4 0
38 2 0
4 31 0
168 5 0
24 11 0
170 3 0
16 41 0
17 36 0
15 36 0
38 9 0
42 34 0
34 20 0
13 32 0
15 10 0
28 30 0
10 17 0
41 28 0
46 2 0
38 4 0
39 2 0
4 21 0
26 10 0
31 7 0
38 10 0
30 6 0
46 31 0
39 3 0
8 30 0
7 32 0
25 15 0
25 34 0
1 30 0
1 28 0
44 7 0
17 55 0
49 11 0
51 24 0
44 10 0
70 11 0
90 20 0
95 17 0
93 21 0
37 1 0
90 17 0
53 24 0
30 13 0
35 3 0
35 4 0
79 4 0
85 1 0
25 29 0
96 17 0
105 3 0
77 4 0
94 16 0
8 21 0
43 27 0
10 64 0
47 20 0
29 26 0
8 19 0
9 36 0
35 24 0
135 6 0
42 20 0
106 24 0
47 12 0
76 2 0
83 1 0
78 12 0
82 8 0
12 20 0
2 24 0
25 16 0
26 24 0
18 43 0
25 32 0
28 21 0
4 38 0
29 23 0
9 2 0
3 40 0
33 17 0
136 6 0
34 17 0
29 5 0
109 6 0
96 4 0
21 37 0
40 24 0
40 1 0
110 23 0
79 14 0
79 11 0
49 12 0
143 0 0
81 12 0
79 25 0
76 8 0
27 26 0
15 41 0
27 20 0
49 9 0
3 12 0
13 20 0
3 11 0
27 22 0
19 33 0
3 19 0
8 36 0
47 33 0
27 29 0
40 9 0
37 23 0
5 61 0
42 29 0
37 24 0
54 10 0
37 6 0
42 30 0
65 17 0
31 8 0
53 1 0
61 16 0
54 9 0
27 25 0
21 29 0
41 24 0
41 23 0
20 11 0
18 35 0
14 33 0
16 12 0
2 27 0
11 35 0
13 18 0
41 25 0
3 16 0
138 7 0
53 8 0
52 12 0
40 20 0
42 15 0
47 24 0
93 16 0
74 3 0
41 10 0
51 12 0
53 12 0
32 8 0
17 27 0
24 24 0
14 28 0
1 66 0
126 3 0
26 29 0
183 9 0
41 12 0
8 26 0
108 18 0
89 19 0
106 17 0
2 7 0
93 17 0
42 1 0
62 11 0
182 18 0
83 6 0
51 11 0
52 10 0
6 5 0
18 29 0
3 20 0
109 13 0
32 36 0
49 21 0
103 14 0
141 19 0
144 3 0
10 34 0
17 20 0
13 36 0
46 5 0
15 28 0
3 3 0
8 5 0
1 59 0
1 32 0
39 23 0
126 11 0
44 31 0
106 14 0
108 21 0
33 18 0
49 2 0
84 10 0
87 14 0
21 61 0
86 16 0
24 34 0
16 16 0
13 43 0
92 5 0
40 21 0
93 18 0
49 38 0
86 7 0
81 24 0
51 35 0
98 17 0
97 15 0
3 53 0
15 40 0
20 40 0
94 4 0
23 65 0
6 8 0
93 5 0
14 26 0
82 4 0
144 10 0
117 26 0
106 21 0
99 13 0
84 5 0
83 10 0
129 14 0
84 13 0
123 16 0
92 14 0
5 5 0
99 9 0
6 18 0
138 29 0
6 13 0
142 20 0
51 10 0
144 13 0
85 7 0
11 50 0
18 42 0
10 42 0
10 35 0
3 31 0
36 27 0
42 35 0
52 35 0
92 16 0
83 38 0
83 23 0
96 7 0
15 20 0
89 4 0
87 7 0
145 32 0
2 34 0
2 29 0
17 19 0
24 22 0
11 36 0
11 19 0
7 17 0
6 63 0
21 26 0
50 18 0
64 16 0
46 63 0
137 15 0
51 25 0
138 8 0
5 38 0
122 4 0
99 16 0
119 7 0
81 13 0
7 6 0
19 63 0
40 31 0
137 11 0
142 16 0
147 18 0
145 15 0
141 18 0
109 10 0
139 15 0
138 16 0
138 15 0
75 21 0
18 34 0
4 27 0
7 42 0
10 37 0
2 9 0
19 38 0
120 3 0
100 23 0
20 36 0
36 31 0
46 27 0
56 27 0
53 29 0
146 15 0
5 17 0
7 9 0
43 20 0
92 3 0
11 18 0
87 23 0
28 35 0
96 5 0
1 42 0
35 20 0
64 45 0
8 48 0
19 62 0
32 4 0
19 26 0
120 16 0
22 14 0
123 14 0
95 21 0
96 16 0
146 16 0
113 27 0
110 13 0
35 27 0
102 18 0
24 38 0
11 29 0
9 64 0
52 24 0
59 26 0
118 18 0
9 18 0
18 38 0
23 15 0
1 31 0
67 23 0
41 7 0
105 17 0
10 21 0
8 9 0
19 15 0
39 7 0
35 6 0
58 19 0
30 2 0
98 16 0
63 17 0
69 18 0
68 18 0
21 39 0
23 27 0
70 12 0
30 8 0
85 14 0
73 18 0
6 4 0
34 5 0
19 37 0
40 5 0
3 35 0
26 8 0
38 23 0
30 24 0
21 11 0
2 40 0
51 28 0
16 35 0
33 4 0
37 2 0
15 11 0
58 23 0
57 21 0
20 26 0
42 10 0
10 3 0
4 14 0
6 2 0
95 6 0
39 6 0
23 19 0
50 11 0
99 19 0
61 23 0
72 18 0
67 18 0
67 13 0
107 21 0
70 18 0
69 19 0
15 37 0
22 5 0
33 15 0
60 25 0
33 25 0
6 12 0
17 15 0
50 1 0
27 23 0
45 16 0
41 27 0
42 31 0
31 11 0
9 3 0
16 36 0
18 33 0
86 17 0
14 7 0
4 42 0
63 13 0
53 18 0
90 9 0
55 10 0
61 13 0
64 24 0
67 12 0
65 18 0
64 14 0
98 18 0
38 26 0
60 27 0
42 27 0
42 17 0
54 1 0
54 20 0
53 16 0
88 3 0
40 3 0
6 10 0
55 16 0
27 31 0
25 4 0
26 17 0
41 14 0
83 26 0
20 17 0
88 22 0
28 15 0
17 3 0
47 19 0
43 21 0
39 19 0
44 11 0
1 35 0
22 21 0
122 13 0
9 32 0
56 15 0
45 17 0
87 10 0
46 15 0
5 33 0
86 23 0
58 35 0
7 21 0
19 19 0
102 4 0
16 26 0
55 14 0
116 12 0
38 19 0
96 18 0
53 21 0
100 18 0
125 6 0
60 14 0
71 14 0
97 19 0
62 19 0
54 18 0
100 16 0
57 18 0
61 19 0
41 18 0
64 11 0
119 10 0
115 22 0
122 6 0
78 25 0
120 5 0
19 16 0
13 13 0
2 5 0
40 8 0
55 21 0
58 18 0
46 8 0
12 38 0
3 44 0
17 11 0
15 15 0
43 36 0
5 51 0
14 14 0
12 42 0
64 26 0
43 14 0
29 15 0
20 16 0
27 14 0
18 40 0
21 17 0
50 12 0
41 16 0
48 14 0
38 16 0
97 2 0
141 3 0
61 17 0
118 17 0
2 59 0
43 17 0
140 12 0
101 6 0
74 11 0
141 14 0
6 31 0
4 44 0
14 5 0
43 34 0
22 26 0
67 9 0
130 7 0
134 2 0
117 8 0
13 21 0
11 12 0
18 17 0
18 65 0
10 48 0
8 14 0
55 25 0
22 25 0
1 37 0
14 38 0
45 28 0
75 22 0
80 8 0
57 23 0
109 15 0
75 16 0
79 22 0
144 24 0
135 9 0
135 4 0
134 18 0
141 16 0
135 19 0
25 8 0
84 27 0
134 23 0
12 12 0
1 51 0
147 6 0
138 10 0
41 35 0
3 37 0
22 23 0
76 21 0
17 46 0
27 12 0
103 13 0
19 22 0
149 21 0
137 12 0
125 17 0
46 24 0
47 14 0
128 11 0
78 10 0
16 13 0
8 33 0
121 11 0
103 10 0
54 11 0
130 4 0
100 22 0
131 16 0
97 18 0
34 27 0
61 9 0
31 12 0
29 21 0
148 21 0
103 26 0
38 15 0
35 31 0
94 23 0
143 25 0
143 24 0
92 10 0
85 36 0
107 15 0
315 143 0
86 26 0
136 22 0
18 36 0
128 8 0
35 29 0
47 15 0
148 12 0
60 21 0
126 34 0
28 19 0
42 36 0
138 33 0
112 22 0
112 19 0
106 12 0
6 1 0
145 11 0
25 11 0
9 43 0
8 22 0
9 14 0
94 12 0
148 14 0
143 18 0
41 31 0
17 13 0
11 5 0
20 10 0
126 15 0
41 22 0
23 35 0
20 4 0
1 53 0
24 4 0
6 29 0
21 42 0
79 1 0
142 14 0
96 19 0
43 12 0
129 19 0
17 29 0
144 15 0
59 11 0
86 15 0
80 10 0
91 15 0
110 17 0
82 17 0
46 37 0
37 26 0
41 32 0
17 28 0
85 11 0
52 22 0
103 24 0
120 10 0
63 2 0
124 12 0
138 14 0
19 31 0
74 16 0
128 12 0
126 16 0
22 18 0
135 41 0
35 25 0
23 14 0
23 29 0
38 27 0
42 16 0
24 30 0
48 30 0
15 32 0
7 14 0
26 34 0
39 5 0
101 12 0
128 15 0
104 4 0
56 22 0
28 27 0
94 36 0
20 44 0
20 6 0
19 14 0
4 66 0
18 2 0
79 2 0
5 20 0
50 8 0
2 44 0
35 2 0
130 27 0
74 15 0
54 5 0
121 22 0
98 37 0
121 34 0
122 16 0
80 11 0
76 13 0
75 17 0
20 14 0
17 30 0
91 8 0
44 26 0
26 20 0
38 30 0
106 2 0
114 3 0
43 26 0
18 31 0
119 12 0
16 30 0
141 12 0
0 12 0
17 31 0
99 4 0
37 41 0
11 62 0
131 2 0
4 57 0
83 20 0
48 10 0
74 6 0
124 6 0
9 9 0
132 14 0
105 6 0
124 3 0
50 17 0
31 31 0
51 15 0
2 25 0
169 9 0
112 10 0
128 67 0
47 4 0
11 28 0
30 30 0
59 17 0
106 8 0
71 8 0
36 18 0
1 48 0
10 5 0
50 13 0
29 14 0
87 6 0
113 13 0
28 2 0
78 2 0
12 3 0
60 3 0
106 31 0
90 10 0
32 20 0
143 12 0
2 26 0
85 5 0
17 33 0
4 53 0
8 24 0
6 34 0
13 8 0
90 2 0
3 9 0
9 51 0
188 9 0
56 8 0
8 28 0
52 1 0
111 11 0
66 17 0
38 3 0
45 6 0
83 8 0
35 23 0
38 7 0
54 4 0
123 13 0
90 7 0
91 5 0
59 7 0
13 35 0
58 7 0
11 3 0
99 6 0
109 8 0
54 26 0
74 27 0
100 19 0
13 16 0
2 62 0
66 4 0
32 60 0
19 12 0
4 24 0
14 4 0
6 38 0
187 7 0
76 28 0
77 13 0
129 5 0
105 16 0
44 20 0
112 16 0
2 53 0
59 25 0
9 39 0
50 10 0
12 51 0
0 9 0
3 17 0
20 66 0
0 6 0
51 9 0
27 11 0
107 20 0
150 4 0
39 45 0
119 15 0
43 19 0
52 29 0
68 11 0
35 10 0
193 4 0
70 22 0
17 47 0
14 31 0
34 12 0
40 30 0
1 58 0
183 3 0
86 25 0
6 26 0
88 14 0
29 19 0
11 42 0
70 20 0
31 9 0
38 13 0
0 43 0
14 36 0
97 4 0
63 5 0
2 49 0
26 16 0
6 30 0
63 14 0
55 31 0
88 4 0
19 23 0
62 12 0
117 13 0
88 26 0
12 48 0
21 22 0
0 28 0
96 27 0
14 40 0
19 27 0
37 17 0
34 21 0
76 22 0
33 23 0
22 65 0
5 14 0
131 15 0
35 8 0
115 3 0
98 19 0
29 12 0
26 37 0
160 5 0
10 43 0
160 3 0
165 3 0
47 32 0
12 32 0
68 20 0
6 3 0
47 11 0
1 45 0
19 47 0
118 1 0
131 43 0
115 19 0
32 13 0
79 24 0
10 38 0
15 12 0
109 2 0
67 17 0
95 26 0
177 4 0
21 7 0
56 2 0
111 7 0
176 2 0
179 0 0
185 1 0
31 18 0
20 41 0
73 5 0
25 12 0
87 13 0
99 14 0
157 9 0
10 14 0
7 28 0
14 16 0
178 7 0
118 15 0
19 11 0
113 6 0
112 13 0
28 14 0
34 24 0
1 7 0
4 4 0
5 52 0
56 14 0
10 25 0
54 22 0
74 17 0
175 11 0
52 25 0
111 6 0
41 5 0
2 19 0
44 19 0
145 2 0
107 5 0
2 46 0
72 8 0
107 11 0
40 7 0
42 18 0
143 7 0
5 35 0
44 3 0
1 5 0
141 5 0
8 10 0
153 7 0
25 23 0
15 3 0
8 35 0
77 21 0
23 26 0
1 50 0
40 15 0
14 10 0
153 9 0
5 59 0
173 4 0
161 5 0
30 26 0
1 14 0
142 9 0
12 24 0
98 4 0
16 37 0
61 7 0
43 8 0
72 17 0
10 60 0
11 49 0
163 4 0
4 48 0
54 6 0
183 13 0
16 24 0
10 4 0
101 26 0
109 5 0
13 39 0
29 7 0
25 54 0
37 8 0
128 14 0
106 18 0
2 57 0
8 29 0
111 3 0
111 2 0
5 44 0
66 9 0
96 11 0
46 21 0
143 3 0
56 3 0
22 12 0
34 33 0
4 40 0
15 19 0
8 38 0
0 50 0
14 42 0
39 25 0
34 11 0
12 43 0
29 4 0
39 11 0
6 27 0
94 11 0
67 2 0
6 43 0
126 14 0
39 16 0
166 4 0
48 31 0
21 6 0
39 38 0
161 13 0
64 15 0
121 2 0
103 8 0
7 56 0
93 3 0
40 12 0
109 14 0
88 24 0
99 17 0
22 13 0
5 6 0
51 18 0
71 19 0
12 15 0
32 28 0
53 5 0
91 11 0
7 12 0
20 25 0
13 53 0
143 8 0
0 4 0
131 5 0
35 32 0
11 43 0
33 12 0
180 47 0
98 11 0
21 12 0
71 10 0
32 24 0
87 1 0
77 6 0
127 18 0
12 33 0
58 11 0
42 28 0
69 13 0
34 30 0
2 23 0
103 3 0
101 18 0
12 30 0
50 29 0
138 1 0
93 11 0
15 7 0
1 20 0
29 10 0
142 2 0
123 10 0
80 4 0
133 1 0
94 7 0
13 1 0
16 2 0
3 6 0
50 15 0
87 17 0
10 1 0
22 31 0
76 18 0
43 37 0
89 11 0
62 17 0
103 2 0
59 3 0
35 12 0
5 66 0
5 42 0
17 40 0
16 7 0
82 9 0
132 16 0
30 17 0
7 45 0
128 66 0
28 11 0
1 55 0
167 9 0
117 2 0
145 17 0
6 37 0
58 3 0
10 50 0
167 29 0
25 35 0
88 23 0
0 30 0
3 2 0
57 6 0
64 10 0
130 12 0
8 8 0
25 6 0
8 55 0
0 51 0
34 315 0
34 2 0
104 17 0
14 8 0
14 59 0
15 4 0
29 8 0
19 40 0
7 16 0
133 14 0
13 47 0
66 5 0
36 6 0
45 9 0
14 20 0
2 56 0
0 32 0
59 5 0
12 41 0
21 4 0
165 12 0
33 11 0
315 278 0
187 12 0
2 31 0
21 5 0
38 5 0
11 20 0
56 4 0
24 6 0
14 39 0
105 7 0
81 14 0
41 1 0
139 23 0
101 23 0
24 26 0
33 7 0
82 14 0
51 2 0
26 5 0
43 3 0
40 2 0
30 15 0
41 17 0
10 40 0
8 11 0
48 16 0
11 65 0
11 59 0
3 64 0
118 12 0
13 42 0
37 4 0
37 21 0
38 11 0
75 12 0
27 17 0
125 20 0
0 33 0
0 5 0
2 51 0
109 17 0
157 4 0
153 5 0
7 52 0
153 1 0
37 3 0
49 6 0
66 3 0
101 3 0
32 15 0
85 18 0
40 13 0
97 14 0
137 16 0
105 11 0
48 8 0
49 10 0
9 25 0
174 15 0
108 13 0
59 22 0
3 34 0
78 24 0
24 1 0
163 11 0
15 35 0
47 16 0
60 16 0
85 10 0
65 22 0
11 14 0
58 34 0
58 13 0
49 35 0
45 12 0
2 4 0
15 33 0
9 30 0
40 10 0
62 7 0
55 11 0
34 6 0
7 19 0
31 19 0
21 31 0
60 5 0
95 10 0
42 14 0
1 12 0
60 8 0
19 36 0
41 20 0
20 28 0
16 29 0
15 27 0
10 49 0
106 35 0
20 7 0
34 52 0
125 3 0
163 6 0
14 49 0
75 15 0
17 9 0
8 23 0
2 43 0
29 27 0
25 22 0
21 13 0
3 50 0
114 9 0
43 11 0
11 4 0
22 6 0
79 54 0
3 55 0
35 18 0
1 62 0
34 45 0
87 26 0
39 14 0
95 2 0
81 25 0
87 27 0
16 20 0
181 15 0
82 20 0
28 18 0
71 2 0
32 14 0
112 9 0
119 5 0
19 13 0
1 39 0
9 19 0
58 14 0
94 6 0
159 2 0
5 24 0
2 63 0
103 21 0
50 20 0
13 17 0
81 7 0
9 56 0
43 44 0
8 13 0
97 16 0
167 11 0
1 1 0
12 22 0
162 2 0
80 36 0
145 6 0
52 5 0
116 15 0
8 4 0
210 11 0
65 23 0
7 58 0
12 31 0
23 5 0
182 8 0
82 15 0
54 19 0
101 4 0
7 50 0
159 11 0
42 7 0
60 9 0
86 2 0
172 6 0
58 21 0
30 4 0
25 30 0
122 18 0
11 64 0
47 36 0
64 18 0
74 2 0
180 3 0
91 10 0
0 36 0
58 5 0
37 10 0
74 12 0
97 17 0
122 2 0
86 5 0
101 1 0
12 6 0
91 9 0
92 15 0
156 22 0
16 4 0
116 4 0
42 26 0
53 3 0
66 13 0
142 39 0
7 43 0
55 2 0
102 3 0
157 2 0
132 17 0
2 38 0
54 17 0
139 6 0
22 22 0
18 22 0
208 11 0
5 53 0
70 21 0
61 8 0
68 8 0
13 5 0
37 9 0
61 2 0
0 47 0
8 45 0
42 25 0
92 1 0
36 23 0
41 33 0
12 66 0
107 16 0
56 21 0
89 13 0
0 11 0
93 13 0
18 54 0
1 9 0
74 26 0
162 18 0
23 10 0
29 33 0
22 20 0
195 7 0
18 18 0
15 39 0
25 5 0
65 9 0
29 22 0
70 19 0
17 16 0
4 6 0
22 8 0
20 21 0
76 6 0
70 16 0
83 2 0
18 21 0
29 11 0
145 8 0
72 6 0
62 20 0
24 13 0
87 19 0
26 19 0
165 11 0
89 7 0
11 7 0
32 3 0
3 21 0
42 24 0
30 18 0
30 43 0
154 0 0
0 17 0
139 26 0
168 7 0
1 6 0
9 59 0
52 14 0
3 7 0
44 23 0
40 34 0
13 66 0
0 3 0
38 18 0
58 12 0
179 3 0
22 33 0
55 8 0
14 2 0
0 19 0
3 65 0
26 32 0
87 3 0
7 5 0
57 1 0
66 2 0
5 1 0
75 19 0
187 10 0
34 8 0
110 9 0
79 17 0
89 28 0
18 20 0
35 16 0
6 32 0
51 7 0
24 5 0
16 5 0
42 4 0
11 10 0
30 11 0
184 15 0
0 2 0
1 29 0
14 41 0
59 15 0
107 22 0
184 11 0
113 3 0
60 7 0
9 58 0
96 2 0
36 8 0
173 11 0
39 4 0
4 56 0
56 17 0
53 4 0
7 4 0
19 5 0
162 5 0
0 52 0
22 16 0
128 9 0
89 22 0
203 16 0
13 10 0
84 4 0
29 20 0
46 3 0
10 63 0
121 35 0
67 8 0
133 12 0
6 16 0
2 30 0
15 2 0
15 63 0
1 40 0
3 18 0
8 62 0
150 6 0
18 30 0
29 1 0
16 50 0
21 10 0
69 6 0
2 13 0
1 63 0
95 3 0
22 57 0
33 24 0
24 23 0
9 63 0
131 13 0
15 5 0
99 38 0
0 7 0
5 12 0
84 19 0
10 10 0
5 25 0
16 34 0
7 35 0
95 1 0
55 47 0
14 47 0
10 29 0
69 16 0
30 16 0
6 44 0
144 8 0
112 17 0
203 6 0
6 64 0
60 12 0
104 7 0
9 37 0
26 4 0
43 13 0
51 20 0
170 0 0
164 6 0
25 3 0
11 2 0
117 10 0
106 9 0
80 17 0
32 1 0
48 28 0
95 5 0
34 16 0
20 50 0
2 10 0
11 8 0
21 40 0
113 18 0
85 13 0
14 48 0
1 54 0
178 4 0
55 20 0
37 35 0
16 23 0
43 5 0
153 17 0
24 15 0
22 11 0
13 48 0
16 1 0
108 7 0
42 32 0
26 38 0
180 5 0
10 16 0
83 11 0
58 15 0
3 52 0
9 5 0
157 10 0
21 46 0
27 8 0
45 33 0
10 11 0
14 46 0
9 1 0
50 2 0
33 26 0
4 5 0
31 13 0
41 9 0
98 2 0
22 3 0
165 4 0
62 3 0
9 34 0
17 41 0
137 8 0
17 8 0
185 13 0
96 6 0
71 3 0
87 5 0
14 3 0
12 58 0
27 6 0
5 46 0
167 0 0
19 3 0
29 9 0
32 11 0
3 24 0
198 6 0
40 36 0
11 13 0
13 4 0
9 46 0
3 30 0
5 18 0
26 1 0
34 28 0
1 57 0
64 1 0
107 10 0
6 46 0
18 4 0
17 59 0
104 9 0
144 5 0
36 14 0
65 13 0
89 27 0
62 2 0
62 22 0
114 4 0
23 18 0
25 17 0
21 28 0
138 18 0
90 8 0
10 41 0
14 51 0
55 1 0
67 1 0
11 54 0
104 14 0
184 13 0
137 13 0
32 5 0
29 18 0
161 2 0
120 9 0
1 56 0
46 19 0
32 40 0
40 39 0
24 16 0
11 23 0
101 28 0
98 7 0
67 10 0
20 29 0
99 18 0
188 5 0
45 13 0
49 22 0
12 49 0
1 19 0
12 8 0
168 29 0
47 6 0
7 41 0
31 43 0
46 11 0
70 17 0
218 0 0
153 8 0
66 19 0
19 44 0
5 49 0
22 7 0
29 13 0
7 37 0
0 48 0
96 25 0
0 57 0
5 8 0
25 40 0
151 2 0
114 8 0
86 1 0
15 9 0
1 65 0
119 11 0
141 15 0
60 26 0
40 22 0
55 35 0
1 13 0
66 12 0
47 27 0
12 37 0
178 3 0
23 6 0
48 36 0
7 57 0
91 6 0
82 16 0
90 5 0
146 8 0
12 54 0
18 32 0
88 10 0
95 13 0
45 23 0
136 8 0
95 8 0
25 9 0
121 13 0
0 35 0
95 19 0
82 1 0
155 5 0
35 45 0
149 8 0
61 18 0
2 60 0
46 17 0
91 39 0
34 3 0
78 3 0
20 5 0
145 14 0
0 26 0
123 4 0
193 5 0
36 20 0
3 28 0
22 24 0
27 13 0
50 5 0
7 34 0
54 7 0
26 15 0
7 2 0
19 28 0
83 7 0
82 5 0
84 18 0
8 40 0
199 2 0
23 42 0
46 10 0
21 33 0
97 20 0
102 1 0
78 15 0
75 4 0
3 61 0
9 20 0
24 20 0
2 22 0
46 14 0
16 8 0
2 16 0
4 32 0
144 2 0
177 7 0
96 3 0
95 18 0
0 1 0
137 4 0
167 2 0
21 18 0
106 6 0
0 53 0
37 14 0
44 6 0
60 22 0
51 5 0
20 8 0
36 5 0
33 43 0
59 19 0
49 34 0
63 7 0
156 9 0
142 15 0
109 1 0
111 21 0
161 14 0
0 8 0
0 15 0
160 11 0
3 43 0
43 9 0
74 7 0
198 5 0
151 1 0
44 8 0
92 2 0
7 47 0
175 1 0
105 19 0
68 17 0
199 10 0
25 7 0
160 13 0
48 19 0
32 9 0
18 16 0
35 1 0
7 64 0
156 4 0
79 27 0
173 1 0
120 18 0
193 11 0
14 19 0
135 14 0
35 11 0
178 8 0
182 14 0
77 16 0
150 1 0
97 1 0
29 3 0
40 18 0
191 10 0
94 1 0
14 1 0
186 10 0
94 22 0
43 4 0
7 54 0
31 33 0
31 6 0
97 23 0
12 52 0
71 12 0
89 6 0
43 16 0
4 3 0
103 11 0
44 1 0
7 24 0
164 2 0
1 18 0
85 6 0
15 48 0
80 35 0
44 16 0
185 4 0
6 55 0
0 54 0
62 14 0
17 5 0
121 4 0
27 2 0
56 29 0
115 16 0
79 53 0
2 2 0
125 11 0
65 3 0
16 22 0
31 15 0
34 31 0
171 7 0
120 4 0
58 9 0
43 15 0
0 313 0
114 20 0
177 3 0
49 61 0
65 12 0
24 33 0
4 26 0
7 7 0
13 45 0
67 47 0
174 6 0
17 22 0
3 25 0
12 26 0
168 8 0
13 3 0
73 2 0
26 26 0
1 22 0
33 10 0
106 11 0
164 0 0
197 14 0
26 22 0
8 63 0
88 1 0
128 68 0
80 9 0
189 3 0
0 29 0
51 17 0
315 133 0
182 19 0
2 12 0
87 2 0
3 10 0
38 21 0
152 4 0
315 22 0
105 4 0
92 6 0
140 7 0
121 42 0
174 5 0
183 16 0
0 22 0
80 19 0
5 19 0
64 23 0
176 5 0
38 22 0
0 56 0
36 2 0
10 39 0
72 19 0
30 22 0
141 25 0
142 5 0
41 48 0
53 7 0
27 18 0
155 2 0
16 31 0
158 1 0
43 1 0
22 15 0
40 25 0
113 12 0
32 10 0
11 32 0
16 32 0
23 12 0
36 24 0
126 19 0
6 6 0
47 29 0
139 2 0
113 20 0
20 13 0
9 16 0
9 54 0
80 6 0
109 16 0
20 49 0
120 8 0
10 51 0
84 21 0
159 13 0
19 17 0
48 24 0
48 32 0
14 44 0
70 13 0
84 36 0
101 9 0
15 54 0
141 2 0
69 17 0
160 0 0
37 16 0
25 10 0
161 9 0
3 54 0
61 3 0
15 53 0
155 9 0
115 12 0
31 28 0
195 2 0
110 4 0
15 6 0
11 27 0
21 32 0
73 10 0
92 7 0
111 1 0
188 10 0
102 10 0
28 12 0
18 10 0
12 21 0
15 55 0
95 23 0
98 3 0
128 6 0
0 16 0
81 5 0
17 4 0
71 4 0
12 2 0
153 11 0
30 20 0
55 23 0
18 3 0
9 38 0
112 18 0
7 55 0
5 30 0
18 25 0
1 44 0
27 1 0
128 5 0
16 11 0
108 22 0
8 65 0
17 38 0
5 45 0
11 37 0
25 33 0
30 12 0
123 6 0
70 5 0
15 8 0
93 15 0
85 20 0
43 23 0
91 2 0
139 16 0
125 34 0
57 17 0
95 7 0
29 30 0
159 1 0
63 1 0
44 4 0
18 1 0
15 30 0
31 27 0
6 15 0
161 8 0
18 58 0
159 4 0
8 46 0
4 46 0
8 25 0
31 41 0
2 36 0
69 9 0
129 11 0
79 23 0
24 8 0
18 26 0
77 1 0
175 5 0
2 39 0
118 5 0
35 9 0
98 5 0
44 21 0
34 18 0
80 26 0
65 16 0
82 7 0
5 62 0
62 25 0
182 12 0
61 4 0
110 5 0
178 18 0
8 52 0
36 12 0
111 19 0
30 5 0
157 14 0
88 9 0
97 11 0
0 46 0
158 7 0
21 50 0
79 7 0
61 12 0
170 12 0
68 21 0
89 23 0
151 6 0
5 11 0
45 7 0
214 9 0
170 7 0
75 1 0
61 15 0
63 23 0
106 15 0
7 13 0
76 1 0
65 15 0
102 14 0
73 6 0
111 17 0
122 25 0
71 25 0
13 2 0
75 2 0
72 12 0
47 10 0
74 5 0
52 4 0
4 8 0
149 2 0
27 27 0
23 23 0
27 10 0
16 40 0
27 9 0
5 54 0
27 28 0
127 8 0
28 1 0
33 9 0
155 23 0
49 14 0
39 10 0
45 5 0
36 41 0
3 23 0
141 10 0
15 46 0
4 2 0
10 47 0
11 22 0
2 52 0
67 14 0
87 15 0
0 44 0
169 14 0
59 1 0
81 6 0
95 11 0
27 4 0
64 19 0
85 16 0
119 6 0
9 29 0
165 21 0
4 16 0
31 22 0
25 47 0
44 2 0
33 35 0
18 23 0
86 3 0
0 18 0
4 22 0
45 3 0
8 43 0
19 50 0
19 7 0
29 2 0
4 25 0
117 19 0
38 25 0
13 26 0
13 11 0
183 2 0
31 2 0
10 56 0
45 2 0
183 12 0
113 14 0
24 44 0
93 12 0
77 7 0
49 1 0
118 6 0
6 36 0
13 46 0
158 4 0
23 21 0
203 8 0
75 3 0
107 6 0
39 17 0
35 15 0
18 7 0
97 7 0
37 19 0
66 7 0
99 8 0
187 16 0
70 14 0
27 30 0
19 1 0
41 3 0
15 47 0
44 34 0
122 29 0
99 21 0
67 4 0
20 32 0
28 9 0
110 2 0
181 3 0
9 47 0
28 46 0
93 8 0
3 38 0
52 6 0
4 11 0
127 9 0
4 41 0
26 25 0
150 3 0
19 8 0
6 45 0
126 4 0
88 5 0
23 13 0
18 50 0
19 46 0
56 6 0
13 6 0
23 16 0
57 15 0
76 5 0
12 44 0
68 12 0
14 15 0
32 35 0
40 11 0
140 19 0
151 13 0
5 58 0
3 14 0
56 11 0
126 13 0
48 6 0
11 30 0
72 7 0
58 8 0
90 28 0
11 9 0
16 28 0
160 8 0
15 38 0
31 47 0
16 21 0
5 55 0
67 15 0
28 13 0
23 1 0
31 25 0
56 30 0
10 32 0
16 45 0
17 45 0
14 52 0
24 14 0
15 42 0
168 6 0
10 54 0
142 38 0
156 5 0
209 10 0
126 12 0
73 20 0
4 9 0
62 10 0
38 12 0
9 27 0
68 3 0
35 30 0
7 31 0
50 7 0
41 19 0
96 15 0
13 9 0
68 6 0
24 27 0
28 54 0
132 8 0
66 8 0
24 31 0
33 2 0
10 28 0
179 15 0
93 20 0
59 9 0
6 54 0
113 10 0
2 21 0
100 13 0
33 8 0
45 30 0
17 49 0
65 2 0
153 6 0
3 13 0
31 21 0
111 16 0
4 52 0
31 4 0
8 47 0
32 12 0
6 50 0
79 3 0
8 49 0
39 35 0
172 4 0
26 3 0
161 21 0
18 27 0
114 19 0
9 52 0
61 14 0
7 61 0
102 8 0
108 2 0
18 15 0
5 9 0
117 1 0
133 6 0
105 5 0
98 10 0
5 47 0
73 15 0
153 3 0
12 9 0
10 26 0
26 9 0
30 28 0
31 26 0
107 14 0
0 45 0
133 3 0
76 4 0
124 21 0
2 61 0
116 5 0
9 7 0
72 10 0
58 46 0
59 12 0
139 5 0
30 7 0
48 23 0
137 3 0
24 7 0
86 6 0
145 16 0
39 15 0
54 12 0
0 14 0
32 47 0
82 13 0
115 14 0
28 20 0
82 3 0
3 49 0
140 0 0
105 1 0
82 10 0
54 14 0
34 56 0
28 56 0
19 65 0
152 8 0
64 12 0
3 42 0
56 1 0
0 55 0
9 49 0
185 11 0
17 34 0
102 12 0
43 30 0
176 10 0
8 12 0
29 43 0
25 13 0
22 30 0
34 10 0
140 15 0
6 9 0
16 9 0
11 40 0
86 8 0
25 1 0
62 16 0
17 48 0
25 18 0
14 54 0
69 14 0
72 14 0
88 16 0
144 14 0
63 18 0
5 27 0
64 8 0
5 31 0
57 7 0
8 42 0
32 21 0
20 2 0
77 17 0
3 51 0
93 31 0
19 21 0
43 7 0
6 56 0
62 15 0
48 18 0
45 21 0
71 16 0
0 31 0
101 19 0
35 14 0
176 4 0
12 34 0
166 8 0
56 7 0
30 9 0
82 19 0
66 16 0
75 5 0
118 4 0
161 3 0
33 36 0
10 61 0
5 34 0
47 13 0
81 1 0
34 1 0
6 58 0
11 6 0
6 33 0
315 35 0
10 30 0
24 2 0
173 3 0
8 0 0
30 3 0
8 51 0
7 15 0
138 9 0
9 23 0
10 23 0
101 27 0
1 10 0
140 16 0
80 18 0
8 15 0
83 16 0
25 14 0
2 55 0
87 18 0
35 5 0
60 2 0
57 22 0
53 9 0
14 23 0
109 3 0
23 20 0
4 54 0
71 18 0
82 18 0
66 20 0
23 4 0
76 14 0
13 59 0
53 13 0
0 13 0
21 2 0
110 3 0
104 3 0
150 2 0
3 5 0
3 1 0
37 7 0
23 9 0
57 12 0
4 35 0
14 50 0
4 55 0
77 15 0
19 32 0
6 25 0
20 46 0
93 10 0
17 25 0
69 10 0
191 11 0
71 15 0
9 10 0
148 11 0
6 53 0
4 15 0
51 4 0
178 10 0
18 14 0
3 4 0
89 1 0
174 9 0
20 42 0
59 14 0
4 23 0
28 3 0
132 20 0
132 11 0
130 13 0
12 13 0
183 28 0
92 4 0
119 2 0
77 20 0
23 8 0
41 26 0
6 19 0
14 30 0
66 15 0
22 10 0
30 32 0
50 19 0
73 1 0
136 13 0
36 9 0
2 47 0
113 16 0
84 8 0
177 12 0
13 38 0
186 4 0
103 20 0
111 26 0
156 11 0
138 6 0
102 16 0
31 23 0
47 31 0
60 4 0
3 46 0
121 33 0
17 32 0
80 13 0
9 17 0
30 36 0
183 18 0
6 47 0
92 27 0
133 2 0
7 11 0
91 14 0
66 14 0
17 50 0
111 15 0
9 6 0
89 9 0
34 4 0
12 10 0
135 3 0
125 5 0
6 17 0
26 27 0
166 13 0
7 23 0
11 11 0
1 64 0
21 8 0
10 59 0
14 21 0
27 19 0
23 57 0
42 5 0
102 41 0
10 33 0
17 42 0
27 3 0
62 9 0
37 12 0
3 47 0
134 11 0
116 10 0
92 23 0
3 41 0
94 18 0
126 7 0
75 14 0
0 25 0
145 3 0
26 14 0
38 44 0
6 14 0
21 20 0
178 6 0
49 13 0
2 17 0
88 27 0
5 57 0
44 33 0
1 4 0
99 29 0
157 8 0
85 27 0
119 20 0
57 2 0
10 13 0
45 19 0
19 2 0
41 13 0
187 2 0
45 27 0
28 22 0
62 4 0
37 5 0
112 8 0
58 4 0
18 11 0
15 18 0
4 63 0
1 24 0
181 21 0
38 6 0
17 12 0
142 11 0
24 48 0
5 37 0
1 34 0
21 44 0
46 26 0
101 5 0
102 7 0
152 6 0
258 315 0
50 26 0
72 11 0
154 10 0
92 8 0
10 2 0
15 14 0
164 3 0
91 28 0
46 16 0
2 37 0
68 1 0
14 64 0
75 7 0
5 29 0
4 49 0
8 7 0
0 42 0
12 7 0
15 31 0
182 4 0
91 7 0
87 11 0
21 1 0
72 2 0
10 46 0
76 3 0
129 7 0
91 3 0
11 39 0
94 5 0
19 24 0
140 3 0
6 48 0
4 36 0
13 34 0
8 39 0
46 12 0
5 28 0
42 13 0
139 17 0
17 6 0
142 23 0
0 41 0
87 12 0
106 26 0
1 3 0
77 8 0
5 15 0
100 5 0
205 2 0
100 38 0
79 9 0
7 1 0
59 27 0
148 5 0
114 6 0
70 6 0
16 46 0
137 1 0
13 50 0
133 15 0
41 6 0
35 26 0
13 55 0
11 47 0
64 13 0
107 9 0
86 9 0
56 12 0
90 13 0
90 15 0
89 20 0
12 47 0
91 16 0
7 18 0
17 10 0
114 7 0
134 10 0
44 17 0
147 23 0
57 19 0
5 39 0
44 18 0
84 2 0
13 33 0
78 9 0
130 10 0
18 46 0
140 24 0
77 10 0
123 26 0
6 42 0
70 7 0
48 22 0
143 16 0
67 7 0
37 45 0
101 2 0
69 11 0
127 5 0
49 3 0
48 20 0
140 22 0
21 15 0
50 3 0
151 7 0
12 65 0
46 9 0
20 23 0
11 46 0
116 17 0
85 8 0
111 9 0
12 19 0
22 42 0
33 21 0
41 11 0
2 48 0
29 16 0
100 7 0
0 40 0
91 12 0
181 13 0
65 6 0
23 33 0
10 52 0
11 51 0
4 13 0
49 5 0
39 8 0
188 13 0
19 10 0
19 4 0
12 45 0
171 9 0
72 13 0
84 9 0
16 10 0
104 20 0
43 18 0
88 8 0
88 20 0
108 16 0
149 22 0
99 5 0
98 21 0
174 10 0
55 12 0
4 30 0
23 31 0
159 12 0
65 10 0
15 62 0
173 5 0
99 25 0
175 8 0
4 45 0
58 25 0
113 2 0
125 14 0
40 23 0
85 4 0
6 28 0
24 35 0
1 47 0
75 11 0
6 22 0
4 33 0
107 2 0
112 1 0
101 7 0
148 1 0
34 34 0
58 20 0
79 19 0
14 6 0
5 32 0
99 23 0
80 2 0
33 28 0
4 59 0
15 45 0
34 46 0
17 7 0
152 7 0
2 6 0
65 1 0
94 2 0
89 2 0
23 30 0
94 13 0
87 4 0
88 6 0
103 6 0
1 60 0
44 27 0
6 52 0
115 20 0
7 27 0
119 18 0
185 16 0
119 4 0
146 11 0
16 48 0
53 27 0
58 10 0
181 17 0
150 14 0
16 3 0
67 46 0
31 5 0
31 16 0
30 23 0
50 24 0
134 7 0
22 27 0
26 21 0
205 18 0
70 9 0
5 2 0
21 9 0
3 36 0
13 24 0
59 35 0
47 7 0
149 1 0
44 15 0
78 18 0
23 34 0
86 12 0
8 16 0
147 4 0
74 18 0
111 8 0
97 10 0
9 45 0
2 8 0
83 18 0
122 5 0
140 4 0
131 7 0
4 61 0
7 10 0
179 4 0
0 37 0
25 21 0
125 7 0
123 12 0
4 47 0
1 52 0
73 4 0
74 8 0
7 39 0
118 20 0
10 18 0
91 13 0
6 51 0
55 24 0
44 22 0
114 21 0
72 26 0
181 28 0
0 38 0
12 11 0
79 8 0
86 20 0
84 3 0
13 19 0
78 17 0
12 40 0
0 10 0
93 2 0
80 3 0
164 13 0
108 19 0
7 53 0
78 22 0
151 22 0
26 48 0
11 53 0
134 22 0
9 55 0
39 21 0
8 57 0
40 4 0
39 28 0
4 34 0
74 4 0
9 35 0
11 41 0
169 5 0
172 8 0
104 15 0
8 6 0
161 4 0
22 32 0
8 32 0
13 56 0
73 7 0
25 20 0
24 32 0
75 6 0
23 11 0
14 56 0
11 26 0
100 3 0
179 10 0
32 58 0
60 19 0
52 13 0
49 24 0
21 3 0
9 13 0
1 8 0
22 38 0
1 17 0
28 10 0
52 3 0
60 1 0
43 55 0
36 11 0
87 8 0
64 2 0
108 10 0
33 6 0
135 17 0
130 16 0
77 9 0
73 11 0
18 6 0
77 5 0
48 7 0
113 19 0
109 12 0
120 7 0
88 17 0
78 5 0
45 8 0
11 38 0
35 7 0
13 41 0
115 15 0
21 14 0
9 50 0
22 19 0
10 12 0
4 58 0
109 11 0
63 4 0
184 9 0
0 39 0
83 48 0
12 39 0
48 13 0
35 33 0
181 12 0
1 25 0
3 48 0
20 39 0
0 34 0
86 4 0
88 2 0
48 9 0
87 9 0
92 19 0
56 16 0
27 5 0
2 58 0
140 20 0
31 1 0
87 24 0
55 4 0
116 25 0
160 4 0
123 17 0
59 2 0
82 11 0
47 2 0
73 3 0
153 2 0
134 14 0
83 21 0
68 16 0
32 27 0
63 19 0
82 25 0
9 4 0
19 29 0
13 14 0
122 9 0
3 58 0
13 44 0
64 5 0
17 2 0
55 6 0
116 21 0
78 16 0
21 16 0
12 28 0
7 44 0
1 41 0
35 55 0
34 26 0
40 42 0
34 47 0
11 45 0
154 4 0
2 18 0
68 19 0
52 28 0
33 29 0
67 6 0
9 8 0
107 8 0
74 22 0
160 36 0
63 3 0
10 55 0
60 10 0
42 2 0
84 35 0
54 3 0
67 27 0
94 10 0
22 59 0
94 9 0
26 30 0
2 15 0
81 11 0
124 5 0
103 18 0
4 50 0
28 4 0
85 2 0
76 10 0
90 6 0
16 38 0
62 8 0
70 8 0
12 14 0
34 23 0
83 27 0
111 4 0
54 25 0
126 21 0
162 4 0
113 1 0
90 1 0
104 11 0
162 9 0
113 4 0
66 34 0
14 34 0
28 49 0
2 3 0
12 18 0
36 1 0
1 23 0
122 1 0
15 23 0
159 7 0
10 45 0
6 7 0
60 20 0
23 22 0
93 9 0
69 7 0
82 6 0
23 3 0
87 25 0
72 3 0
62 1 0
5 10 0
20 22 0
8 50 0
109 4 0
7 40 0
25 31 0
4 60 0
33 3 0
115 5 0
13 58 0
144 7 0
11 44 0
23 24 0
9 44 0
47 3 0
1 38 0
92 11 0
20 15 0
4 43 0
133 22 0
81 18 0
100 2 0
51 27 0
45 18 0
70 2 0
49 26 0
73 21 0
39 24 0
48 26 0
12 46 0
64 3 0
59 6 0
99 43 0
117 3 0
59 20 0
63 6 0
73 16 0
120 6 0
6 24 0
41 4 0
99 15 0
44 14 0
25 2 0
44 25 0
48 29 0
108 6 0
91 19 0
215 6 0
69 3 0
34 9 0
41 8 0
15 0 0
91 27 0
73 19 0
11 16 0
141 21 0
69 15 0
2 54 0
7 49 0
43 10 0
25 25 0
20 3 0
102 15 0
4 28 0
2 45 0
22 51 0
8 53 0
5 3 0
77 3 0
46 1 0
8 31 0
137 20 0
75 10 0
55 5 0
8 34 0
206 14 0
23 40 0
11 55 0
135 16 0
57 20 0
26 11 0
93 4 0
26 28 0
81 4 0
14 27 0
77 25 0
16 14 0
4 20 0
85 9 0
113 7 0
16 55 0
112 2 0
22 37 0
96 12 0
27 52 0
7 26 0
23 61 0
99 32 0
136 9 0
74 20 0
50 31 0
57 3 0
132 9 0
109 21 0
33 1 0
11 1 0
24 37 0
81 8 0
83 9 0
81 3 0
110 12 0
24 3 0
31 17 0
4 7 0
46 20 0
28 42 0
103 15 0
105 15 0
112 7 0
91 21 0
35 13 0
101 11 0
54 2 0
123 9 0
3 45 0
24 17 0
14 63 0
15 26 0
25 26 0
19 39 0
135 32 0
10 44 0
43 35 0
118 19 0
3 8 0
115 18 0
13 28 0
6 49 0
14 22 0
54 16 0
17 35 0
113 11 0
3 57 0
42 19 0
18 9 0
118 2 0
5 48 0
33 20 0
23 32 0
160 9 0
165 2 0
97 9 0
71 1 0
100 10 0
0 23 0
99 12 0
47 26 0
22 4 0
31 10 0
24 18 0
7 46 0
125 21 0
16 52 0
53 11 0
16 42 0
125 27 0
10 36 0
31 14 0
30 19 0
33 14 0
6 57 0
10 27 0
21 35 0
4 12 0
28 5 0
138 20 0
138 23 0
59 23 0
48 4 0
141 23 0
62 23 0
115 21 0
72 9 0
71 9 0
76 7 0
11 17 0
81 9 0
155 12 0
138 24 0
24 9 0
69 1 0
83 4 0
8 3 0
67 3 0
41 29 0
11 31 0
78 6 0
61 10 0
24 25 0
30 10 0
48 38 0
1 2 0
84 12 0
12 5 0
14 25 0
49 16 0
14 45 0
18 8 0
26 12 0
3 29 0
0 20 0
3 56 0
16 49 0
19 20 0
37 22 0
22 17 0
83 3 0
31 24 0
20 30 0
116 7 0
20 33 0
57 8 0
22 2 0
132 6 0
22 36 0
29 6 0
89 10 0
53 2 0
110 36 0
52 17 0
52 7 0
26 6 0
15 17 0
119 3 0
10 9 0
9 40 0
53 20 0
0 24 0
19 6 0
20 27 0
93 7 0
30 35 0
125 16 0
59 13 0
14 43 0
58 44 0
129 9 0
187 13 0
4 51 0
4 1 0
120 2 0
135 1 0
79 6 0
86 14 0
20 18 0
16 39 0
95 29 0
114 2 0
7 60 0
18 12 0
12 25 0
172 2 0
31 42 0
12 4 0
4 29 0
0 27 0
1 49 0
57 13 0
2 42 0
29 24 0
57 4 0
92 0 0
13 29 0
51 14 0
137 5 0
51 6 0
44 9 0
36 3 0
60 11 0
9 28 0
194 14 0
197 13 0
101 13 0
32 26 0
37 11 0
63 15 0
180 15 0
56 20 0
10 20 0
9 31 0
41 21 0
86 11 0
1 15 0
24 19 0
14 9 0
21 38 0
177 11 0
26 13 0
60 28 0
108 14 0
8 54 0
40 16 0
72 1 0
17 14 0
26 18 0
22 29 0
51 8 0
3 32 0
185 12 0
27 35 0
45 11 0
9 11 0
28 8 0
2 1 0
138 17 0
11 21 0
48 33 0
65 5 0
13 12 0
6 35 0
142 3 0
7 30 0
185 14 0
197 19 0
57 11 0
176 47 0
5 7 0
143 2 0
63 25 0
33 16 0
13 40 0
28 16 0
45 20 0
42 22 0
51 1 0
42 12 0
79 15 0
64 4 0
27 15 0
8 20 0
18 19 0
172 9 0
177 10 0
53 10 0
118 3 0
194 1 0
42 6 0
20 52 0
51 3 0
15 21 0
5 13 0
2 35 0
113 24 0
40 26 0
26 7 0
0 21 0
10 31 0
92 9 0
13 31 0
39 27 0
76 15 0
6 39 0
42 23 0
17 0 0
2 32 0
99 28 0
54 15 0
2 64 0
12 17 0
288 0 0
18 28 0
166 5 0
13 64 0
78 4 0
183 21 0
105 18 0
171 16 0
70 1 0
101 14 0
30 21 0
116 13 0
117 17 0
69 2 0
21 24 0
7 8 0
9 48 0
42 21 0
13 37 0
9 41 0
90 3 0
7 36 0
39 9 0
128 16 0
62 13 0
13 15 0
20 1 0
129 16 0
1 26 0
80 20 0
17 17 0
20 34 0
141 20 0
36 13 0
101 8 0
41 15 0
170 5 0
21 36 0
176 11 0
20 31 0
4 18 0
47 18 0
13 49 0
99 3 0
67 11 0
214 6 0
63 16 0
199 4 0
36 16 0
184 6 0
184 5 0
16 43 0
40 27 0
190 7 0
37 20 0
3 60 0
12 27 0
136 15 0
33 19 0
56 5 0
48 1 0
45 22 0
7 48 0
54 8 0
118 16 0
6 11 0
57 14 0
0 49 0
55 9 0
10 24 0
48 3 0
16 6 0
1 43 0
13 27 0
133 13 0
22 9 0
50 9 0
51 13 0
7 20 0
14 35 0
120 15 0
10 7 0
2 33 0
58 16 0
2 28 0
141 13 0
5 40 0
122 32 0
7 38 0
15 22 0
5 16 0
70 10 0
123 25 0
32 2 0
125 25 0
92 21 0
3 26 0
50 6 0
111 13 0
20 38 0
8 44 0
16 63 0
58 1 0
21 21 0
97 5 0
6 40 0
10 6 0
53 25 0
42 3 0
32 16 0
1 61 0
5 26 0
5 50 0
40 14 0
34 19 0
49 18 0
34 25 0
44 37 0
19 42 0
55 13 0
12 29 0
15 16 0
132 24 0
62 6 0
72 4 0
71 5 0
315 177 0
15 34 0
46 28 0
69 4 0
62 18 0
52 15 0
66 18 0
49 29 0
36 34 0
53 22 0
8 27 0
130 5 0
5 22 0
54 29 0
1 46 0
49 4 0
67 5 0
169 2 0
49 20 0
7 3 0
5 56 0
148 16 0
52 11 0
169 11 0
7 29 0
8 61 0
14 32 0
19 9 0
33 32 0
68 5 0
125 4 0
64 20 0
96 10 0
71 22 0
130 15 0
58 6 0
46 7 0
80 1 0
12 35 0
33 13 0
18 13 0
21 23 0
7 63 0
135 11 0
145 4 0
70 3 0
156 6 0
138 3 0
49 30 0
146 10 0
36 10 0
18 39 0
59 10 0
36 7 0
9 42 0
16 33 0
1 16 0
84 28 0
3 59 0
68 9 0
23 25 0
53 17 0
1 11 0
65 7 0
77 11 0
14 37 0
69 5 0
20 9 0
71 11 0
20 35 0
73 12 0
31 3 0
141 17 0
73 9 0
76 9 0
36 17 0
2 50 0
14 11 0
86 28 0
7 51 0
14 13 0
49 19 0
85 22 0
32 34 0
73 8 0
2 14 0
58 24 0
13 60 0
134 13 0
8 41 0
43 22 0
61 1 0
128 13 0
119 16 0
43 39 0
10 8 0
9 12 0
24 10 0
0 70 0
103 315 0
97 315 0
315 30 0
315 209 0
315 44 0
0 240 0
315 100 0
315 267 0
0 136 0
315 242 0
194 315 0
161 315 0
215 315 0
192 315 0
315 180 0
0 213 0
162 315 0
104 315 0
315 56 0
132 315 0
26 315 0
18 315 0
0 97 0
283 315 0
159 0 0
315 160 0
134 315 0
27 0 0
116 0 0
315 284 0
27 315 0
127 315 0
12 315 0
315 92 0
287 315 0
123 315 0
315 83 0
0 194 0
315 255 0
13 315 0
122 0 0
0 67 0
248 0 0
227 315 0
315 6 0
303 0 0
315 11 0
0 230 0
302 0 0
109 0 0
156 0 0
315 235 0
0 182 0
0 184 0
315 157 0
0 120 0
315 134 0
0 90 0
315 51 0
315 223 0
0 261 0
0 133 0
0 212 0
23 315 0
126 315 0
315 260 0
123 0 0
0 201 0
0 128 0
101 315 0
315 275 0
232 0 0
315 224 0
106 315 0
277 0 0
124 315 0
173 315 0
0 198 0
197 315 0
0 289 0
0 294 0
6 315 0
0 142 0
155 315 0
253 315 0
96 315 0
0 155 0
86 315 0
297 0 0
47 315 0
315 281 0
190 0 0
298 315 0
259 315 0
315 161 0
31 315 0
315 153 0
37 0 0
0 180 0
275 0 0
315 173 0
0 242 0
167 315 0
157 315 0
306 0 0
113 315 0
159 315 0
166 0 0
199 315 0
287 0 0
315 70 0
217 315 0
244 315 0
137 0 0
315 135 0
106 0 0
0 121 0
0 103 0
0 284 0
47 0 0
315 136 0
58 0 0
315 108 0
154 315 0
0 84 0
0 82 0
315 218 0
40 315 0
0 175 0
254 0 0
64 315 0
199 0 0
52 315 0
0 271 0
0 152 0
144 0 0
79 0 0
213 0 0
315 27 0
0 310 0
263 0 0
315 247 0
315 36 0
289 0 0
83 315 0
0 83 0
190 315 0
0 215 0
60 315 0
315 163 0
315 162 0
99 315 0
315 231 0
94 0 0
240 315 0
0 245 0
271 315 0
267 0 0
82 0 0
315 169 0
315 107 0
0 105 0
239 315 0
55 315 0
315 308 0
0 75 0
178 315 0
0 287 0
0 81 0
0 102 0
0 208 0
315 178 0
191 0 0
315 38 0
183 0 0
223 315 0
315 4 0
315 206 0
0 164 0
245 315 0
226 315 0
36 315 0
0 137 0
315 75 0
19 315 0
305 315 0
315 252 0
9 315 0
0 99 0
32 0 0
29 0 0
315 282 0
315 119 0
30 0 0
315 171 0
195 0 0
0 95 0
42 0 0
158 315 0
0 191 0
187 315 0
315 14 0
22 0 0
315 304 0
71 315 0
315 195 0
150 315 0
315 58 0
296 315 0
36 0 0
315 168 0
70 315 0
99 0 0
67 315 0
315 290 0
315 311 0
48 0 0
21 0 0
315 214 0
121 0 0
53 0 0
120 315 0
315 303 0
270 315 0
220 315 0
0 282 0
0 111 0
315 205 0
315 60 0
54 315 0
170 315 0
85 315 0
315 227 0
315 144 0
137 315 0
315 187 0
0 91 0
39 0 0
0 192 0
0 187 0
0 107 0
315 81 0
210 0 0
296 0 0
0 65 0
315 46 0
279 0 0
0 127 0
43 315 0
0 98 0
315 106 0
315 236 0
266 0 0
0 165 0
222 0 0
13 0 0
315 276 0
255 0 0
237 315 0
174 0 0
315 196 0
59 315 0
315 166 0
315 96 0
109 315 0
62 315 0
118 315 0
315 54 0
147 315 0
315 222 0
67 0 0
0 64 0
315 191 0
0 311 0
78 0 0
315 62 0
315 300 0
315 63 0
0 113 0
315 19 0
295 315 0
107 315 0
152 315 0
258 0 0
315 84 0
315 230 0
211 315 0
219 315 0
28 0 0
102 0 0
315 97 0
267 315 0
0 255 0
0 220 0
315 138 0
315 259 0
315 185 0
315 16 0
188 0 0
38 315 0
315 42 0
271 0 0
41 315 0
193 315 0
0 296 0
315 123 0
236 0 0
304 0 0
315 202 0
315 265 0
198 0 0
205 315 0
213 315 0
71 0 0
129 0 0
0 207 0
84 0 0
0 225 0
0 273 0
0 190 0
226 0 0
202 0 0
315 12 0
35 0 0
85 0 0
175 315 0
101 0 0
315 52 0
315 295 0
0 89 0
88 315 0
0 233 0
187 0 0
312 315 0
315 219 0
280 315 0
0 147 0
110 315 0
147 0 0
198 315 0
315 299 0
275 315 0
0 309 0
181 0 0
0 104 0
0 305 0
0 74 0
315 201 0
88 0 0
21 315 0
171 315 0
94 315 0
112 0 0
315 181 0
264 315 0
0 71 0
250 0 0
54 0 0
282 0 0
90 315 0
105 315 0
73 0 0
315 151 0
219 0 0
315 197 0
315 140 0
133 0 0
0 243 0
315 297 0
0 236 0
253 0 0
0 226 0
307 315 0
0 304 0
92 315 0
197 0 0
0 139 0
307 0 0
212 0 0
0 149 0
274 0 0
0 112 0
45 315 0
315 204 0
0 312 0
313 0 0
0 221 0
72 315 0
0 186 0
281 0 0
0 262 0
126 0 0
0 250 0
315 159 0
315 37 0
315 221 0
0 135 0
35 315 0
11 315 0
302 315 0
306 315 0
315 8 0
315 105 0
315 141 0
0 173 0
315 250 0
315 306 0
145 0 0
251 0 0
138 0 0
5 315 0
116 315 0
315 212 0
0 197 0
0 251 0
289 315 0
315 245 0
0 235 0
315 238 0
189 0 0
0 166 0
0 93 0
314 0 0
40 0 0
0 189 0
315 18 0
214 0 0
140 315 0
18 0 0
255 315 0
315 149 0
206 315 0
184 315 0
0 85 0
315 71 0
0 160 0
152 0 0
0 249 0
161 0 0
315 305 0
315 184 0
315 94 0
0 232 0
315 293 0
315 292 0
182 315 0
262 0 0
0 132 0
315 285 0
286 315 0
260 0 0
0 203 0
172 315 0
0 298 0
41 0 0
315 256 0
0 302 0
0 307 0
315 194 0
315 274 0
176 315 0
315 124 0
194 0 0
0 234 0
249 0 0
0 205 0
0 267 0
315 208 0
315 182 0
0 118 0
158 0 0
315 279 0
278 0 0
250 315 0
315 210 0
315 183 0
282 315 0
233 0 0
195 315 0
174 315 0
69 315 0
150 0 0
315 289 0
115 0 0
202 315 0
0 244 0
221 0 0
63 315 0
125 315 0
283 0 0
0 280 0
315 240 0
0 126 0
309 315 0
232 315 0
303 315 0
23 0 0
315 45 0
14 0 0
235 0 0
315 302 0
218 315 0
0 77 0
315 66 0
0 257 0
148 0 0
2 0 0
315 203 0
315 31 0
0 256 0
315 121 0
0 94 0
311 315 0
77 0 0
0 222 0
0 300 0
56 315 0
163 0 0
227 0 0
29 315 0
34 0 0
0 216 0
315 288 0
315 53 0
163 315 0
0 171 0
0 143 0
291 315 0
0 156 0
37 315 0
89 315 0
0 123 0
117 315 0
0 117 0
0 211 0
30 315 0
273 315 0
201 0 0
0 122 0
93 0 0
269 0 0
231 0 0
315 25 0
277 315 0
39 315 0
315 174 0
315 268 0
108 0 0
315 79 0
247 315 0
0 59 0
245 0 0
315 310 0
11 0 0
44 0 0
26 0 0
98 0 0
0 130 0
0 108 0
216 0 0
51 0 0
181 315 0
297 315 0
0 260 0
0 314 0
62 0 0
131 315 0
280 0 0
193 0 0
285 315 0
113 0 0
315 109 0
229 0 0
0 293 0
251 315 0
315 28 0
0 195 0
315 39 0
75 0 0
0 146 0
268 315 0
0 72 0
0 200 0
95 315 0
315 104 0
90 0 0
315 257 0
315 188 0
0 306 0
309 0 0
315 291 0
204 0 0
45 0 0
153 0 0
2 315 0
0 151 0
0 278 0
315 200 0
234 0 0
48 315 0
315 139 0
315 146 0
0 183 0
180 0 0
172 0 0
315 74 0
241 0 0
315 23 0
0 185 0
155 0 0
102 315 0
315 9 0
74 315 0
16 0 0
315 34 0
0 219 0
225 315 0
293 315 0
12 0 0
209 315 0
315 127 0
3 0 0
65 0 0
73 315 0
203 315 0
79 315 0
24 315 0
5 0 0
304 315 0
146 0 0
0 209 0
315 114 0
0 148 0
315 287 0
308 0 0
142 0 0
315 145 0
175 0 0
315 126 0
0 145 0
0 80 0
315 286 0
216 315 0
315 85 0
315 33 0
225 0 0
315 264 0
315 216 0
315 125 0
315 213 0
315 217 0
266 315 0
0 176 0
315 95 0
243 0 0
294 315 0
143 315 0
96 0 0
128 0 0
217 0 0
139 315 0
20 0 0
242 315 0
0 272 0
135 0 0
315 239 0
0 78 0
17 315 0
229 315 0
230 0 0
315 190 0
212 315 0
61 0 0
83 0 0
0 115 0
121 315 0
0 116 0
33 315 0
285 0 0
142 315 0
0 157 0
183 315 0
0 138 0
103 0 0
315 41 0
235 315 0
315 258 0
315 65 0
144 315 0
299 0 0
240 0 0
315 237 0
0 63 0
315 228 0
86 0 0
16 315 0
185 315 0
315 241 0
315 87 0
0 258 0
268 0 0
156 315 0
0 188 0
0 178 0
0 229 0
315 154 0
315 13 0
315 91 0
80 315 0
95 0 0
265 315 0
0 92 0
60 0 0
63 0 0
237 0 0
168 0 0
185 0 0
315 128 0
25 0 0
160 315 0
315 199 0
200 315 0
68 0 0
105 0 0
0 217 0
0 286 0
281 315 0
315 243 0
0 193 0
43 0 0
214 315 0
122 315 0
0 124 0
15 315 0
173 0 0
10 315 0
315 312 0
246 0 0
315 88 0
130 315 0
0 238 0
310 0 0
315 313 0
42 315 0
315 176 0
0 223 0
315 148 0
279 315 0
315 111 0
171 0 0
315 49 0
0 218 0
107 0 0
114 0 0
0 248 0
315 249 0
312 0 0
315 93 0
117 0 0
264 0 0
315 307 0
141 0 0
134 0 0
87 315 0
315 21 0
118 0 0
61 315 0
315 90 0
111 315 0
0 169 0
50 0 0
295 0 0
221 315 0
315 20 0
222 315 0
315 186 0
0 263 0
0 227 0
301 0 0
284 0 0
236 315 0
315 280 0
58 315 0
207 315 0
0 58 0
4 0 0
0 266 0
74 0 0
203 0 0
0 206 0
315 220 0
0 119 0
4 315 0
100 315 0
0 109 0
294 0 0
200 0 0
315 165 0
272 315 0
261 0 0
298 0 0
223 0 0
0 224 0
315 142 0
98 315 0
53 315 0
0 291 0
308 315 0
110 0 0
184 0 0
169 315 0
0 303 0
315 112 0
0 253 0
315 1 0
257 0 0
132 0 0
0 79 0
210 315 0
0 76 0
32 315 0
260 315 0
207 0 0
0 60 0
310 315 0
315 262 0
0 297 0
315 130 0
0 279 0
315 175 0
272 0 0
201 315 0
315 226 0
56 0 0
6 0 0
51 315 0
0 270 0
0 179 0
0 131 0
0 252 0
315 67 0
290 0 0
19 0 0
265 0 0
315 266 0
315 271 0
0 150 0
166 315 0
205 0 0
315 7 0
46 0 0
256 0 0
136 315 0
0 163 0
0 277 0
315 207 0
0 134 0
315 232 0
182 0 0
124 0 0
242 0 0
315 116 0
0 68 0
315 55 0
284 315 0
315 32 0
165 0 0
270 0 0
315 59 0
269 315 0
119 0 0
263 315 0
315 98 0
315 296 0
0 154 0
145 315 0
315 309 0
38 0 0
0 269 0
315 78 0
230 315 0
262 315 0
104 0 0
315 102 0
315 254 0
315 294 0
300 315 0
0 100 0
0 110 0
3 315 0
66 315 0
286 0 0
241 315 0
315 10 0
0 281 0
131 0 0
75 315 0
315 110 0
0 87 0
189 315 0
0 285 0
24 0 0
290 315 0
315 17 0
0 88 0
315 86 0
0 268 0
315 283 0
315 129 0
208 315 0
206 0 0
315 24 0
0 254 0
315 115 0
315 68 0
186 0 0
139 0 0
178 0 0
0 153 0
315 248 0
133 315 0
315 270 0
315 47 0
89 0 0
276 315 0
315 273 0
0 239 0
315 29 0
188 315 0
315 261 0
315 131 0
0 283 0
22 315 0
0 159 0
165 315 0
111 0 0
276 0 0
44 315 0
0 174 0
57 0 0
315 132 0
315 2 0
100 0 0
208 0 0
315 57 0
313 315 0
0 295 0
66 0 0
220 0 0
278 315 0
233 315 0
0 129 0
0 292 0
20 315 0
1 315 0
55 0 0
315 179 0
59 0 0
72 0 0
315 152 0
114 315 0
49 315 0
315 193 0
211 0 0
0 301 0
0 141 0
0 140 0
179 315 0
151 0 0
81 315 0
315 155 0
91 315 0
315 246 0
315 77 0
292 315 0
315 147 0
52 0 0
93 315 0
46 315 0
315 170 0
0 167 0
81 0 0
315 137 0
162 0 0
315 167 0
238 0 0
0 101 0
120 0 0
192 0 0
315 234 0
10 0 0
315 263 0
8 315 0
256 315 0
0 177 0
177 315 0
0 61 0
315 26 0
315 40 0
84 315 0
315 244 0
64 0 0
314 315 0
0 202 0
112 315 0
261 315 0
215 0 0
274 315 0
0 308 0
0 161 0
0 125 0
0 62 0
25 315 0
288 315 0
315 103 0
0 181 0
315 76 0
50 315 0
28 315 0
315 215 0
244 0 0
149 0 0
1 0 0
259 0 0
7 0 0
115 315 0
130 0 0
49 0 0
0 299 0
14 315 0
315 118 0
204 315 0
315 50 0
196 315 0
0 265 0
0 158 0
82 315 0
0 274 0
108 315 0
315 229 0
135 315 0
315 301 0
252 315 0
315 48 0
0 246 0
141 315 0
315 277 0
148 315 0
315 156 0
209 0 0
315 43 0
291 0 0
315 73 0
168 315 0
315 158 0
80 0 0
252 0 0
315 120 0
127 0 0
254 315 0
9 0 0
315 99 0
0 168 0
315 101 0
0 290 0
177 0 0
315 164 0
315 72 0
243 315 0
57 315 0
0 247 0
146 315 0
315 192 0
0 196 0
119 315 0
315 122 0
129 315 0
231 315 0
69 0 0
228 315 0
0 199 0
91 0 0
301 315 0
234 315 0
157 0 0
311 0 0
315 189 0
315 298 0
315 89 0
0 86 0
247 0 0
315 80 0
0 69 0
0 288 0
315 269 0
239 0 0
315 233 0
315 113 0
0 276 0
0 106 0
180 315 0
315 61 0
315 251 0
300 0 0
0 114 0
0 66 0
0 275 0
315 150 0
169 0 0
292 0 0
128 315 0
0 144 0
125 0 0
315 253 0
293 0 0
0 228 0
315 172 0
33 0 0
0 241 0
315 15 0
315 198 0
176 0 0
0 237 0
315 117 0
0 264 0
0 214 0
315 272 0
238 315 0
153 315 0
246 315 0
149 315 0
97 0 0
257 315 0
0 172 0
78 315 0
191 315 0
0 96 0
315 82 0
0 73 0
151 315 0
305 0 0
138 315 0
299 315 0
315 69 0
0 231 0
0 204 0
315 3 0
224 315 0
77 315 0
315 64 0
315 225 0
87 0 0
7 315 0
315 5 0
136 0 0
68 315 0
31 0 0
248 315 0
0 170 0
186 315 0
0 259 0
65 315 0
228 0 0
196 0 0
315 211 0
0 210 0
76 315 0
224 0 0
0 162 0
70 0 0
249 315 0
273 0 0
low, high, current -1 -1 8
Confirming Router Algorithm: TIMING_DRIVEN.
T_crit: 5.33053e-08.
T_crit: 5.33066e-08.
T_crit: 5.34172e-08.
T_crit: 5.37232e-08.
T_crit: 5.47676e-08.
T_crit: 5.57153e-08.
T_crit: 5.61356e-08.
T_crit: 5.59221e-08.
T_crit: 5.50904e-08.
T_crit: 5.50836e-08.
T_crit: 5.61343e-08.
T_crit: 5.71031e-08.
T_crit: 5.78889e-08.
T_crit: 5.69635e-08.
T_crit: 6.2033e-08.
T_crit: 6.02794e-08.
T_crit: 6.11597e-08.
T_crit: 6.06275e-08.
T_crit: 6.71769e-08.
T_crit: 6.52586e-08.
T_crit: 6.69842e-08.
T_crit: 6.42209e-08.
T_crit: 6.46375e-08.
T_crit: 6.46716e-08.
T_crit: 6.61565e-08.
T_crit: 7.18121e-08.
T_crit: 6.67082e-08.
T_crit: 6.91682e-08.
T_crit: 7.07274e-08.
T_crit: 6.66731e-08.
T_crit: 6.96847e-08.
T_crit: 6.71706e-08.
T_crit: 6.95744e-08.
T_crit: 6.84585e-08.
T_crit: 6.65806e-08.
T_crit: 6.88822e-08.
T_crit: 6.77985e-08.
T_crit: 6.88102e-08.
T_crit: 6.84225e-08.
T_crit: 6.88386e-08.
T_crit: 6.87352e-08.
T_crit: 6.82259e-08.
T_crit: 6.91095e-08.
T_crit: 6.65457e-08.
T_crit: 6.84155e-08.
T_crit: 7.20992e-08.
T_crit: 7.47866e-08.
T_crit: 6.78047e-08.
T_crit: 7.01213e-08.
T_crit: 7.39265e-08.
Routing failed.
low, high, current 8 -1 16
Confirming Router Algorithm: TIMING_DRIVEN.
T_crit: 5.33053e-08.
T_crit: 5.33066e-08.
T_crit: 5.33066e-08.
T_crit: 5.33066e-08.
T_crit: 5.33066e-08.
T_crit: 5.33066e-08.
T_crit: 5.41468e-08.
T_crit: 5.34282e-08.
T_crit: 5.48731e-08.
T_crit: 5.40548e-08.
T_crit: 5.56044e-08.
T_crit: 5.51566e-08.
T_crit: 5.46718e-08.
T_crit: 5.48907e-08.
T_crit: 5.65583e-08.
T_crit: 5.74052e-08.
T_crit: 5.70717e-08.
T_crit: 5.80041e-08.
T_crit: 6.05858e-08.
T_crit: 6.16828e-08.
T_crit: 6.11048e-08.
T_crit: 6.51194e-08.
T_crit: 6.45511e-08.
T_crit: 6.66542e-08.
T_crit: 6.54728e-08.
T_crit: 7.0361e-08.
T_crit: 6.7707e-08.
T_crit: 6.87875e-08.
T_crit: 7.20875e-08.
T_crit: 7.1794e-08.
T_crit: 6.58435e-08.
T_crit: 7.37797e-08.
T_crit: 6.92302e-08.
T_crit: 7.41926e-08.
T_crit: 7.63594e-08.
T_crit: 7.73687e-08.
T_crit: 7.68801e-08.
T_crit: 7.27197e-08.
T_crit: 7.67647e-08.
T_crit: 6.9685e-08.
T_crit: 6.8277e-08.
T_crit: 7.44951e-08.
T_crit: 7.57032e-08.
T_crit: 6.85967e-08.
T_crit: 7.52794e-08.
T_crit: 7.57328e-08.
T_crit: 6.83072e-08.
T_crit: 7.67432e-08.
T_crit: 7.08698e-08.
T_crit: 6.7794e-08.
Routing failed.
low, high, current 16 -1 32
Confirming Router Algorithm: TIMING_DRIVEN.
T_crit: 5.33053e-08.
T_crit: 5.33078e-08.
T_crit: 5.33066e-08.
T_crit: 5.33078e-08.
T_crit: 5.34112e-08.
T_crit: 5.33078e-08.
T_crit: 5.33078e-08.
T_crit: 5.33066e-08.
T_crit: 5.33066e-08.
T_crit: 5.33066e-08.
T_crit: 5.33066e-08.
T_crit: 5.33066e-08.
T_crit: 5.33066e-08.
T_crit: 5.33078e-08.
T_crit: 5.33078e-08.
T_crit: 5.55064e-08.
T_crit: 5.61301e-08.
T_crit: 5.55178e-08.
T_crit: 5.65474e-08.
T_crit: 5.60398e-08.
T_crit: 5.54412e-08.
T_crit: 5.62118e-08.
T_crit: 5.77396e-08.
T_crit: 5.66199e-08.
T_crit: 5.78329e-08.
T_crit: 6.29233e-08.
T_crit: 6.06349e-08.
T_crit: 6.14873e-08.
T_crit: 6.09572e-08.
T_crit: 6.30873e-08.
T_crit: 6.20746e-08.
T_crit: 6.29258e-08.
T_crit: 6.63957e-08.
T_crit: 6.7279e-08.
T_crit: 6.51159e-08.
T_crit: 6.57974e-08.
T_crit: 6.5902e-08.
T_crit: 6.58024e-08.
T_crit: 6.39542e-08.
T_crit: 6.59488e-08.
T_crit: 6.60484e-08.
T_crit: 6.42521e-08.
T_crit: 6.52239e-08.
T_crit: 6.54332e-08.
T_crit: 6.52403e-08.
T_crit: 6.75832e-08.
T_crit: 6.6365e-08.
T_crit: 6.63091e-08.
T_crit: 6.79179e-08.
T_crit: 6.94685e-08.
Routing failed.
low, high, current 32 -1 64
Confirming Router Algorithm: TIMING_DRIVEN.
T_crit: 5.33053e-08.
T_crit: 5.33066e-08.
T_crit: 5.33066e-08.
T_crit: 5.33066e-08.
T_crit: 5.33078e-08.
T_crit: 5.33066e-08.
T_crit: 5.33066e-08.
T_crit: 5.33066e-08.
T_crit: 5.33066e-08.
T_crit: 5.33066e-08.
T_crit: 5.33066e-08.
T_crit: 5.33066e-08.
T_crit: 5.33066e-08.
T_crit: 5.33066e-08.
T_crit: 5.33066e-08.
T_crit: 5.33066e-08.
T_crit: 5.33066e-08.
Successfully routed after 18 routing iterations.
Completed net delay value cross check successfully.
low, high, current 32 64 48
Confirming Router Algorithm: TIMING_DRIVEN.
T_crit: 5.33053e-08.
T_crit: 5.33078e-08.
T_crit: 5.33066e-08.
T_crit: 5.33066e-08.
T_crit: 5.33066e-08.
T_crit: 5.33066e-08.
T_crit: 5.33066e-08.
T_crit: 5.33066e-08.
T_crit: 5.34112e-08.
T_crit: 5.34112e-08.
T_crit: 5.34112e-08.
T_crit: 5.34112e-08.
T_crit: 5.33066e-08.
T_crit: 5.33066e-08.
T_crit: 5.33066e-08.
T_crit: 5.33066e-08.
T_crit: 5.33066e-08.
T_crit: 5.33066e-08.
T_crit: 5.33066e-08.
T_crit: 5.33066e-08.
T_crit: 5.33066e-08.
T_crit: 5.34112e-08.
T_crit: 5.34112e-08.
T_crit: 5.34112e-08.
T_crit: 5.36192e-08.
T_crit: 5.36192e-08.
T_crit: 5.36192e-08.
T_crit: 5.36192e-08.
T_crit: 5.36192e-08.
T_crit: 5.36192e-08.
T_crit: 5.36192e-08.
T_crit: 5.48665e-08.
T_crit: 5.48665e-08.
T_crit: 5.48665e-08.
T_crit: 5.48652e-08.
T_crit: 5.48652e-08.
T_crit: 5.48652e-08.
T_crit: 5.46559e-08.
T_crit: 5.46559e-08.
T_crit: 5.46559e-08.
T_crit: 5.45513e-08.
T_crit: 5.45513e-08.
T_crit: 5.45513e-08.
T_crit: 5.51741e-08.
T_crit: 5.51741e-08.
T_crit: 5.51741e-08.
T_crit: 5.528e-08.
T_crit: 5.528e-08.
T_crit: 5.49604e-08.
T_crit: 5.47606e-08.
Routing failed.
low, high, current 48 64 56
Confirming Router Algorithm: TIMING_DRIVEN.
T_crit: 5.33053e-08.
T_crit: 5.33078e-08.
T_crit: 5.33066e-08.
T_crit: 5.33078e-08.
T_crit: 5.33066e-08.
T_crit: 5.33066e-08.
T_crit: 5.33066e-08.
T_crit: 5.33066e-08.
T_crit: 5.33066e-08.
T_crit: 5.33066e-08.
T_crit: 5.33066e-08.
T_crit: 5.33066e-08.
T_crit: 5.33066e-08.
T_crit: 5.33066e-08.
T_crit: 5.33066e-08.
T_crit: 5.33066e-08.
T_crit: 5.33066e-08.
T_crit: 5.33066e-08.
T_crit: 5.33066e-08.
T_crit: 5.33066e-08.
T_crit: 5.33066e-08.
T_crit: 5.33066e-08.
T_crit: 5.33066e-08.
T_crit: 5.33066e-08.
T_crit: 5.33066e-08.
T_crit: 5.33066e-08.
T_crit: 5.33066e-08.
T_crit: 5.33066e-08.
T_crit: 5.33066e-08.
Successfully routed after 30 routing iterations.
Completed net delay value cross check successfully.
low, high, current 48 56 52
Confirming Router Algorithm: TIMING_DRIVEN.
T_crit: 5.3188e-08.
T_crit: 5.33015e-08.
T_crit: 5.31994e-08.
T_crit: 5.30872e-08.
T_crit: 5.32006e-08.
T_crit: 5.33028e-08.
T_crit: 5.30884e-08.
T_crit: 5.30973e-08.
T_crit: 5.30973e-08.
T_crit: 5.30973e-08.
T_crit: 5.30973e-08.
T_crit: 5.30973e-08.
T_crit: 5.30973e-08.
T_crit: 5.30973e-08.
T_crit: 5.30973e-08.
T_crit: 5.30973e-08.
T_crit: 5.30973e-08.
T_crit: 5.30973e-08.
T_crit: 5.30973e-08.
T_crit: 5.30973e-08.
T_crit: 5.30973e-08.
T_crit: 5.30973e-08.
T_crit: 5.30973e-08.
T_crit: 5.30973e-08.
T_crit: 5.30973e-08.
T_crit: 5.30973e-08.
T_crit: 5.30973e-08.
T_crit: 5.30973e-08.
T_crit: 5.30973e-08.
T_crit: 5.30973e-08.
T_crit: 5.30973e-08.
T_crit: 5.30973e-08.
T_crit: 5.30973e-08.
T_crit: 5.30973e-08.
T_crit: 5.30973e-08.
T_crit: 5.30973e-08.
T_crit: 5.30973e-08.
T_crit: 5.30973e-08.
T_crit: 5.30973e-08.
T_crit: 5.30973e-08.
T_crit: 5.30973e-08.
T_crit: 5.30973e-08.
Successfully routed after 43 routing iterations.
Completed net delay value cross check successfully.
low, high, current 48 52 50
Warning (check_all_tracks_reach_pins):  track 48 does not 
	connect to any FB IPINs.
Warning (check_all_tracks_reach_pins):  track 49 does not 
	connect to any FB IPINs.
Confirming Router Algorithm: TIMING_DRIVEN.
T_crit: 5.31072e-08.
T_crit: 5.29395e-08.
T_crit: 5.29319e-08.
T_crit: 5.31475e-08.
T_crit: 5.30378e-08.
T_crit: 5.29407e-08.
T_crit: 5.29433e-08.
T_crit: 5.30252e-08.
T_crit: 5.30252e-08.
T_crit: 5.30252e-08.
T_crit: 5.30252e-08.
T_crit: 5.30252e-08.
T_crit: 5.30252e-08.
T_crit: 5.30252e-08.
T_crit: 5.30164e-08.
T_crit: 5.29206e-08.
T_crit: 5.29206e-08.
T_crit: 5.30239e-08.
T_crit: 5.31273e-08.
T_crit: 5.31273e-08.
T_crit: 5.31273e-08.
T_crit: 5.31273e-08.
T_crit: 5.31273e-08.
T_crit: 5.31273e-08.
T_crit: 5.31273e-08.
T_crit: 5.31273e-08.
T_crit: 5.31273e-08.
T_crit: 5.31273e-08.
T_crit: 5.31273e-08.
T_crit: 5.31273e-08.
T_crit: 5.31273e-08.
T_crit: 5.31273e-08.
T_crit: 5.31273e-08.
T_crit: 5.31273e-08.
T_crit: 5.31273e-08.
T_crit: 5.31273e-08.
T_crit: 5.31273e-08.
T_crit: 5.31273e-08.
T_crit: 5.31273e-08.
T_crit: 5.31273e-08.
T_crit: 5.31273e-08.
T_crit: 5.31273e-08.
T_crit: 5.31273e-08.
T_crit: 5.31273e-08.
T_crit: 5.31273e-08.
T_crit: 5.31273e-08.
T_crit: 5.31273e-08.
T_crit: 5.31273e-08.
T_crit: 5.31273e-08.
T_crit: 5.31273e-08.
Routing failed.

Checking to ensure routing is legal ...
Completed routing consistency check successfully.

Serial number (magic cookie) for the routing is: -47343157
Best routing used a channel width factor of 52.


Average number of bends per net: 9.78914  Maximum # of bends: 245


The number of routed nets (nonglobal): 3979
Wirelength results (all in units of 1 clb segments):
	Total wirelength: 516333   Average net length: 129.765
	Maximum net length: 1211

Wirelength results in terms of physical segments:
	Total wiring segments used: 258831   Av. wire segments per net: 65.0493
	Maximum segments used by a net: 606


X - Directed channels:

j	max occ	av_occ		capacity
0	40	20.9299  	52
1	45	22.4650  	52
2	44	20.5796  	52
3	41	22.9172  	52
4	39	17.7771  	52
5	38	19.9618  	52
6	42	16.4363  	52
7	38	18.6879  	52
8	39	15.6656  	52
9	39	19.3344  	52
10	38	15.7611  	52
11	38	16.7548  	52
12	36	14.8121  	52
13	38	17.2803  	52
14	38	15.1943  	52
15	36	15.2516  	52
16	35	15.6752  	52
17	34	13.3535  	52
18	36	14.0828  	52
19	35	14.2548  	52
20	33	12.3854  	52
21	33	13.6975  	52
22	32	12.5605  	52
23	31	13.4013  	52
24	33	12.5828  	52
25	33	12.2357  	52
26	34	11.1051  	52
27	30	12.8312  	52
28	32	10.3153  	52
29	30	12.4968  	52
30	32	8.48726  	52
31	29	11.3344  	52
32	29	11.7866  	52
33	27	8.81210  	52
34	28	7.14013  	52
35	28	10.2325  	52
36	27	9.19427  	52
37	26	8.63694  	52
38	26	4.76752  	52
39	28	8.34395  	52
40	29	7.00000  	52
41	25	6.95541  	52
42	23	2.63057  	52
43	24	7.11465  	52
44	23	4.57643  	52
45	25	6.36306  	52
46	22	4.22293  	52
47	23	4.56051  	52
48	25	1.99045  	52
49	23	8.72293  	52
50	24	1.65924  	52
51	21	6.67834  	52
52	19	1.29299  	52
53	22	5.04140  	52
54	28	2.58917  	52
55	20	3.25478  	52
56	21	2.16879  	52
57	20	1.51911  	52
58	19	1.35669  	52
59	15	2.56688  	52
60	18	1.00637  	52
61	14	2.07962  	52
62	14	1.09554  	52
63	13	3.40127  	52
64	10	0.490446 	52
65	9	1.57643  	52
66	11	0.449045 	52
67	6	0.831210 	52
68	4	0.652866 	52
69	4	0.936306 	52
70	6	0.117834 	52
71	1	0.0509554	52
72	1	0.872611 	52
73	2	0.0477707	52
74	3	1.59873  	52
75	3	0.796178 	52
76	1	0.0350318	52
77	3	1.22293  	52
78	1	0.0382166	52
79	3	0.894904 	52
80	6	0.923567 	52
81	1	0.0191083	52
82	3	0.767516 	52
83	4	0.875796 	52
84	2	0.0350318	52
85	3	0.0605096	52
86	3	0.901274 	52
87	5	0.910828 	52
88	4	0.0382166	52
89	3	1.74841  	52
90	5	0.0732484	52
91	2	0.0477707	52
92	3	0.697452 	52
93	3	0.0318471	52
94	2	0.512739 	52
95	3	1.28981  	52
96	5	0.786624 	52
97	3	0.866242 	52
98	2	0.961783 	52
99	8	0.828025 	52
100	2	0.429936 	52
101	2	0.0445860	52
102	1	0.00636943	52
103	3	0.907643 	52
104	1	0.0350318	52
105	3	0.901274 	52
106	2	0.0700637	52
107	1	0.0445860	52
108	1	0.595541 	52
109	2	0.866242 	52
110	3	0.926752 	52
111	3	0.0955414	52
112	3	0.0350318	52
113	3	0.375796 	52
114	2	0.863057 	52
115	2	0.0509554	52
116	2	0.614650 	52
117	3	0.656051 	52
118	2	0.786624 	52
119	2	0.671975 	52
120	2	0.433121 	52
121	3	0.974522 	52
122	5	0.0955414	52
123	2	0.0477707	52
124	2	0.757962 	52
125	4	0.496815 	52
126	2	0.0159236	52
127	3	0.496815 	52
128	2	0.0350318	52
129	1	0.0127389	52
130	2	0.0445860	52
131	1	0.00636943	52
132	2	0.859873 	52
133	2	0.0191083	52
134	3	0.522293 	52
135	3	0.684713 	52
136	5	0.917197 	52
137	2	0.0318471	52
138	1	0.550955 	52
139	4	0.0636943	52
140	2	0.802548 	52
141	4	0.474522 	52
142	4	0.0764331	52
143	1	0.0286624	52
144	1	0.0127389	52
145	4	0.525478 	52
146	3	0.761146 	52
147	3	0.662420 	52
148	2	0.0350318	52
149	2	0.722930 	52
150	3	0.777070 	52
151	1	0.563694 	52
152	2	0.0509554	52
153	3	0.901274 	52
154	2	0.0350318	52
155	1	0.745223 	52
156	2	0.0127389	52
157	3	0.856688 	52
158	1	0.00955414	52
159	4	0.904459 	52
160	3	0.0573248	52
161	3	0.792994 	52
162	2	0.694268 	52
163	3	0.742038 	52
164	3	0.773885 	52
165	3	0.560510 	52
166	3	0.917197 	52
167	2	0.0509554	52
168	3	0.570064 	52
169	4	0.726115 	52
170	1	0.0159236	52
171	3	0.0477707	52
172	3	0.0477707	52
173	2	0.0127389	52
174	5	0.914013 	52
175	3	0.773885 	52
176	2	0.789809 	52
177	1	0.0191083	52
178	2	1.48726  	52
179	2	0.0318471	52
180	3	0.745223 	52
181	1	0.866242 	52
182	2	0.859873 	52
183	1	0.563694 	52
184	2	0.700637 	52
185	3	0.815287 	52
186	2	0.777070 	52
187	2	0.0382166	52
188	3	0.391720 	52
189	2	0.617834 	52
190	3	0.646497 	52
191	2	0.853503 	52
192	1	0.799363 	52
193	2	0.732484 	52
194	2	0.812102 	52
195	1	0.522293 	52
196	3	0.668790 	52
197	2	0.853503 	52
198	2	0.0541401	52
199	3	1.56051  	52
200	3	0.869427 	52
201	3	0.0254777	52
202	4	0.805732 	52
203	3	0.684713 	52
204	2	0.824841 	52
205	2	0.544586 	52
206	2	0.566879 	52
207	3	0.869427 	52
208	3	0.0541401	52
209	2	0.00955414	52
210	2	0.0254777	52
211	3	0.621019 	52
212	3	0.0509554	52
213	1	0.821656 	52
214	3	0.0350318	52
215	2	0.659236 	52
216	2	0.0509554	52
217	4	0.0509554	52
218	1	0.812102 	52
219	2	0.764331 	52
220	1	0.834395 	52
221	2	0.0414013	52
222	1	0.550955 	52
223	2	0.742038 	52
224	1	0.00636943	52
225	1	0.617834 	52
226	3	0.0477707	52
227	4	0.0286624	52
228	1	0.00955414	52
229	2	0.00955414	52
230	2	0.0286624	52
231	3	0.732484 	52
232	4	0.773885 	52
233	2	0.828025 	52
234	2	0.0222930	52
235	2	0.563694 	52
236	2	0.802548 	52
237	3	0.0222930	52
238	3	0.0414013	52
239	1	0.00955414	52
240	4	1.33439  	52
241	2	0.0159236	52
242	2	0.843949 	52
243	1	0.00636943	52
244	2	0.471338 	52
245	3	0.773885 	52
246	3	0.0382166	52
247	4	0.697452 	52
248	1	0.770701 	52
249	2	0.687898 	52
250	2	0.00955414	52
251	2	0.697452 	52
252	1	0.0159236	52
253	3	0.700637 	52
254	1	0.00636943	52
255	3	0.789809 	52
256	3	0.0222930	52
257	3	0.0159236	52
258	3	0.773885 	52
259	1	0.605096 	52
260	1	0.00318471	52
261	2	0.751592 	52
262	1	0.0254777	52
263	2	0.630573 	52
264	3	0.885350 	52
265	3	0.729299 	52
266	1	0.00318471	52
267	2	0.0445860	52
268	1	0.00955414	52
269	1	0.00636943	52
270	3	0.630573 	52
271	1	0.863057 	52
272	3	0.678344 	52
273	3	0.0445860	52
274	2	0.00955414	52
275	2	0.0222930	52
276	2	0.828025 	52
277	3	0.0382166	52
278	3	0.0318471	52
279	1	0.805732 	52
280	2	0.805732 	52
281	2	0.0127389	52
282	3	0.847134 	52
283	3	0.0254777	52
284	1	0.662420 	52
285	3	0.0222930	52
286	2	0.0318471	52
287	2	0.617834 	52
288	1	0.0254777	52
289	2	1.30573  	52
290	2	0.770701 	52
291	3	0.821656 	52
292	2	0.0159236	52
293	2	0.541401 	52
294	3	0.716560 	52
295	3	0.576433 	52
296	3	0.843949 	52
297	3	0.942675 	52
298	1	0.837580 	52
299	3	0.0191083	52
300	1	0.601911 	52
301	2	0.579618 	52
302	3	0.882166 	52
303	2	0.0286624	52
304	3	0.0286624	52
305	5	0.933121 	52
306	3	0.0605096	52
307	9	4.44904  	52
308	7	2.15924  	52
309	23	11.0032  	52
310	24	8.67516  	52
311	20	11.5987  	52
312	19	10.0255  	52
313	22	12.1338  	52
314	19	11.8121  	52

Y - Directed channels:

i	max occ	av_occ		capacity
0	40	18.0573  	52
1	33	17.1624  	52
2	33	14.6879  	52
3	34	17.0637  	52
4	32	14.9809  	52
5	34	14.7898  	52
6	35	14.7197  	52
7	35	16.0701  	52
8	35	11.5669  	52
9	30	11.5796  	52
10	32	10.1338  	52
11	36	10.1051  	52
12	35	8.37261  	52
13	36	9.44904  	52
14	34	8.97452  	52
15	35	7.45860  	52
16	35	7.77707  	52
17	37	8.76433  	52
18	35	9.44586  	52
19	33	9.17834  	52
20	37	7.09236  	52
21	34	9.66879  	52
22	34	10.4427  	52
23	32	7.65605  	52
24	31	6.61465  	52
25	27	5.32803  	52
26	32	8.22611  	52
27	35	4.61146  	52
28	37	6.49045  	52
29	30	5.32166  	52
30	29	5.49363  	52
31	30	4.63057  	52
32	34	5.28981  	52
33	31	3.63376  	52
34	30	8.99682  	52
35	32	6.30573  	52
36	30	3.31847  	52
37	34	5.65287  	52
38	32	5.22930  	52
39	30	3.50955  	52
40	32	4.60191  	52
41	29	7.62739  	52
42	35	5.11783  	52
43	33	4.97134  	52
44	27	5.03822  	52
45	29	5.82166  	52
46	31	3.42357  	52
47	26	4.93631  	52
48	29	3.73248  	52
49	34	4.82484  	52
50	28	5.19427  	52
51	25	6.79618  	52
52	26	5.20382  	52
53	28	4.78662  	52
54	30	3.21338  	52
55	26	5.15287  	52
56	28	3.79936  	52
57	27	5.73567  	52
58	25	3.63376  	52
59	27	6.05096  	52
60	24	3.24522  	52
61	24	3.34713  	52
62	26	1.52866  	52
63	24	4.51592  	52
64	23	3.65605  	52
65	24	2.30255  	52
66	29	3.69745  	52
67	25	3.62739  	52
68	24	3.09236  	52
69	22	2.24841  	52
70	26	1.94904  	52
71	25	3.28025  	52
72	25	3.12420  	52
73	24	3.78981  	52
74	19	2.11783  	52
75	22	3.62102  	52
76	23	3.19745  	52
77	23	4.00637  	52
78	23	4.89490  	52
79	21	2.76115  	52
80	21	2.20701  	52
81	22	1.50637  	52
82	19	4.08917  	52
83	16	2.40764  	52
84	20	2.13694  	52
85	22	1.91401  	52
86	19	2.05732  	52
87	16	3.30573  	52
88	20	5.47452  	52
89	15	1.83758  	52
90	13	2.58280  	52
91	15	0.837580 	52
92	16	2.00637  	52
93	18	0.958599 	52
94	15	3.22930  	52
95	13	1.21019  	52
96	12	3.91401  	52
97	16	3.59873  	52
98	16	3.55732  	52
99	16	3.51274  	52
100	15	3.03822  	52
101	19	3.39809  	52
102	17	1.34076  	52
103	14	3.31529  	52
104	18	2.14650  	52
105	16	2.38535  	52
106	14	1.78981  	52
107	15	2.34395  	52
108	17	1.67834  	52
109	9	2.41083  	52
110	10	1.12739  	52
111	11	0.550955 	52
112	10	0.885350 	52
113	12	1.31529  	52
114	11	1.63376  	52
115	12	1.33758  	52
116	8	1.57325  	52
117	12	2.19108  	52
118	15	0.792994 	52
119	10	0.646497 	52
120	13	1.13057  	52
121	10	1.30892  	52
122	17	3.25159  	52
123	10	2.55096  	52
124	13	0.786624 	52
125	13	1.92357  	52
126	10	2.80255  	52
127	7	1.19427  	52
128	11	2.49045  	52
129	11	1.59236  	52
130	11	2.21019  	52
131	9	0.433121 	52
132	8	0.366242 	52
133	10	2.22293  	52
134	8	2.53503  	52
135	8	1.86943  	52
136	7	1.48089  	52
137	13	2.55414  	52
138	11	2.50637  	52
139	15	2.50000  	52
140	10	2.98408  	52
141	13	0.856688 	52
142	11	1.70701  	52
143	9	3.53185  	52
144	12	1.62102  	52
145	7	1.30255  	52
146	4	1.85350  	52
147	7	0.254777 	52
148	4	0.818471 	52
149	8	1.00000  	52
150	8	1.24841  	52
151	13	0.630573 	52
152	12	1.32803  	52
153	10	0.159236 	52
154	11	1.25159  	52
155	9	0.289809 	52
156	7	1.85669  	52
157	10	1.92994  	52
158	9	0.786624 	52
159	11	1.50637  	52
160	10	0.302548 	52
161	12	1.35987  	52
162	9	1.66879  	52
163	9	1.22293  	52
164	8	0.315287 	52
165	7	2.00000  	52
166	4	1.12102  	52
167	8	0.375796 	52
168	10	1.82803  	52
169	6	0.207006 	52
170	7	1.14968  	52
171	5	0.140127 	52
172	3	0.181529 	52
173	9	0.952229 	52
174	8	1.07962  	52
175	6	0.477707 	52
176	7	0.984076 	52
177	10	0.404459 	52
178	8	1.35350  	52
179	5	0.159236 	52
180	3	0.219745 	52
181	6	2.52548  	52
182	6	0.254777 	52
183	4	0.477707 	52
184	8	1.71338  	52
185	4	1.38535  	52
186	6	1.24204  	52
187	6	0.226115 	52
188	3	1.64650  	52
189	5	0.121019 	52
190	4	0.0891720	52
191	3	0.0318471	52
192	3	0.888535 	52
193	6	0.133758 	52
194	5	0.863057 	52
195	3	0.0828025	52
196	4	0.939490 	52
197	4	0.436306 	52
198	8	0.914013 	52
199	3	0.0573248	52
200	2	0.0445860	52
201	4	0.0605096	52
202	5	0.0859873	52
203	3	0.0828025	52
204	4	1.00318  	52
205	2	0.0605096	52
206	1	0.0318471	52
207	2	0.0509554	52
208	2	0.907643 	52
209	2	0.0350318	52
210	2	0.891720 	52
211	2	0.0573248	52
212	3	0.0541401	52
213	3	1.76115  	52
214	3	0.0955414	52
215	4	0.0700637	52
216	2	0.0382166	52
217	2	0.818471 	52
218	1	0.0222930	52
219	1	0.875796 	52
220	2	0.920382 	52
221	5	0.847134 	52
222	2	0.0222930	52
223	3	0.0191083	52
224	3	0.0350318	52
225	3	0.0445860	52
226	3	0.0382166	52
227	1	0.0159236	52
228	3	0.0222930	52
229	1	0.0127389	52
230	1	0.821656 	52
231	3	0.859873 	52
232	2	0.0382166	52
233	1	0.0159236	52
234	2	0.0222930	52
235	3	1.72293  	52
236	3	0.0222930	52
237	5	0.939490 	52
238	3	0.0159236	52
239	2	0.888535 	52
240	1	0.0350318	52
241	3	0.0573248	52
242	1	0.815287 	52
243	2	0.0382166	52
244	3	0.882166 	52
245	3	1.78662  	52
246	2	0.0191083	52
247	3	0.907643 	52
248	3	0.0350318	52
249	3	0.0286624	52
250	3	0.0222930	52
251	1	0.840764 	52
252	5	0.0541401	52
253	2	0.0605096	52
254	2	0.847134 	52
255	2	0.866242 	52
256	3	0.856688 	52
257	2	0.0222930	52
258	2	0.971338 	52
259	2	0.0350318	52
260	2	0.00636943	52
261	2	0.859873 	52
262	3	0.0477707	52
263	2	0.0286624	52
264	1	0.0222930	52
265	3	0.872611 	52
266	4	0.0254777	52
267	3	0.878981 	52
268	2	0.0477707	52
269	3	0.0445860	52
270	2	0.0191083	52
271	2	0.869427 	52
272	2	0.0222930	52
273	2	0.850318 	52
274	2	0.0191083	52
275	2	0.0509554	52
276	1	0.00955414	52
277	2	0.850318 	52
278	3	0.0318471	52
279	2	0.847134 	52
280	1	0.00955414	52
281	3	0.872611 	52
282	2	1.68790  	52
283	4	0.0382166	52
284	1	0.00955414	52
285	2	0.850318 	52
286	2	0.0286624	52
287	3	0.0254777	52
288	1	0.0127389	52
289	2	0.869427 	52
290	2	0.901274 	52
291	1	0.00636943	52
292	2	0.0191083	52
293	1	0.0159236	52
294	3	0.0127389	52
295	2	0.856688 	52
296	2	0.901274 	52
297	3	0.0477707	52
298	2	0.0222930	52
299	3	0.0254777	52
300	2	0.0286624	52
301	1	0.00636943	52
302	3	0.0350318	52
303	3	1.00637  	52
304	1	0.0509554	52
305	2	0.146497 	52
306	2	0.0222930	52
307	8	1.55414  	52
308	1	0.0414013	52
309	14	4.30892  	52
310	13	4.32166  	52
311	19	9.43312  	52
312	19	9.59236  	52
313	20	12.9650  	52
314	18	12.9108  	52

Total Tracks in X-direction: 16380  in Y-direction: 16380

Logic Area (in minimum width transistor areas):
Total Logic Area: 2.95788e+09  Per 1x1 logic tile: 30000

Routing area (in minimum width transistor areas):
Total Routing Area: 6.42514e+08  Per logic tile: 6516.64

Segment usage by type (index):
Segment type       Fractional utilization
------------       ----------------------
       0                  0.0502

Segment usage by length:
Segment length       Fractional utilization
--------------       ----------------------
        2                   0.0502

Critical Path: 5.30973e-08 (s)

Time elapsed (PLACE&ROUTE): 60509251.669000 ms


Time elapsed (Fernando): 60509251.682000 ms

