
VPR FPGA Placement and Routing.
Version: Version 5.0.2
Compiled: Dec 11 2020.
Original VPR by V. Betz.
Timing-driven placement enhancements by A. Marquardt.
Single-drivers enhancements by Andy Ye with additions by.
Mark Fang, Jason Luu, Ted Campbell
Heterogeneous stucture support by Jason Luu and Ted Campbell.
This code is licensed only for non-commercial use.

Auto-sizing FPGA, try x = 50 y = 50
Auto-sizing FPGA, try x = 100 y = 100
Auto-sizing FPGA, try x = 200 y = 200
Auto-sizing FPGA, try x = 400 y = 400
Auto-sizing FPGA, try x = 200 y = 200
Auto-sizing FPGA, try x = 300 y = 300
Auto-sizing FPGA, try x = 250 y = 250
Auto-sizing FPGA, try x = 225 y = 225
Auto-sizing FPGA, try x = 237 y = 237
Auto-sizing FPGA, try x = 243 y = 243
Auto-sizing FPGA, try x = 240 y = 240
Auto-sizing FPGA, try x = 238 y = 238
Auto-sizing FPGA, try x = 239 y = 239
Auto-sizing FPGA, try x = 239 y = 239
FPGA auto-sized to, x = 240 y = 240

Resource Usage:
Netlist      0	blocks of type <EMPTY>
Architecture 4	blocks of type <EMPTY>
Netlist      957	blocks of type .io
Architecture 960	blocks of type .io
Netlist      1539	blocks of type .clb
Architecture 57600	blocks of type .clb

Timing analysis: ON

Operation:  ROUTE_ONLY

PlacerOpts.place_freq:  PLACE_NEVER

RouterOpts.route_type:  DETAILED
RouterOpts.router_algorithm:  TIMING_DRIVEN
RouterOpts.base_cost_type:  DELAY_NORMALIZED
RouterOpts.fixed_channel_width:  NO_FIXED_CHANNEL_WIDTH
RouterOpts.acc_fac:  1.000000
RouterOpts.bb_factor:  3
RouterOpts.bend_cost:  0.000000
RouterOpts.first_iter_pres_fac:  0.500000
RouterOpts.initial_pres_fac:  0.500000
RouterOpts.pres_fac_mult:  1.300000
RouterOpts.max_router_iterations:  50
RouterOpts.astar_fac:  1.200000
RouterOpts.criticality_exp:  1.000000
RouterOpts.max_criticality:  0.990000

RoutingArch.directionality:  UNI_DIRECTIONAL
RoutingArch.switch_block_type:  WILTON
RoutingArch.Fs:  3

The circuit will be mapped into a 240 x 240 array of clbs.

Netlist num_nets:  2373
Netlist num_blocks:  2496
Netlist inputs pins:  834
Netlist output pins:  123

16 1 0
14 7 0
14 5 0
26 7 0
23 2 0
15 10 0
12 10 0
47 3 0
37 1 0
177 0 0
77 1 0
110 1 0
26 3 0
30 9 0
37 3 0
23 13 0
23 7 0
27 2 0
24 8 0
57 7 0
62 76 0
23 12 0
1 241 0
25 1 0
41 7 0
236 157 0
239 212 0
58 62 0
0 226 0
234 10 0
65 0 0
21 241 0
91 11 0
24 241 0
0 220 0
241 100 0
0 229 0
239 107 0
214 6 0
15 0 0
1 127 0
60 9 0
82 240 0
105 6 0
241 89 0
29 72 0
48 8 0
45 136 0
231 9 0
1 3 0
239 19 0
15 6 0
224 116 0
129 231 0
240 151 0
241 19 0
148 241 0
93 9 0
0 11 0
241 24 0
60 1 0
123 5 0
240 98 0
241 63 0
240 22 0
151 40 0
0 203 0
0 179 0
65 205 0
157 241 0
1 111 0
60 10 0
32 59 0
83 10 0
20 12 0
63 204 0
61 8 0
119 0 0
56 8 0
132 241 0
60 6 0
52 238 0
115 240 0
186 198 0
91 0 0
36 3 0
124 241 0
24 6 0
58 241 0
0 151 0
99 0 0
88 0 0
183 241 0
191 241 0
63 4 0
79 12 0
65 9 0
65 10 0
0 230 0
82 10 0
3 26 0
48 235 0
37 9 0
1 214 0
1 28 0
241 120 0
41 241 0
68 45 0
0 238 0
48 199 0
83 3 0
80 9 0
125 0 0
80 12 0
241 198 0
63 141 0
0 153 0
48 171 0
21 8 0
8 4 0
19 7 0
19 8 0
37 6 0
65 229 0
64 11 0
0 210 0
18 6 0
18 2 0
55 2 0
85 4 0
117 0 0
82 6 0
5 241 0
40 73 0
2 103 0
134 241 0
189 5 0
42 4 0
0 97 0
38 156 0
139 24 0
156 16 0
24 1 0
0 54 0
156 17 0
46 0 0
9 1 0
0 212 0
31 6 0
16 8 0
17 13 0
28 3 0
239 25 0
9 11 0
188 4 0
88 14 0
61 237 0
13 11 0
0 193 0
28 172 0
28 241 0
23 8 0
26 8 0
8 15 0
6 10 0
59 4 0
10 14 0
241 78 0
7 6 0
0 218 0
11 12 0
1 231 0
1 29 0
23 241 0
0 18 0
1 98 0
169 241 0
16 2 0
58 7 0
45 7 0
160 0 0
58 8 0
14 11 0
241 127 0
12 7 0
0 110 0
0 115 0
3 6 0
0 93 0
14 13 0
241 140 0
0 36 0
76 62 0
241 209 0
12 74 0
0 37 0
27 3 0
2 36 0
45 6 0
241 180 0
0 144 0
1 180 0
1 21 0
0 8 0
17 4 0
2 14 0
2 105 0
0 46 0
49 2 0
24 11 0
52 0 0
104 6 0
0 96 0
241 15 0
0 68 0
0 24 0
60 5 0
92 21 0
36 10 0
0 4 0
121 241 0
241 168 0
0 112 0
44 73 0
2 16 0
2 21 0
20 1 0
19 1 0
0 60 0
67 16 0
0 70 0
68 241 0
0 63 0
26 0 0
0 62 0
40 7 0
0 61 0
240 190 0
0 59 0
4 61 0
0 114 0
240 191 0
239 190 0
239 18 0
221 6 0
0 107 0
26 4 0
60 241 0
10 0 0
130 241 0
0 124 0
6 61 0
19 12 0
197 6 0
41 4 0
13 16 0
230 0 0
1 51 0
13 5 0
32 8 0
29 184 0
166 0 0
241 71 0
156 0 0
3 149 0
129 12 0
55 10 0
63 11 0
0 199 0
90 43 0
38 2 0
0 32 0
1 84 0
0 10 0
92 8 0
2 28 0
3 241 0
225 52 0
3 27 0
8 8 0
80 1 0
9 5 0
11 9 0
20 25 0
0 227 0
48 9 0
79 0 0
50 3 0
15 25 0
223 0 0
241 10 0
241 79 0
164 14 0
241 8 0
33 241 0
221 7 0
98 6 0
13 26 0
59 241 0
241 119 0
17 9 0
94 8 0
81 241 0
241 6 0
213 0 0
21 2 0
228 0 0
99 46 0
237 129 0
24 0 0
5 0 0
217 6 0
1 0 0
61 5 0
74 11 0
53 1 0
64 241 0
190 241 0
3 1 0
1 103 0
22 25 0
241 160 0
11 6 0
236 30 0
55 8 0
191 6 0
1 210 0
10 9 0
1 144 0
56 3 0
44 2 0
16 14 0
222 5 0
149 241 0
86 7 0
48 240 0
212 240 0
231 0 0
54 5 0
100 241 0
56 4 0
53 6 0
30 8 0
147 241 0
18 28 0
4 3 0
43 8 0
28 1 0
39 4 0
45 14 0
203 217 0
39 0 0
10 12 0
92 9 0
19 2 0
240 8 0
95 241 0
0 131 0
2 126 0
45 17 0
241 130 0
33 6 0
0 145 0
17 5 0
45 240 0
206 0 0
169 0 0
0 16 0
0 22 0
0 21 0
241 27 0
91 6 0
154 2 0
8 26 0
151 241 0
31 7 0
120 0 0
146 1 0
64 0 0
241 84 0
45 53 0
18 13 0
1 126 0
0 140 0
160 241 0
119 11 0
47 16 0
161 241 0
161 17 0
75 240 0
45 10 0
2 30 0
2 140 0
0 27 0
211 0 0
115 241 0
230 125 0
241 214 0
127 2 0
87 241 0
41 2 0
111 115 0
63 0 0
3 24 0
239 175 0
241 215 0
76 8 0
169 8 0
241 104 0
28 10 0
113 6 0
61 2 0
54 9 0
240 117 0
8 0 0
166 22 0
48 223 0
5 29 0
241 152 0
0 188 0
0 19 0
113 2 0
227 0 0
14 14 0
0 12 0
78 8 0
1 12 0
1 13 0
0 143 0
189 0 0
2 7 0
55 7 0
0 135 0
0 56 0
1 181 0
213 136 0
62 7 0
1 9 0
0 205 0
241 149 0
49 8 0
33 3 0
4 41 0
0 80 0
79 7 0
118 0 0
67 9 0
5 10 0
51 0 0
40 8 0
77 10 0
78 11 0
19 0 0
126 6 0
14 15 0
142 4 0
14 241 0
56 6 0
157 239 0
35 1 0
240 40 0
241 103 0
2 25 0
13 1 0
78 9 0
104 5 0
81 9 0
195 29 0
31 241 0
26 5 0
1 30 0
18 11 0
32 85 0
42 2 0
51 7 0
70 1 0
0 98 0
238 22 0
0 20 0
42 9 0
1 154 0
30 241 0
48 2 0
0 111 0
241 29 0
32 132 0
236 180 0
235 177 0
4 240 0
62 0 0
15 5 0
239 178 0
185 46 0
157 0 0
77 13 0
241 165 0
70 240 0
72 3 0
0 137 0
123 0 0
136 5 0
124 9 0
0 127 0
153 6 0
72 9 0
241 28 0
154 0 0
49 240 0
45 2 0
117 241 0
47 7 0
0 206 0
56 18 0
27 5 0
241 118 0
8 5 0
88 3 0
168 240 0
47 1 0
68 6 0
124 0 0
123 241 0
34 241 0
0 113 0
34 1 0
88 44 0
0 152 0
84 241 0
121 0 0
19 6 0
230 217 0
119 241 0
31 167 0
21 7 0
241 73 0
241 5 0
53 3 0
241 179 0
74 8 0
241 124 0
97 6 0
92 43 0
30 2 0
0 221 0
65 8 0
0 45 0
71 7 0
119 2 0
15 7 0
105 241 0
139 1 0
14 8 0
235 6 0
108 3 0
92 16 0
240 82 0
57 3 0
239 83 0
239 17 0
59 5 0
54 2 0
0 71 0
49 6 0
100 11 0
96 7 0
48 6 0
235 217 0
219 7 0
24 4 0
241 40 0
3 67 0
153 239 0
162 144 0
95 9 0
139 0 0
29 0 0
241 203 0
57 6 0
192 0 0
47 241 0
120 4 0
10 241 0
113 5 0
0 67 0
0 202 0
171 241 0
54 6 0
77 9 0
111 241 0
65 241 0
173 0 0
1 67 0
94 0 0
158 241 0
1 230 0
2 29 0
48 241 0
14 2 0
1 70 0
154 241 0
0 126 0
85 6 0
85 8 0
0 207 0
240 108 0
159 4 0
73 2 0
228 22 0
241 220 0
5 12 0
231 83 0
167 241 0
164 240 0
0 86 0
9 4 0
225 10 0
192 46 0
166 241 0
165 241 0
54 236 0
232 161 0
16 10 0
33 240 0
143 239 0
11 4 0
241 221 0
1 211 0
165 0 0
10 47 0
0 213 0
40 1 0
241 16 0
61 3 0
220 6 0
45 13 0
100 12 0
79 10 0
56 241 0
76 141 0
210 0 0
2 146 0
241 22 0
181 0 0
151 240 0
0 29 0
42 241 0
2 74 0
101 9 0
90 6 0
138 4 0
57 23 0
25 7 0
84 4 0
82 0 0
78 240 0
139 9 0
0 223 0
222 0 0
34 7 0
23 1 0
143 237 0
0 76 0
240 11 0
175 241 0
41 8 0
220 0 0
71 17 0
241 194 0
204 3 0
87 7 0
90 3 0
61 0 0
0 234 0
1 150 0
0 233 0
112 9 0
145 240 0
78 66 0
102 6 0
11 3 0
241 108 0
0 231 0
150 24 0
37 241 0
162 238 0
238 202 0
159 8 0
164 241 0
2 212 0
111 84 0
241 193 0
39 2 0
46 3 0
104 4 0
8 12 0
150 6 0
240 42 0
143 240 0
36 1 0
19 17 0
143 238 0
2 27 0
17 74 0
206 20 0
103 241 0
97 10 0
212 8 0
38 1 0
154 4 0
150 15 0
241 144 0
1 1 0
112 0 0
51 2 0
2 0 0
241 122 0
44 4 0
11 14 0
157 22 0
43 241 0
11 7 0
0 186 0
85 11 0
137 241 0
29 6 0
46 4 0
25 3 0
156 240 0
0 17 0
71 18 0
19 3 0
224 7 0
148 0 0
82 80 0
78 13 0
241 159 0
91 3 0
147 2 0
51 18 0
21 4 0
241 188 0
66 241 0
241 171 0
46 1 0
5 3 0
48 238 0
193 0 0
17 1 0
84 11 0
131 241 0
48 16 0
10 5 0
33 0 0
134 8 0
241 161 0
49 241 0
42 8 0
17 10 0
49 11 0
76 2 0
43 0 0
130 17 0
241 51 0
2 67 0
82 3 0
24 2 0
206 241 0
0 31 0
241 60 0
47 42 0
8 1 0
239 13 0
51 142 0
54 7 0
10 13 0
233 189 0
241 50 0
32 106 0
0 69 0
237 190 0
50 11 0
198 4 0
16 12 0
59 3 0
35 7 0
70 11 0
26 1 0
16 3 0
0 6 0
241 75 0
55 3 0
40 9 0
56 2 0
0 33 0
240 55 0
241 190 0
59 8 0
241 200 0
34 6 0
12 6 0
98 2 0
241 134 0
236 2 0
114 241 0
50 5 0
0 168 0
220 11 0
203 0 0
111 0 0
43 10 0
14 3 0
0 237 0
115 1 0
49 7 0
241 23 0
79 241 0
51 241 0
12 241 0
128 3 0
106 5 0
241 162 0
115 2 0
54 1 0
240 202 0
0 38 0
13 156 0
241 54 0
11 2 0
1 76 0
21 214 0
0 109 0
226 81 0
240 192 0
236 24 0
47 0 0
25 241 0
56 5 0
92 46 0
110 27 0
154 240 0
3 8 0
92 5 0
95 6 0
45 0 0
37 0 0
36 241 0
10 6 0
24 12 0
12 2 0
0 94 0
241 33 0
241 110 0
12 15 0
122 0 0
89 6 0
241 111 0
1 25 0
0 41 0
0 74 0
48 217 0
65 1 0
9 3 0
4 4 0
3 9 0
56 1 0
30 219 0
23 4 0
75 2 0
81 5 0
133 2 0
116 240 0
236 0 0
68 5 0
241 20 0
172 241 0
220 1 0
49 3 0
4 36 0
1 107 0
54 0 0
168 22 0
31 0 0
10 15 0
0 85 0
116 5 0
172 0 0
190 240 0
2 39 0
50 0 0
57 0 0
163 241 0
48 202 0
237 200 0
241 163 0
6 241 0
26 241 0
78 18 0
173 241 0
239 0 0
29 5 0
241 218 0
123 6 0
27 35 0
151 29 0
25 8 0
1 40 0
1 47 0
0 51 0
110 241 0
241 126 0
241 183 0
43 4 0
0 185 0
98 240 0
39 241 0
189 241 0
52 6 0
39 5 0
115 9 0
241 158 0
241 136 0
113 241 0
93 238 0
241 43 0
236 201 0
68 115 0
135 241 0
0 215 0
90 5 0
241 55 0
240 9 0
2 5 0
241 48 0
7 241 0
207 46 0
240 106 0
237 135 0
161 240 0
11 10 0
9 6 0
15 16 0
37 74 0
96 2 0
238 108 0
152 241 0
224 53 0
45 5 0
59 12 0
10 4 0
20 3 0
52 237 0
241 102 0
240 83 0
21 3 0
49 21 0
228 129 0
84 1 0
106 0 0
240 5 0
13 6 0
241 45 0
40 241 0
45 1 0
35 0 0
45 241 0
0 139 0
88 45 0
152 1 0
100 0 0
12 3 0
1 54 0
0 198 0
0 172 0
168 241 0
80 10 0
241 49 0
237 0 0
64 204 0
7 17 0
30 15 0
0 177 0
27 9 0
48 12 0
89 13 0
8 24 0
51 239 0
51 68 0
38 0 0
114 5 0
50 21 0
241 199 0
44 9 0
204 0 0
76 3 0
1 71 0
171 26 0
45 9 0
77 240 0
154 11 0
241 74 0
238 83 0
58 2 0
156 83 0
3 0 0
241 87 0
11 8 0
89 239 0
78 4 0
29 71 0
32 1 0
241 47 0
44 1 0
241 121 0
6 63 0
16 13 0
138 241 0
199 0 0
106 4 0
42 7 0
241 52 0
120 3 0
46 6 0
1 32 0
137 12 0
6 28 0
69 241 0
152 0 0
240 66 0
241 91 0
112 241 0
89 15 0
44 6 0
226 47 0
139 241 0
18 8 0
32 68 0
241 216 0
99 4 0
189 9 0
99 239 0
61 6 0
156 2 0
116 241 0
31 72 0
8 60 0
154 238 0
16 11 0
241 68 0
7 61 0
41 0 0
38 3 0
85 7 0
73 113 0
101 241 0
0 169 0
102 4 0
170 241 0
73 3 0
215 0 0
241 2 0
38 8 0
163 240 0
188 1 0
0 164 0
241 219 0
241 88 0
70 17 0
6 12 0
241 34 0
241 182 0
58 5 0
241 86 0
62 9 0
90 7 0
241 1 0
235 0 0
17 15 0
71 241 0
130 5 0
0 178 0
46 232 0
109 0 0
0 122 0
64 1 0
104 14 0
23 9 0
214 0 0
11 0 0
103 5 0
109 11 0
126 241 0
77 8 0
233 0 0
84 0 0
128 241 0
181 6 0
36 5 0
127 241 0
0 187 0
241 191 0
164 0 0
128 12 0
85 240 0
149 9 0
111 83 0
0 78 0
29 12 0
191 0 0
47 10 0
184 0 0
183 5 0
56 236 0
114 9 0
0 165 0
6 5 0
76 7 0
98 4 0
240 157 0
109 3 0
68 0 0
53 241 0
185 4 0
66 1 0
0 163 0
241 98 0
90 4 0
46 241 0
92 236 0
57 2 0
0 2 0
10 10 0
72 241 0
0 44 0
18 1 0
23 10 0
98 8 0
86 17 0
238 133 0
150 241 0
239 30 0
116 0 0
44 0 0
193 4 0
241 30 0
6 0 0
241 11 0
241 31 0
13 0 0
203 52 0
240 204 0
19 4 0
1 61 0
176 241 0
241 26 0
241 138 0
47 8 0
0 157 0
95 8 0
133 241 0
67 5 0
216 31 0
28 7 0
0 55 0
0 72 0
241 66 0
84 240 0
119 15 0
20 2 0
80 241 0
81 1 0
126 0 0
97 30 0
64 4 0
53 239 0
18 9 0
158 240 0
239 5 0
3 4 0
240 133 0
237 6 0
78 241 0
76 241 0
241 147 0
194 0 0
174 241 0
155 241 0
53 240 0
77 0 0
1 183 0
119 3 0
97 240 0
83 5 0
147 0 0
57 8 0
118 241 0
3 11 0
116 1 0
239 8 0
236 6 0
241 112 0
230 138 0
229 152 0
9 23 0
241 150 0
103 8 0
86 1 0
241 187 0
20 28 0
237 202 0
1 24 0
7 10 0
100 3 0
79 2 0
77 6 0
241 83 0
177 241 0
48 0 0
69 3 0
77 241 0
43 2 0
101 4 0
0 47 0
236 122 0
0 15 0
146 7 0
58 233 0
37 2 0
202 3 0
182 0 0
241 204 0
241 206 0
156 241 0
0 150 0
15 236 0
220 7 0
95 3 0
50 1 0
75 8 0
54 241 0
0 75 0
83 4 0
158 0 0
82 5 0
88 46 0
0 77 0
73 10 0
180 241 0
238 128 0
4 74 0
80 17 0
241 107 0
39 8 0
241 151 0
241 94 0
54 201 0
98 62 0
93 10 0
136 0 0
96 10 0
239 117 0
241 202 0
174 18 0
81 0 0
230 7 0
34 0 0
102 9 0
106 241 0
63 241 0
41 1 0
0 235 0
44 5 0
1 170 0
1 33 0
99 5 0
15 4 0
67 241 0
74 2 0
10 11 0
241 25 0
241 64 0
27 4 0
39 6 0
24 3 0
60 233 0
59 2 0
9 8 0
86 2 0
2 127 0
9 10 0
33 9 0
30 72 0
7 0 0
52 7 0
100 4 0
48 7 0
76 11 0
13 2 0
63 10 0
1 165 0
98 10 0
78 239 0
79 19 0
95 30 0
7 1 0
88 192 0
104 241 0
240 65 0
240 132 0
68 3 0
29 13 0
95 4 0
28 9 0
241 69 0
18 10 0
108 241 0
187 241 0
21 1 0
15 9 0
231 3 0
56 0 0
47 53 0
241 72 0
0 105 0
122 7 0
238 25 0
3 35 0
48 3 0
141 9 0
228 166 0
1 41 0
241 201 0
109 241 0
3 42 0
108 4 0
48 10 0
238 0 0
57 99 0
239 94 0
62 6 0
104 1 0
241 53 0
13 7 0
241 3 0
60 7 0
51 5 0
98 241 0
102 241 0
27 241 0
79 240 0
105 240 0
241 12 0
88 240 0
25 4 0
212 0 0
1 55 0
186 0 0
92 3 0
241 14 0
125 40 0
18 241 0
1 100 0
229 0 0
241 167 0
0 158 0
0 35 0
205 5 0
97 0 0
23 0 0
1 196 0
83 9 0
40 10 0
241 41 0
220 9 0
52 9 0
58 9 0
12 4 0
0 52 0
24 14 0
55 18 0
124 6 0
34 11 0
66 13 0
24 9 0
51 12 0
29 2 0
241 38 0
52 8 0
24 5 0
54 3 0
52 1 0
82 8 0
60 2 0
112 225 0
69 6 0
240 15 0
58 0 0
62 5 0
59 0 0
32 0 0
143 0 0
110 8 0
135 0 0
109 20 0
115 0 0
94 9 0
86 0 0
63 6 0
241 109 0
22 6 0
64 3 0
0 217 0
55 241 0
51 50 0
95 7 0
0 30 0
102 5 0
159 3 0
73 5 0
18 0 0
0 14 0
133 8 0
72 0 0
241 154 0
36 7 0
228 121 0
3 33 0
233 130 0
226 120 0
234 121 0
145 239 0
241 97 0
17 2 0
230 129 0
241 123 0
241 142 0
93 0 0
57 10 0
241 128 0
241 131 0
239 197 0
6 9 0
62 3 0
239 104 0
240 199 0
238 35 0
86 6 0
241 197 0
9 12 0
209 116 0
57 5 0
125 241 0
135 106 0
109 6 0
66 5 0
63 7 0
184 241 0
120 32 0
58 1 0
0 34 0
65 4 0
148 10 0
15 3 0
128 16 0
4 12 0
0 192 0
74 0 0
60 4 0
130 0 0
58 3 0
1 90 0
241 205 0
212 82 0
0 49 0
225 0 0
65 11 0
239 151 0
91 238 0
91 240 0
241 61 0
90 240 0
89 241 0
69 4 0
92 241 0
132 8 0
75 241 0
91 241 0
241 153 0
239 240 0
241 77 0
114 4 0
6 14 0
198 117 0
89 170 0
63 79 0
221 83 0
132 157 0
1 92 0
241 85 0
241 93 0
241 82 0
46 237 0
241 81 0
0 125 0
53 11 0
0 138 0
34 8 0
18 25 0
0 89 0
85 0 0
0 28 0
42 0 0
0 180 0
128 10 0
0 134 0
240 168 0
44 241 0
0 106 0
9 47 0
153 1 0
92 42 0
38 241 0
228 70 0
1 172 0
171 0 0
208 5 0
209 11 0
0 204 0
240 93 0
0 48 0
34 3 0
241 139 0
12 0 0
43 7 0
37 11 0
223 5 0
0 162 0
61 241 0
217 0 0
51 4 0
153 4 0
215 9 0
130 240 0
198 9 0
144 9 0
132 0 0
111 1 0
81 7 0
222 9 0
132 9 0
241 4 0
146 0 0
0 13 0
216 0 0
241 80 0
219 0 0
218 0 0
224 0 0
71 8 0
134 7 0
2 119 0
12 5 0
239 93 0
6 11 0
83 0 0
241 101 0
241 95 0
241 105 0
240 101 0
240 100 0
101 6 0
147 25 0
195 6 0
149 1 0
62 2 0
2 66 0
67 74 0
6 38 0
55 4 0
92 6 0
220 8 0
72 2 0
147 51 0
61 1 0
61 9 0
18 4 0
1 110 0
241 156 0
141 3 0
241 135 0
64 10 0
0 103 0
1 72 0
67 2 0
38 5 0
41 5 0
44 7 0
96 6 0
2 6 0
105 11 0
205 0 0
16 6 0
178 115 0
51 240 0
180 0 0
186 241 0
29 241 0
185 241 0
182 241 0
122 1 0
103 18 0
72 16 0
197 150 0
240 99 0
129 240 0
145 241 0
143 241 0
38 9 0
144 241 0
146 241 0
22 5 0
20 11 0
90 2 0
27 1 0
28 0 0
89 0 0
2 150 0
3 14 0
39 10 0
56 212 0
69 8 0
85 9 0
241 133 0
0 102 0
132 7 0
68 9 0
88 9 0
1 80 0
56 234 0
20 27 0
66 240 0
240 67 0
239 218 0
35 240 0
9 59 0
175 0 0
58 240 0
16 241 0
0 216 0
52 241 0
93 3 0
50 241 0
50 4 0
0 5 0
107 241 0
65 228 0
107 9 0
70 241 0
73 241 0
0 3 0
95 14 0
5 6 0
237 37 0
7 12 0
89 7 0
35 4 0
0 183 0
241 76 0
240 39 0
63 8 0
101 0 0
105 0 0
51 10 0
241 96 0
241 58 0
71 11 0
66 12 0
65 5 0
70 7 0
52 2 0
202 0 0
181 241 0
63 3 0
241 125 0
78 5 0
70 2 0
241 115 0
87 8 0
2 13 0
6 13 0
20 4 0
52 5 0
53 2 0
53 5 0
64 2 0
46 14 0
8 10 0
53 9 0
11 13 0
27 8 0
62 8 0
68 2 0
35 3 0
32 4 0
29 1 0
51 1 0
35 6 0
34 9 0
15 2 0
47 2 0
20 6 0
13 17 0
128 4 0
14 6 0
17 6 0
13 8 0
22 3 0
28 70 0
183 0 0
14 9 0
95 0 0
240 31 0
53 0 0
76 1 0
41 9 0
37 7 0
0 209 0
28 11 0
44 8 0
65 3 0
0 90 0
6 1 0
10 3 0
1 140 0
213 68 0
28 8 0
195 0 0
19 5 0
26 6 0
32 9 0
1 5 0
6 4 0
22 7 0
4 0 0
16 9 0
41 6 0
110 0 0
0 228 0
70 0 0
43 1 0
88 7 0
75 6 0
108 0 0
72 4 0
21 13 0
7 13 0
5 63 0
59 33 0
19 241 0
5 9 0
31 32 0
32 14 0
6 64 0
108 6 0
22 33 0
239 34 0
0 194 0
174 0 0
0 191 0
29 4 0
0 50 0
2 90 0
241 90 0
88 241 0
241 35 0
21 6 0
22 8 0
71 9 0
241 37 0
30 10 0
1 219 0
0 84 0
0 118 0
1 69 0
241 222 0
0 101 0
46 5 0
0 83 0
0 224 0
1 221 0
0 222 0
6 22 0
4 37 0
6 7 0
8 7 0
0 91 0
5 26 0
9 0 0
27 14 0
56 9 0
4 143 0
4 33 0
0 196 0
241 143 0
240 150 0
8 3 0
0 130 0
0 108 0
0 119 0
19 24 0
0 65 0
0 43 0
14 10 0
23 5 0
210 237 0
87 3 0
0 9 0
31 4 0
40 4 0
33 4 0
179 240 0
7 11 0
188 241 0
53 99 0
54 14 0
7 14 0
92 2 0
73 1 0
151 15 0
0 189 0
150 23 0
149 16 0
187 25 0
0 88 0
73 6 0
239 132 0
106 11 0
240 68 0
241 132 0
241 137 0
241 129 0
1 143 0
241 141 0
236 36 0
241 36 0
0 100 0
237 24 0
23 6 0
38 240 0
83 241 0
241 65 0
127 0 0
0 1 0
239 179 0
241 39 0
48 204 0
28 170 0
118 5 0
200 17 0
239 167 0
30 6 0
0 120 0
74 239 0
5 2 0
218 102 0
21 11 0
89 2 0
207 0 0
241 70 0
1 27 0
0 236 0
11 1 0
81 12 0
241 145 0
241 172 0
79 11 0
239 169 0
241 169 0
241 170 0
151 18 0
241 42 0
134 0 0
189 4 0
85 3 0
8 241 0
102 8 0
229 10 0
235 12 0
236 17 0
241 18 0
236 13 0
241 32 0
241 21 0
241 17 0
59 112 0
34 5 0
49 14 0
241 181 0
240 37 0
90 241 0
85 241 0
49 0 0
241 9 0
241 92 0
0 42 0
241 59 0
1 31 0
81 10 0
71 13 0
62 4 0
40 6 0
103 3 0
75 11 0
32 3 0
75 5 0
72 6 0
0 161 0
114 1 0
168 0 0
66 3 0
54 4 0
240 48 0
20 5 0
163 0 0
47 6 0
72 5 0
6 15 0
30 3 0
45 4 0
21 10 0
29 7 0
5 11 0
3 5 0
5 25 0
19 25 0
5 4 0
20 8 0
4 7 0
73 9 0
137 109 0
2 95 0
1 94 0
0 148 0
32 11 0
82 2 0
0 128 0
0 95 0
0 173 0
31 8 0
48 5 0
0 87 0
0 25 0
1 2 0
79 9 0
63 9 0
13 14 0
1 4 0
6 3 0
0 141 0
0 53 0
114 0 0
17 241 0
0 240 0
0 73 0
103 0 0
129 241 0
9 26 0
21 38 0
24 26 0
0 121 0
79 239 0
2 26 0
0 195 0
103 2 0
0 154 0
0 167 0
0 208 0
150 0 0
1 104 0
36 6 0
0 170 0
192 241 0
8 27 0
228 76 0
178 241 0
7 26 0
1 113 0
48 169 0
93 241 0
27 6 0
0 160 0
48 168 0
0 123 0
0 142 0
18 5 0
1 156 0
7 4 0
33 7 0
15 23 0
39 7 0
29 10 0
86 11 0
59 11 0
162 3 0
58 11 0
0 219 0
60 8 0
57 12 0
135 5 0
109 5 0
129 6 0
43 5 0
71 6 0
159 241 0
55 0 0
129 0 0
122 8 0
67 6 0
153 0 0
9 241 0
86 13 0
17 8 0
39 65 0
28 154 0
76 0 0
93 8 0
84 7 0
32 241 0
98 0 0
70 18 0
91 115 0
72 7 0
1 79 0
21 15 0
120 241 0
6 24 0
90 0 0
122 241 0
96 12 0
30 5 0
43 9 0
84 5 0
200 0 0
24 240 0
149 7 0
73 4 0
94 241 0
92 0 0
98 7 0
4 241 0
2 241 0
1 175 0
2 181 0
0 184 0
0 190 0
0 57 0
0 181 0
189 216 0
0 197 0
0 182 0
52 4 0
31 5 0
241 177 0
106 6 0
35 11 0
50 7 0
162 241 0
60 0 0
22 9 0
28 6 0
221 0 0
23 3 0
223 6 0
0 155 0
7 5 0
46 9 0
32 10 0
16 25 0
12 25 0
142 241 0
3 7 0
38 7 0
46 7 0
70 4 0
34 4 0
62 241 0
34 2 0
0 225 0
28 5 0
42 6 0
21 5 0
144 0 0
39 3 0
185 0 0
40 5 0
171 2 0
15 8 0
151 16 0
25 5 0
18 7 0
0 92 0
137 219 0
39 67 0
33 1 0
27 7 0
1 14 0
9 53 0
239 55 0
0 200 0
12 1 0
0 201 0
79 4 0
234 163 0
26 9 0
0 39 0
2 139 0
241 57 0
0 214 0
241 56 0
1 63 0
1 123 0
0 82 0
0 211 0
20 241 0
1 229 0
1 213 0
66 0 0
0 132 0
140 241 0
4 15 0
107 5 0
223 9 0
2 10 0
1 159 0
1 53 0
16 5 0
138 218 0
0 171 0
240 23 0
0 175 0
115 4 0
0 174 0
0 176 0
91 4 0
241 164 0
184 185 0
1 157 0
0 81 0
0 58 0
141 34 0
4 14 0
241 157 0
1 19 0
6 26 0
1 46 0
0 64 0
0 26 0
0 99 0
52 18 0
1 26 0
0 23 0
240 18 0
41 11 0
71 0 0
22 10 0
64 7 0
99 241 0
12 22 0
1 121 0
6 8 0
1 42 0
241 114 0
3 12 0
222 188 0
3 36 0
7 42 0
42 5 0
140 0 0
86 4 0
198 6 0
170 0 0
74 7 0
38 66 0
42 10 0
77 5 0
78 12 0
0 232 0
75 9 0
71 71 0
97 241 0
25 12 0
75 0 0
241 99 0
96 241 0
77 2 0
241 213 0
86 241 0
84 6 0
32 7 0
87 0 0
106 17 0
31 70 0
0 146 0
7 9 0
81 6 0
0 40 0
241 166 0
41 10 0
38 53 0
241 46 0
36 8 0
40 15 0
31 3 0
34 12 0
36 240 0
73 7 0
241 106 0
125 1 0
241 67 0
0 129 0
74 241 0
84 10 0
82 241 0
35 241 0
19 10 0
11 241 0
57 241 0
14 17 0
83 240 0
38 65 0
38 235 0
2 215 0
153 241 0
22 241 0
19 9 0
241 62 0
13 241 0
3 50 0
37 4 0
2 4 0
30 1 0
19 13 0
32 2 0
76 5 0
78 7 0
226 0 0
38 4 0
102 17 0
162 0 0
36 4 0
32 5 0
68 226 0
33 8 0
219 2 0
198 0 0
4 10 0
37 8 0
7 7 0
9 30 0
17 3 0
21 17 0
108 8 0
2 41 0
13 3 0
237 218 0
148 2 0
136 3 0
153 7 0
241 192 0
175 8 0
103 11 0
18 3 0
131 0 0
107 0 0
196 0 0
87 2 0
190 0 0
155 0 0
241 178 0
0 147 0
123 14 0
0 104 0
15 241 0
0 117 0
0 66 0
0 166 0
62 11 0
0 156 0
1 101 0
0 159 0
241 7 0
106 14 0
104 9 0
241 146 0
241 174 0
196 113 0
107 17 0
35 2 0
160 3 0
183 1 0
240 154 0
188 8 0
241 13 0
241 155 0
67 4 0
31 36 0
124 1 0
241 195 0
240 201 0
92 12 0
117 2 0
179 0 0
241 189 0
241 196 0
63 240 0
2 9 0
141 241 0
113 1 0
40 0 0
2 12 0
145 0 0
141 0 0
179 241 0
178 240 0
176 0 0
136 241 0
5 5 0
5 7 0
126 11 0
0 116 0
4 123 0
209 9 0
208 0 0
71 5 0
0 133 0
0 7 0
15 1 0
36 0 0
0 136 0
17 0 0
0 79 0
0 149 0
28 4 0
46 2 0
165 5 0
112 1 0
17 7 0
78 6 0
131 6 0
64 5 0
26 2 0
66 2 0
78 3 0
14 1 0
112 11 0
33 5 0
28 2 0
30 4 0
30 12 0
92 7 0
10 1 0
43 6 0
37 10 0
36 9 0
240 158 0
33 2 0
57 9 0
29 3 0
31 2 0
1 151 0
22 2 0
42 240 0
30 7 0
241 44 0
40 3 0
241 173 0
39 11 0
49 1 0
50 2 0
39 12 0
38 6 0
25 6 0
37 5 0
232 241 0
21 0 0
241 116 0
187 0 0
149 0 0
211 241 0
222 241 0
201 241 0
207 241 0
102 0 0
198 241 0
230 241 0
202 241 0
167 0 0
227 241 0
241 232 0
241 217 0
203 241 0
241 211 0
239 241 0
213 241 0
235 241 0
241 227 0
201 0 0
216 241 0
209 0 0
210 241 0
215 241 0
241 236 0
234 241 0
25 0 0
138 0 0
241 175 0
237 241 0
238 241 0
219 241 0
137 0 0
104 0 0
159 0 0
229 241 0
195 241 0
209 241 0
16 0 0
241 225 0
241 230 0
241 210 0
69 0 0
233 241 0
113 0 0
128 0 0
73 0 0
221 241 0
30 0 0
142 0 0
217 241 0
241 234 0
96 0 0
223 241 0
241 223 0
226 241 0
241 235 0
241 176 0
161 0 0
199 241 0
20 0 0
188 0 0
80 0 0
231 241 0
241 224 0
241 228 0
232 0 0
0 239 0
133 0 0
67 0 0
241 207 0
197 241 0
241 233 0
241 185 0
240 0 0
225 241 0
241 186 0
241 148 0
204 241 0
240 241 0
205 241 0
197 0 0
212 241 0
208 241 0
193 241 0
234 0 0
214 241 0
220 241 0
241 113 0
200 241 0
241 237 0
196 241 0
151 0 0
27 0 0
241 208 0
194 241 0
241 117 0
22 0 0
178 0 0
236 241 0
241 212 0
224 241 0
241 184 0
228 241 0
218 241 0
14 0 0
241 229 0
241 226 0
78 0 0
241 231 0
low, high, current -1 -1 8
Confirming Router Algorithm: TIMING_DRIVEN.
T_crit: 6.59597e-08.
T_crit: 6.60391e-08.
T_crit: 6.59609e-08.
T_crit: 6.5647e-08.
T_crit: 6.57277e-08.
T_crit: 6.5647e-08.
T_crit: 6.55209e-08.
T_crit: 6.5618e-08.
T_crit: 6.55222e-08.
T_crit: 6.56508e-08.
T_crit: 6.55523e-08.
T_crit: 6.56508e-08.
T_crit: 6.55247e-08.
T_crit: 6.55247e-08.
T_crit: 6.60755e-08.
T_crit: 6.61803e-08.
T_crit: 6.61803e-08.
T_crit: 6.66903e-08.
T_crit: 6.65806e-08.
T_crit: 6.67899e-08.
T_crit: 6.70993e-08.
T_crit: 6.70055e-08.
T_crit: 6.71063e-08.
T_crit: 6.73144e-08.
T_crit: 6.71101e-08.
T_crit: 6.75237e-08.
T_crit: 6.78301e-08.
T_crit: 6.75249e-08.
T_crit: 6.76233e-08.
T_crit: 6.84427e-08.
T_crit: 6.81553e-08.
T_crit: 6.74208e-08.
T_crit: 6.97457e-08.
T_crit: 6.91581e-08.
T_crit: 6.7729e-08.
T_crit: 6.81516e-08.
T_crit: 6.87195e-08.
T_crit: 6.85089e-08.
T_crit: 6.80953e-08.
T_crit: 6.80953e-08.
T_crit: 6.79906e-08.
T_crit: 6.87011e-08.
T_crit: 6.83185e-08.
T_crit: 6.89382e-08.
T_crit: 6.9353e-08.
T_crit: 6.80512e-08.
T_crit: 6.8144e-08.
T_crit: 6.94569e-08.
T_crit: 6.84574e-08.
T_crit: 6.97262e-08.
Routing failed.
low, high, current 8 -1 16
Confirming Router Algorithm: TIMING_DRIVEN.
T_crit: 6.59597e-08.
T_crit: 6.60302e-08.
T_crit: 6.57277e-08.
T_crit: 6.5855e-08.
T_crit: 6.57592e-08.
T_crit: 6.60315e-08.
T_crit: 6.58323e-08.
T_crit: 6.59281e-08.
T_crit: 6.57289e-08.
T_crit: 6.58247e-08.
T_crit: 6.55525e-08.
T_crit: 6.56483e-08.
T_crit: 6.55524e-08.
T_crit: 6.56483e-08.
T_crit: 6.57289e-08.
T_crit: 6.57302e-08.
T_crit: 6.57302e-08.
T_crit: 6.57302e-08.
T_crit: 6.57302e-08.
T_crit: 6.56255e-08.
T_crit: 6.56255e-08.
T_crit: 6.56255e-08.
T_crit: 6.56255e-08.
T_crit: 6.61304e-08.
T_crit: 6.64444e-08.
T_crit: 6.66511e-08.
T_crit: 6.71731e-08.
T_crit: 6.69638e-08.
T_crit: 6.67545e-08.
T_crit: 6.69638e-08.
T_crit: 6.72727e-08.
T_crit: 6.70659e-08.
T_crit: 6.81029e-08.
T_crit: 6.80116e-08.
T_crit: 6.77014e-08.
T_crit: 6.67666e-08.
T_crit: 6.7796e-08.
T_crit: 6.7045e-08.
T_crit: 6.75562e-08.
T_crit: 6.78048e-08.
T_crit: 6.85951e-08.
T_crit: 6.92014e-08.
T_crit: 6.96219e-08.
T_crit: 6.92344e-08.
T_crit: 6.88184e-08.
T_crit: 6.86116e-08.
T_crit: 6.96492e-08.
T_crit: 6.96492e-08.
T_crit: 6.95458e-08.
T_crit: 6.94412e-08.
Routing failed.
low, high, current 16 -1 32
Confirming Router Algorithm: TIMING_DRIVEN.
T_crit: 6.57517e-08.
T_crit: 6.60391e-08.
T_crit: 6.5855e-08.
T_crit: 6.57592e-08.
T_crit: 6.60643e-08.
T_crit: 6.58323e-08.
T_crit: 6.56483e-08.
T_crit: 6.59609e-08.
T_crit: 6.59609e-08.
T_crit: 6.59609e-08.
T_crit: 6.59609e-08.
T_crit: 6.59609e-08.
T_crit: 6.58651e-08.
T_crit: 6.59609e-08.
T_crit: 6.58651e-08.
Successfully routed after 16 routing iterations.
Completed net delay value cross check successfully.
low, high, current 16 32 24
Confirming Router Algorithm: TIMING_DRIVEN.
T_crit: 6.5855e-08.
T_crit: 6.58626e-08.
T_crit: 6.5855e-08.
T_crit: 6.58651e-08.
T_crit: 6.59609e-08.
T_crit: 6.58651e-08.
T_crit: 6.59609e-08.
T_crit: 6.58651e-08.
T_crit: 6.59609e-08.
T_crit: 6.58651e-08.
T_crit: 6.58576e-08.
T_crit: 6.57617e-08.
T_crit: 6.59609e-08.
T_crit: 6.57617e-08.
T_crit: 6.58576e-08.
T_crit: 6.57617e-08.
T_crit: 6.58576e-08.
T_crit: 6.57617e-08.
T_crit: 6.58576e-08.
T_crit: 6.57617e-08.
T_crit: 6.58576e-08.
T_crit: 6.57617e-08.
T_crit: 6.58576e-08.
T_crit: 6.57617e-08.
T_crit: 6.58576e-08.
T_crit: 6.57618e-08.
T_crit: 6.58576e-08.
T_crit: 6.57618e-08.
T_crit: 6.58576e-08.
T_crit: 6.57618e-08.
T_crit: 6.58576e-08.
T_crit: 6.57618e-08.
T_crit: 6.58576e-08.
T_crit: 6.57618e-08.
T_crit: 6.58576e-08.
T_crit: 6.57618e-08.
T_crit: 6.58576e-08.
T_crit: 6.57618e-08.
T_crit: 6.58576e-08.
T_crit: 6.57618e-08.
T_crit: 6.58576e-08.
T_crit: 6.57618e-08.
T_crit: 6.58576e-08.
T_crit: 6.57618e-08.
T_crit: 6.58576e-08.
T_crit: 6.57618e-08.
T_crit: 6.58576e-08.
T_crit: 6.57617e-08.
Successfully routed after 49 routing iterations.
Completed net delay value cross check successfully.
low, high, current 16 24 20
Confirming Router Algorithm: TIMING_DRIVEN.
T_crit: 6.56413e-08.
T_crit: 6.60921e-08.
T_crit: 6.57548e-08.
T_crit: 6.55701e-08.
T_crit: 6.59331e-08.
T_crit: 6.59192e-08.
T_crit: 6.58183e-08.
T_crit: 6.58284e-08.
T_crit: 6.57301e-08.
T_crit: 6.57213e-08.
T_crit: 6.56254e-08.
T_crit: 6.57149e-08.
T_crit: 6.57162e-08.
T_crit: 6.58209e-08.
T_crit: 6.57162e-08.
T_crit: 6.57162e-08.
T_crit: 6.57162e-08.
T_crit: 6.57162e-08.
T_crit: 6.57162e-08.
T_crit: 6.57162e-08.
T_crit: 6.58209e-08.
T_crit: 6.58209e-08.
T_crit: 6.58209e-08.
T_crit: 6.60327e-08.
T_crit: 6.60327e-08.
T_crit: 6.60327e-08.
T_crit: 6.60314e-08.
T_crit: 6.60314e-08.
T_crit: 6.63466e-08.
T_crit: 6.63479e-08.
T_crit: 6.6658e-08.
T_crit: 6.63491e-08.
T_crit: 6.63491e-08.
T_crit: 6.63491e-08.
T_crit: 6.63491e-08.
T_crit: 6.63491e-08.
T_crit: 6.64513e-08.
T_crit: 6.79912e-08.
T_crit: 6.64392e-08.
T_crit: 6.64551e-08.
T_crit: 6.66618e-08.
T_crit: 6.65572e-08.
T_crit: 6.64563e-08.
T_crit: 6.64513e-08.
T_crit: 6.64513e-08.
T_crit: 6.64513e-08.
T_crit: 6.65622e-08.
T_crit: 6.66586e-08.
T_crit: 6.66586e-08.
T_crit: 6.66586e-08.
Routing failed.
low, high, current 20 24 22
Confirming Router Algorithm: TIMING_DRIVEN.
T_crit: 6.54691e-08.
T_crit: 6.55575e-08.
T_crit: 6.58513e-08.
T_crit: 6.53657e-08.
T_crit: 6.5783e-08.
T_crit: 6.56445e-08.
T_crit: 6.57492e-08.
T_crit: 6.56445e-08.
T_crit: 6.56508e-08.
T_crit: 6.58601e-08.
T_crit: 6.58551e-08.
T_crit: 6.57668e-08.
T_crit: 6.57668e-08.
T_crit: 6.58374e-08.
T_crit: 6.58374e-08.
T_crit: 6.58374e-08.
T_crit: 6.59421e-08.
T_crit: 6.59421e-08.
T_crit: 6.59421e-08.
T_crit: 6.60467e-08.
T_crit: 6.59421e-08.
T_crit: 6.59421e-08.
T_crit: 6.59421e-08.
T_crit: 6.59421e-08.
T_crit: 6.59421e-08.
T_crit: 6.59421e-08.
T_crit: 6.59421e-08.
T_crit: 6.59421e-08.
T_crit: 6.59421e-08.
T_crit: 6.59421e-08.
T_crit: 6.59421e-08.
T_crit: 6.59421e-08.
T_crit: 6.59421e-08.
T_crit: 6.59421e-08.
T_crit: 6.59421e-08.
T_crit: 6.59421e-08.
T_crit: 6.59421e-08.
T_crit: 6.59421e-08.
T_crit: 6.59421e-08.
T_crit: 6.59421e-08.
T_crit: 6.59421e-08.
T_crit: 6.59421e-08.
T_crit: 6.59421e-08.
Successfully routed after 44 routing iterations.
Completed net delay value cross check successfully.

Checking to ensure routing is legal ...
Completed routing consistency check successfully.

Serial number (magic cookie) for the routing is: 915122287
Best routing used a channel width factor of 22.


Average number of bends per net: 7.13359  Maximum # of bends: 45


The number of routed nets (nonglobal): 2373
Wirelength results (all in units of 1 clb segments):
	Total wirelength: 219629   Average net length: 92.5533
	Maximum net length: 678

Wirelength results in terms of physical segments:
	Total wiring segments used: 110230   Av. wire segments per net: 46.4517
	Maximum segments used by a net: 339


X - Directed channels:

j	max occ	av_occ		capacity
0	22	13.9250  	22
1	22	15.0750  	22
2	22	13.0417  	22
3	22	13.6125  	22
4	22	13.6042  	22
5	22	13.4042  	22
6	22	13.3542  	22
7	21	12.9125  	22
8	22	12.9917  	22
9	22	12.9458  	22
10	22	10.7250  	22
11	22	11.9625  	22
12	21	9.62500  	22
13	20	10.9250  	22
14	16	7.97083  	22
15	17	8.36667  	22
16	15	6.62500  	22
17	19	7.10417  	22
18	11	3.97500  	22
19	11	2.62083  	22
20	11	1.75417  	22
21	8	3.58333  	22
22	7	1.80000  	22
23	7	1.43750  	22
24	9	2.47083  	22
25	13	2.12083  	22
26	10	1.62500  	22
27	7	1.46250  	22
28	8	0.333333 	22
29	9	1.71250  	22
30	6	1.05833  	22
31	6	1.32917  	22
32	9	1.45833  	22
33	5	2.67917  	22
34	6	1.26667  	22
35	8	0.483333 	22
36	6	0.983333 	22
37	5	0.820833 	22
38	5	0.154167 	22
39	7	2.78750  	22
40	11	0.983333 	22
41	8	1.99167  	22
42	3	0.0958333	22
43	3	0.783333 	22
44	4	0.195833 	22
45	6	1.75000  	22
46	8	1.91250  	22
47	5	1.48750  	22
48	4	0.183333 	22
49	4	1.02500  	22
50	4	0.466667 	22
51	8	0.741667 	22
52	6	0.504167 	22
53	4	0.525000 	22
54	6	3.00417  	22
55	3	0.158333 	22
56	2	0.0666667	22
57	4	0.200000 	22
58	3	0.258333 	22
59	4	0.587500 	22
60	9	2.43333  	22
61	5	1.52500  	22
62	8	1.86250  	22
63	6	0.741667 	22
64	5	0.845833 	22
65	6	1.40000  	22
66	9	2.15000  	22
67	8	2.84583  	22
68	7	1.17917  	22
69	6	0.858333 	22
70	4	0.383333 	22
71	10	1.01250  	22
72	4	0.395833 	22
73	5	0.858333 	22
74	6	1.27500  	22
75	6	0.287500 	22
76	4	2.06667  	22
77	3	0.0916667	22
78	4	0.566667 	22
79	3	0.133333 	22
80	2	0.495833 	22
81	4	1.08750  	22
82	6	2.25000  	22
83	5	0.850000 	22
84	4	0.475000 	22
85	3	0.212500 	22
86	3	0.0833333	22
87	2	0.0250000	22
88	4	0.170833 	22
89	5	0.716667 	22
90	1	0.0166667	22
91	4	0.104167 	22
92	5	0.554167 	22
93	5	0.141667 	22
94	7	0.150000 	22
95	3	0.716667 	22
96	2	0.0833333	22
97	4	0.491667 	22
98	6	0.870833 	22
99	5	1.80417  	22
100	5	0.166667 	22
101	5	0.179167 	22
102	5	0.412500 	22
103	4	0.100000 	22
104	3	1.65417  	22
105	4	0.483333 	22
106	5	1.30833  	22
107	4	0.400000 	22
108	3	0.508333 	22
109	3	0.200000 	22
110	5	0.491667 	22
111	4	0.266667 	22
112	5	1.90417  	22
113	5	0.637500 	22
114	5	1.29167  	22
115	5	1.99167  	22
116	5	1.28333  	22
117	4	0.616667 	22
118	4	0.316667 	22
119	6	0.270833 	22
120	4	0.275000 	22
121	6	0.370833 	22
122	6	0.150000 	22
123	2	0.0750000	22
124	3	0.304167 	22
125	7	0.541667 	22
126	7	0.270833 	22
127	3	0.0833333	22
128	6	1.18750  	22
129	4	0.166667 	22
130	3	1.46250  	22
131	6	0.120833 	22
132	6	0.0625000	22
133	2	0.0500000	22
134	3	0.150000 	22
135	4	0.883333 	22
136	4	0.412500 	22
137	3	0.650000 	22
138	4	1.02083  	22
139	5	0.112500 	22
140	3	0.712500 	22
141	4	0.412500 	22
142	6	0.887500 	22
143	4	0.787500 	22
144	3	0.316667 	22
145	2	1.02917  	22
146	1	0.0166667	22
147	1	0.0291667	22
148	2	0.183333 	22
149	6	0.341667 	22
150	6	0.816667 	22
151	2	0.0416667	22
152	2	0.0750000	22
153	5	0.341667 	22
154	3	1.32500  	22
155	5	0.258333 	22
156	5	1.76250  	22
157	4	0.283333 	22
158	3	0.687500 	22
159	1	0.00833333	22
160	3	0.720833 	22
161	3	0.220833 	22
162	3	0.725000 	22
163	2	0.0666667	22
164	4	0.220833 	22
165	2	0.133333 	22
166	3	0.458333 	22
167	6	0.654167 	22
168	4	0.612500 	22
169	5	1.52917  	22
170	3	0.170833 	22
171	4	0.237500 	22
172	2	0.0500000	22
173	2	0.0375000	22
174	4	0.204167 	22
175	2	0.0291667	22
176	3	0.0583333	22
177	3	0.0250000	22
178	5	0.412500 	22
179	4	0.308333 	22
180	6	0.216667 	22
181	3	0.145833 	22
182	4	0.183333 	22
183	3	0.862500 	22
184	3	0.566667 	22
185	4	1.04167  	22
186	3	0.162500 	22
187	3	0.225000 	22
188	4	0.354167 	22
189	7	1.07917  	22
190	5	0.0791667	22
191	4	0.495833 	22
192	2	0.175000 	22
193	3	0.362500 	22
194	1	0.00833333	22
195	3	0.0750000	22
196	3	0.0291667	22
197	3	0.637500 	22
198	5	0.883333 	22
199	3	0.179167 	22
200	4	0.158333 	22
201	8	1.33750  	22
202	5	0.129167 	22
203	5	1.37083  	22
204	5	0.100000 	22
205	1	0.250000 	22
206	2	0.987500 	22
207	2	0.591667 	22
208	1	0.00833333	22
209	2	0.933333 	22
210	6	0.729167 	22
211	5	1.36667  	22
212	6	0.116667 	22
213	4	0.441667 	22
214	3	0.0583333	22
215	5	2.65417  	22
216	4	1.27500  	22
217	5	1.38333  	22
218	5	0.775000 	22
219	2	0.0750000	22
220	3	0.0708333	22
221	1	0.0166667	22
222	4	1.16667  	22
223	2	0.145833 	22
224	5	1.90833  	22
225	2	0.279167 	22
226	1	0.00416667	22
227	3	0.0541667	22
228	6	0.845833 	22
229	3	0.583333 	22
230	5	0.925000 	22
231	4	0.412500 	22
232	4	0.633333 	22
233	6	1.15833  	22
234	7	1.25417  	22
235	4	0.970833 	22
236	10	2.37083  	22
237	12	5.66667  	22
238	16	6.35000  	22
239	20	10.9000  	22
240	17	9.52083  	22

Y - Directed channels:

i	max occ	av_occ		capacity
0	20	11.2375  	22
1	17	8.01667  	22
2	17	9.21250  	22
3	15	8.85000  	22
4	13	8.01250  	22
5	15	6.37500  	22
6	15	5.87500  	22
7	12	6.54583  	22
8	13	6.05000  	22
9	12	3.99167  	22
10	16	4.86667  	22
11	17	4.05000  	22
12	16	3.63750  	22
13	16	3.02500  	22
14	18	2.65833  	22
15	14	2.23333  	22
16	16	2.20000  	22
17	13	2.16250  	22
18	13	3.20417  	22
19	15	2.75417  	22
20	11	2.80833  	22
21	12	2.43750  	22
22	10	2.99167  	22
23	12	2.52083  	22
24	16	2.40833  	22
25	16	1.05833  	22
26	14	2.08333  	22
27	14	1.41250  	22
28	13	2.68333  	22
29	18	2.62500  	22
30	19	3.76250  	22
31	17	5.32500  	22
32	18	4.98333  	22
33	18	1.06667  	22
34	19	2.05000  	22
35	16	1.68750  	22
36	19	3.00000  	22
37	18	4.10000  	22
38	18	2.54167  	22
39	19	4.17917  	22
40	19	3.87917  	22
41	18	2.86667  	22
42	15	1.27500  	22
43	16	2.99167  	22
44	15	3.33333  	22
45	16	3.62500  	22
46	15	2.14167  	22
47	12	4.25833  	22
48	15	5.53333  	22
49	16	2.28333  	22
50	17	3.70000  	22
51	13	1.99167  	22
52	14	2.91667  	22
53	16	5.20000  	22
54	15	2.39583  	22
55	16	3.10417  	22
56	16	2.34167  	22
57	17	5.05417  	22
58	14	1.44167  	22
59	18	2.60417  	22
60	16	2.18750  	22
61	17	4.42500  	22
62	19	3.33750  	22
63	16	2.09167  	22
64	19	6.25000  	22
65	15	3.23333  	22
66	17	3.77500  	22
67	14	4.35000  	22
68	16	3.28750  	22
69	15	2.62917  	22
70	14	2.45000  	22
71	13	6.27500  	22
72	16	1.35417  	22
73	17	2.69167  	22
74	14	2.66667  	22
75	13	2.02500  	22
76	14	2.65833  	22
77	15	5.07083  	22
78	15	3.46667  	22
79	12	1.73333  	22
80	13	3.26667  	22
81	13	1.84583  	22
82	13	1.52917  	22
83	18	2.14583  	22
84	14	3.16667  	22
85	15	3.47917  	22
86	14	1.32917  	22
87	10	2.39167  	22
88	13	1.97917  	22
89	15	3.34583  	22
90	10	1.87917  	22
91	12	2.12083  	22
92	13	2.43333  	22
93	11	1.64167  	22
94	7	3.08333  	22
95	12	2.35833  	22
96	10	1.05833  	22
97	10	2.50417  	22
98	9	1.85000  	22
99	11	1.41250  	22
100	8	2.21667  	22
101	9	1.05000  	22
102	10	1.32917  	22
103	11	2.25417  	22
104	7	2.14167  	22
105	10	0.375000 	22
106	11	3.21250  	22
107	9	3.14167  	22
108	10	1.32500  	22
109	7	0.633333 	22
110	7	0.845833 	22
111	7	0.950000 	22
112	7	1.32083  	22
113	13	2.21250  	22
114	9	1.26250  	22
115	8	2.24167  	22
116	5	1.30000  	22
117	6	1.10833  	22
118	8	0.695833 	22
119	6	0.262500 	22
120	10	1.82500  	22
121	5	1.10417  	22
122	7	0.250000 	22
123	6	0.320833 	22
124	9	0.570833 	22
125	7	2.12500  	22
126	6	0.220833 	22
127	6	1.28750  	22
128	6	2.05000  	22
129	6	2.08333  	22
130	4	0.341667 	22
131	8	0.625000 	22
132	5	0.629167 	22
133	10	1.58333  	22
134	6	0.300000 	22
135	7	0.829167 	22
136	5	2.15833  	22
137	4	0.241667 	22
138	8	1.28750  	22
139	5	1.03333  	22
140	3	0.604167 	22
141	6	0.729167 	22
142	4	2.75833  	22
143	5	0.170833 	22
144	7	2.06667  	22
145	6	0.208333 	22
146	8	2.93333  	22
147	6	1.69167  	22
148	7	0.800000 	22
149	5	0.325000 	22
150	6	1.77500  	22
151	7	3.27083  	22
152	6	3.15833  	22
153	8	0.558333 	22
154	7	0.279167 	22
155	5	2.04167  	22
156	5	0.675000 	22
157	5	0.370833 	22
158	6	1.13333  	22
159	8	0.266667 	22
160	3	0.0750000	22
161	4	0.150000 	22
162	5	1.68750  	22
163	4	0.108333 	22
164	3	0.108333 	22
165	4	2.62917  	22
166	2	0.850000 	22
167	4	1.07083  	22
168	4	0.916667 	22
169	3	0.133333 	22
170	3	0.108333 	22
171	5	0.258333 	22
172	1	0.00833333	22
173	2	0.0583333	22
174	4	0.125000 	22
175	4	0.141667 	22
176	3	1.04583  	22
177	3	1.02917  	22
178	4	0.0916667	22
179	2	0.0541667	22
180	2	1.84167  	22
181	5	1.03750  	22
182	7	1.00833  	22
183	5	1.03750  	22
184	3	0.0958333	22
185	7	0.858333 	22
186	7	0.558333 	22
187	7	0.783333 	22
188	5	0.537500 	22
189	5	0.337500 	22
190	4	0.245833 	22
191	2	0.179167 	22
192	3	1.02500  	22
193	4	1.01250  	22
194	5	0.175000 	22
195	4	0.787500 	22
196	4	1.24583  	22
197	6	1.62083  	22
198	8	0.258333 	22
199	5	1.41667  	22
200	4	1.56667  	22
201	3	1.56667  	22
202	4	1.33333  	22
203	5	1.80833  	22
204	2	0.183333 	22
205	3	0.145833 	22
206	3	1.74167  	22
207	2	0.0666667	22
208	4	0.183333 	22
209	2	0.500000 	22
210	2	0.483333 	22
211	4	0.779167 	22
212	3	0.575000 	22
213	2	0.291667 	22
214	4	0.783333 	22
215	2	0.0666667	22
216	3	0.400000 	22
217	3	0.0833333	22
218	6	0.883333 	22
219	8	0.583333 	22
220	10	1.47083  	22
221	9	2.74167  	22
222	7	1.35417  	22
223	5	1.32083  	22
224	6	2.29167  	22
225	3	0.383333 	22
226	5	0.616667 	22
227	6	2.01250  	22
228	5	1.40833  	22
229	4	1.65833  	22
230	4	0.808333 	22
231	5	1.56250  	22
232	5	2.11250  	22
233	4	1.60833  	22
234	4	0.883333 	22
235	7	3.18750  	22
236	9	2.63750  	22
237	11	4.10417  	22
238	13	6.41250  	22
239	17	10.3292  	22
240	16	9.52917  	22

Total Tracks in X-direction: 5302  in Y-direction: 5302

Logic Area (in minimum width transistor areas):
Total Logic Area: 1.728e+09  Per 1x1 logic tile: 30000

Routing area (in minimum width transistor areas):
Total Routing Area: 1.59233e+08  Per logic tile: 2764.46

Segment usage by type (index):
Segment type       Fractional utilization
------------       ----------------------
       0                  0.0863

Segment usage by length:
Segment length       Fractional utilization
--------------       ----------------------
        2                   0.0863

Critical Path: 6.59421e-08 (s)

Time elapsed (PLACE&ROUTE): 17748609.875000 ms


Time elapsed (Fernando): 17748609.887000 ms

