
VPR FPGA Placement and Routing.
Version: Version 5.0.2
Compiled: Dec 11 2020.
Original VPR by V. Betz.
Timing-driven placement enhancements by A. Marquardt.
Single-drivers enhancements by Andy Ye with additions by.
Mark Fang, Jason Luu, Ted Campbell
Heterogeneous stucture support by Jason Luu and Ted Campbell.
This code is licensed only for non-commercial use.

Auto-sizing FPGA, try x = 50 y = 50
Auto-sizing FPGA, try x = 100 y = 100
Auto-sizing FPGA, try x = 200 y = 200
Auto-sizing FPGA, try x = 400 y = 400
Auto-sizing FPGA, try x = 200 y = 200
Auto-sizing FPGA, try x = 300 y = 300
Auto-sizing FPGA, try x = 250 y = 250
Auto-sizing FPGA, try x = 225 y = 225
Auto-sizing FPGA, try x = 237 y = 237
Auto-sizing FPGA, try x = 243 y = 243
Auto-sizing FPGA, try x = 240 y = 240
Auto-sizing FPGA, try x = 238 y = 238
Auto-sizing FPGA, try x = 239 y = 239
Auto-sizing FPGA, try x = 239 y = 239
FPGA auto-sized to, x = 240 y = 240

Resource Usage:
Netlist      0	blocks of type <EMPTY>
Architecture 4	blocks of type <EMPTY>
Netlist      957	blocks of type .io
Architecture 960	blocks of type .io
Netlist      1539	blocks of type .clb
Architecture 57600	blocks of type .clb

Timing analysis: ON

Operation:  ROUTE_ONLY

PlacerOpts.place_freq:  PLACE_NEVER

RouterOpts.route_type:  DETAILED
RouterOpts.router_algorithm:  TIMING_DRIVEN
RouterOpts.base_cost_type:  DELAY_NORMALIZED
RouterOpts.fixed_channel_width:  NO_FIXED_CHANNEL_WIDTH
RouterOpts.acc_fac:  1.000000
RouterOpts.bb_factor:  3
RouterOpts.bend_cost:  0.000000
RouterOpts.first_iter_pres_fac:  0.500000
RouterOpts.initial_pres_fac:  0.500000
RouterOpts.pres_fac_mult:  1.300000
RouterOpts.max_router_iterations:  50
RouterOpts.astar_fac:  1.200000
RouterOpts.criticality_exp:  1.000000
RouterOpts.max_criticality:  0.990000

RoutingArch.directionality:  UNI_DIRECTIONAL
RoutingArch.switch_block_type:  WILTON
RoutingArch.Fs:  3

The circuit will be mapped into a 240 x 240 array of clbs.

Netlist num_nets:  2373
Netlist num_blocks:  2496
Netlist inputs pins:  834
Netlist output pins:  123

16 8 0
14 10 0
16 11 0
17 14 0
13 6 0
7 13 0
12 8 0
26 3 0
27 1 0
26 0 0
28 9 0
30 10 0
31 2 0
22 3 0
44 11 0
10 1 0
8 13 0
40 6 0
12 2 0
97 7 0
29 24 0
69 3 0
0 114 0
31 1 0
28 3 0
93 240 0
79 240 0
61 6 0
0 117 0
160 8 0
241 197 0
0 88 0
92 1 0
0 182 0
0 120 0
128 241 0
0 119 0
1 70 0
168 1 0
150 0 0
1 212 0
33 9 0
30 2 0
89 4 0
99 241 0
7 113 0
69 9 0
1 34 0
88 7 0
141 6 0
235 47 0
18 4 0
16 53 0
206 3 0
1 124 0
241 65 0
207 0 0
79 6 0
113 0 0
156 241 0
48 8 0
2 30 0
147 10 0
160 241 0
161 238 0
235 240 0
127 0 0
0 170 0
108 7 0
129 0 0
1 210 0
81 9 0
65 8 0
181 3 0
94 3 0
108 57 0
110 30 0
241 139 0
112 7 0
147 0 0
37 2 0
101 240 0
104 1 0
179 102 0
0 177 0
38 4 0
99 0 0
1 1 0
135 241 0
241 82 0
241 110 0
241 132 0
5 0 0
241 165 0
96 67 0
12 12 0
100 7 0
96 51 0
241 25 0
186 10 0
88 101 0
239 15 0
76 6 0
240 166 0
46 240 0
241 171 0
241 29 0
22 5 0
25 0 0
189 9 0
47 88 0
183 4 0
0 159 0
185 9 0
0 152 0
181 7 0
241 92 0
184 8 0
67 3 0
70 2 0
4 1 0
72 1 0
26 6 0
101 7 0
13 7 0
0 191 0
13 1 0
12 4 0
48 1 0
87 3 0
0 207 0
61 2 0
0 122 0
6 111 0
130 4 0
65 0 0
4 44 0
21 1 0
162 0 0
2 32 0
36 214 0
200 7 0
33 1 0
217 0 0
99 10 0
94 0 0
23 4 0
0 56 0
24 3 0
20 13 0
86 5 0
102 1 0
36 237 0
103 4 0
238 21 0
8 5 0
100 239 0
98 12 0
241 9 0
29 7 0
239 0 0
109 4 0
5 1 0
123 11 0
94 4 0
5 13 0
111 3 0
125 241 0
120 10 0
0 81 0
101 3 0
186 212 0
31 7 0
74 241 0
136 0 0
89 186 0
241 30 0
51 13 0
48 12 0
70 3 0
13 241 0
32 10 0
109 7 0
241 172 0
105 5 0
7 241 0
88 241 0
20 9 0
86 241 0
104 7 0
140 241 0
241 75 0
194 200 0
103 241 0
239 32 0
241 78 0
34 6 0
236 75 0
30 6 0
241 20 0
64 0 0
1 142 0
67 240 0
0 175 0
36 9 0
124 4 0
126 9 0
104 0 0
47 3 0
6 4 0
149 0 0
19 23 0
108 0 0
198 0 0
236 0 0
89 241 0
95 8 0
37 10 0
57 4 0
59 0 0
0 97 0
0 205 0
75 0 0
9 46 0
121 6 0
51 240 0
47 12 0
45 14 0
241 126 0
65 1 0
241 10 0
149 241 0
241 125 0
0 17 0
241 124 0
45 4 0
241 123 0
238 126 0
241 122 0
237 122 0
225 0 0
240 127 0
239 126 0
3 130 0
133 31 0
241 145 0
30 1 0
164 241 0
151 241 0
0 161 0
40 241 0
230 122 0
11 5 0
147 2 0
109 8 0
110 7 0
106 0 0
208 1 0
20 2 0
29 13 0
1 72 0
241 150 0
241 202 0
241 151 0
239 96 0
100 6 0
175 4 0
178 4 0
241 94 0
142 8 0
31 3 0
0 109 0
27 25 0
0 108 0
41 180 0
1 107 0
0 107 0
1 26 0
3 100 0
98 1 0
40 3 0
63 5 0
2 10 0
209 2 0
212 241 0
145 3 0
241 104 0
4 17 0
161 3 0
173 241 0
141 0 0
0 134 0
201 13 0
183 0 0
241 48 0
168 214 0
17 186 0
205 8 0
129 241 0
176 0 0
111 1 0
118 4 0
150 241 0
214 0 0
77 0 0
27 2 0
41 0 0
143 10 0
113 240 0
212 0 0
0 12 0
166 7 0
0 15 0
92 8 0
217 9 0
58 3 0
21 0 0
241 173 0
16 3 0
240 189 0
169 3 0
69 0 0
87 1 0
232 205 0
72 8 0
174 2 0
236 24 0
64 1 0
85 7 0
9 12 0
38 3 0
83 6 0
170 240 0
241 4 0
8 4 0
240 17 0
1 170 0
157 0 0
33 2 0
241 100 0
30 3 0
70 6 0
48 6 0
60 0 0
207 8 0
4 3 0
35 5 0
55 1 0
213 240 0
22 8 0
154 4 0
0 42 0
108 1 0
95 27 0
34 5 0
160 4 0
10 0 0
0 149 0
4 90 0
7 17 0
0 148 0
42 9 0
100 0 0
61 4 0
180 3 0
59 241 0
0 37 0
58 0 0
241 87 0
109 0 0
0 127 0
73 8 0
54 239 0
41 11 0
241 60 0
116 2 0
0 95 0
30 240 0
167 0 0
143 241 0
2 21 0
150 1 0
3 91 0
241 163 0
0 137 0
100 3 0
6 17 0
213 0 0
100 15 0
6 58 0
14 11 0
159 8 0
237 161 0
152 0 0
241 24 0
0 89 0
3 99 0
108 241 0
58 4 0
0 51 0
26 5 0
1 98 0
0 53 0
149 8 0
184 15 0
109 241 0
4 50 0
54 240 0
148 0 0
179 85 0
7 21 0
1 13 0
198 1 0
189 8 0
215 241 0
92 122 0
135 3 0
127 4 0
0 162 0
175 0 0
241 86 0
32 5 0
241 133 0
113 1 0
241 83 0
19 7 0
238 83 0
238 84 0
241 160 0
0 46 0
229 83 0
208 240 0
10 241 0
222 0 0
1 143 0
45 240 0
1 51 0
40 2 0
209 0 0
0 124 0
70 7 0
19 9 0
1 164 0
0 186 0
54 78 0
71 241 0
98 6 0
154 2 0
204 0 0
29 16 0
35 8 0
2 9 0
218 0 0
6 12 0
124 7 0
96 240 0
137 241 0
43 5 0
115 7 0
58 1 0
1 227 0
196 0 0
37 239 0
12 7 0
9 7 0
18 11 0
47 2 0
231 204 0
89 0 0
32 1 0
1 108 0
4 7 0
8 11 0
46 3 0
101 50 0
59 5 0
114 241 0
155 216 0
0 2 0
34 4 0
37 184 0
117 0 0
42 3 0
182 0 0
241 49 0
3 24 0
235 13 0
232 12 0
20 107 0
0 155 0
45 10 0
240 15 0
180 7 0
0 67 0
2 49 0
48 241 0
140 3 0
48 13 0
0 45 0
0 223 0
31 25 0
40 240 0
0 129 0
1 86 0
60 2 0
0 151 0
58 241 0
1 177 0
36 6 0
0 66 0
9 10 0
241 93 0
117 240 0
8 1 0
241 175 0
89 5 0
197 9 0
105 120 0
45 3 0
24 7 0
68 241 0
197 0 0
75 241 0
177 0 0
57 6 0
144 5 0
241 74 0
92 241 0
70 241 0
68 2 0
192 9 0
0 211 0
76 2 0
108 8 0
158 241 0
202 0 0
39 5 0
241 33 0
218 1 0
0 78 0
95 3 0
143 11 0
28 10 0
241 26 0
102 102 0
126 0 0
27 5 0
57 9 0
103 8 0
169 241 0
1 33 0
110 1 0
201 1 0
86 39 0
74 5 0
144 10 0
14 9 0
142 13 0
1 49 0
59 3 0
38 7 0
241 7 0
29 4 0
91 6 0
83 4 0
1 11 0
64 5 0
157 4 0
19 2 0
153 241 0
237 9 0
209 4 0
204 160 0
84 3 0
39 241 0
116 0 0
241 6 0
45 11 0
0 50 0
0 183 0
43 46 0
159 0 0
163 39 0
241 12 0
0 44 0
241 36 0
23 2 0
35 2 0
139 0 0
118 241 0
120 241 0
240 5 0
194 0 0
22 0 0
184 202 0
3 102 0
0 219 0
39 2 0
88 118 0
112 0 0
0 213 0
80 1 0
8 10 0
6 241 0
1 68 0
1 128 0
60 4 0
149 195 0
111 0 0
143 9 0
1 24 0
241 142 0
234 136 0
8 0 0
18 7 0
166 18 0
166 6 0
241 109 0
241 136 0
4 19 0
46 237 0
103 1 0
134 6 0
86 2 0
41 1 0
68 0 0
3 51 0
241 81 0
96 161 0
0 113 0
43 2 0
160 0 0
36 12 0
161 4 0
57 8 0
5 2 0
89 8 0
136 241 0
169 240 0
0 16 0
134 96 0
154 241 0
123 241 0
236 29 0
0 111 0
0 86 0
240 57 0
81 6 0
1 158 0
9 1 0
120 11 0
90 5 0
6 7 0
0 85 0
22 4 0
1 67 0
241 66 0
168 241 0
55 191 0
27 3 0
72 3 0
241 63 0
1 224 0
0 147 0
34 7 0
0 26 0
120 240 0
0 105 0
3 12 0
14 4 0
90 1 0
241 194 0
32 0 0
240 85 0
185 241 0
86 4 0
79 1 0
71 7 0
19 18 0
6 1 0
0 72 0
184 241 0
29 19 0
241 58 0
220 126 0
232 3 0
235 145 0
241 137 0
2 51 0
2 98 0
241 130 0
49 3 0
41 4 0
2 92 0
216 85 0
1 37 0
237 205 0
234 29 0
84 2 0
132 4 0
100 28 0
83 76 0
234 31 0
100 148 0
241 103 0
84 6 0
172 6 0
41 2 0
11 8 0
25 9 0
13 0 0
1 4 0
0 132 0
36 4 0
0 4 0
0 74 0
63 3 0
93 1 0
10 16 0
0 36 0
64 2 0
0 150 0
46 87 0
103 0 0
55 7 0
38 5 0
17 8 0
239 29 0
241 85 0
116 18 0
13 2 0
164 10 0
0 188 0
38 140 0
1 208 0
98 241 0
129 5 0
1 73 0
118 7 0
22 7 0
0 166 0
119 241 0
0 202 0
54 11 0
19 12 0
1 19 0
122 241 0
29 9 0
187 4 0
241 70 0
5 19 0
16 4 0
0 84 0
1 81 0
0 203 0
0 178 0
20 1 0
165 3 0
37 14 0
67 4 0
119 0 0
201 4 0
241 208 0
239 9 0
10 8 0
17 2 0
227 0 0
0 103 0
0 27 0
26 73 0
16 5 0
1 100 0
9 44 0
3 19 0
97 6 0
15 92 0
241 209 0
3 37 0
241 8 0
237 125 0
2 12 0
46 15 0
48 9 0
62 3 0
1 80 0
15 7 0
17 5 0
7 2 0
241 84 0
0 125 0
4 16 0
33 5 0
45 9 0
66 241 0
98 240 0
241 128 0
80 8 0
0 167 0
35 1 0
13 3 0
83 3 0
241 153 0
85 5 0
156 0 0
8 9 0
71 0 0
211 7 0
241 53 0
241 69 0
49 7 0
52 3 0
187 241 0
36 100 0
76 8 0
241 56 0
0 8 0
132 241 0
81 241 0
66 10 0
194 42 0
45 241 0
64 4 0
47 4 0
229 6 0
241 79 0
143 3 0
0 29 0
15 11 0
33 7 0
5 119 0
76 0 0
20 23 0
1 96 0
1 118 0
0 139 0
241 1 0
51 3 0
146 6 0
117 71 0
213 5 0
39 8 0
96 3 0
88 1 0
0 156 0
216 241 0
241 13 0
26 4 0
19 10 0
29 6 0
241 37 0
0 63 0
0 68 0
128 6 0
214 241 0
82 3 0
0 70 0
240 8 0
161 0 0
241 32 0
158 4 0
177 109 0
32 2 0
44 13 0
219 5 0
62 2 0
6 117 0
69 1 0
82 2 0
24 1 0
5 23 0
99 2 0
166 0 0
50 5 0
117 241 0
241 35 0
159 3 0
1 78 0
2 6 0
147 8 0
0 179 0
98 149 0
0 82 0
107 45 0
17 0 0
194 41 0
0 41 0
238 209 0
40 19 0
0 83 0
81 0 0
241 135 0
179 7 0
89 240 0
50 241 0
158 0 0
241 3 0
112 240 0
219 0 0
226 0 0
51 4 0
53 0 0
62 7 0
81 8 0
222 91 0
30 9 0
137 7 0
123 6 0
241 143 0
135 0 0
164 0 0
241 18 0
1 79 0
0 79 0
197 44 0
0 33 0
241 211 0
3 16 0
107 2 0
98 10 0
91 0 0
84 241 0
83 0 0
80 3 0
223 0 0
231 3 0
21 6 0
36 0 0
241 159 0
85 6 0
0 30 0
175 6 0
45 8 0
192 0 0
49 0 0
177 5 0
2 68 0
90 4 0
234 131 0
3 3 0
65 3 0
112 8 0
25 42 0
55 9 0
1 56 0
203 0 0
1 25 0
26 1 0
94 6 0
20 6 0
15 9 0
1 172 0
241 16 0
139 123 0
19 6 0
2 13 0
1 90 0
53 5 0
213 241 0
197 6 0
25 3 0
29 241 0
0 123 0
39 11 0
116 241 0
0 220 0
0 224 0
145 8 0
1 36 0
0 92 0
15 3 0
222 9 0
0 19 0
130 0 0
216 0 0
4 6 0
241 206 0
154 0 0
107 57 0
107 75 0
68 8 0
83 241 0
1 3 0
12 9 0
93 9 0
41 10 0
2 25 0
47 29 0
241 195 0
191 40 0
2 16 0
0 172 0
23 1 0
0 11 0
62 5 0
29 8 0
1 27 0
47 10 0
13 5 0
1 162 0
170 241 0
143 235 0
1 16 0
144 6 0
0 80 0
146 0 0
98 3 0
138 7 0
62 4 0
6 64 0
47 11 0
187 0 0
44 3 0
0 76 0
65 6 0
99 4 0
62 0 0
185 0 0
12 11 0
28 1 0
205 0 0
4 39 0
239 89 0
56 240 0
1 55 0
99 74 0
78 0 0
241 54 0
238 201 0
0 23 0
140 0 0
81 3 0
44 2 0
183 5 0
171 0 0
3 7 0
66 9 0
104 241 0
92 3 0
3 88 0
197 43 0
92 11 0
238 47 0
0 65 0
8 118 0
235 122 0
202 1 0
11 6 0
241 204 0
236 122 0
3 0 0
1 77 0
7 9 0
180 13 0
241 102 0
33 241 0
140 45 0
241 89 0
6 6 0
241 51 0
168 0 0
56 7 0
237 134 0
10 47 0
21 241 0
67 0 0
139 241 0
137 25 0
115 11 0
0 128 0
241 88 0
19 8 0
142 241 0
38 10 0
84 7 0
0 48 0
0 47 0
117 2 0
167 241 0
67 5 0
0 168 0
144 2 0
0 153 0
65 241 0
31 11 0
2 89 0
5 8 0
121 241 0
0 1 0
19 17 0
88 39 0
241 112 0
72 6 0
11 0 0
0 98 0
241 67 0
95 240 0
6 2 0
241 45 0
0 32 0
241 129 0
0 140 0
98 8 0
7 61 0
88 41 0
8 97 0
241 64 0
85 4 0
241 52 0
25 17 0
241 50 0
239 48 0
105 1 0
37 85 0
220 0 0
46 11 0
215 7 0
83 8 0
91 8 0
88 8 0
241 166 0
96 0 0
4 48 0
42 12 0
0 90 0
17 241 0
99 5 0
0 185 0
78 4 0
36 5 0
0 3 0
91 2 0
147 241 0
0 201 0
9 2 0
96 4 0
84 4 0
14 8 0
240 151 0
191 0 0
232 204 0
241 59 0
241 178 0
2 7 0
241 207 0
0 20 0
229 0 0
241 205 0
25 241 0
2 24 0
233 3 0
22 10 0
238 123 0
241 31 0
0 208 0
241 154 0
25 1 0
97 241 0
111 27 0
0 31 0
96 7 0
229 173 0
2 2 0
234 0 0
35 0 0
0 102 0
34 3 0
198 3 0
24 5 0
38 0 0
51 7 0
186 0 0
93 2 0
35 6 0
1 207 0
19 5 0
217 114 0
217 1 0
20 127 0
239 154 0
96 12 0
2 0 0
31 0 0
100 241 0
0 39 0
208 0 0
16 0 0
135 5 0
0 54 0
123 5 0
37 66 0
222 44 0
79 3 0
0 40 0
114 7 0
92 0 0
39 107 0
37 105 0
163 1 0
198 5 0
0 69 0
11 15 0
106 7 0
120 30 0
3 241 0
87 11 0
51 11 0
241 131 0
194 5 0
216 5 0
129 2 0
216 240 0
1 94 0
130 5 0
229 194 0
134 0 0
241 180 0
165 0 0
56 2 0
1 0 0
50 8 0
63 4 0
0 180 0
1 74 0
153 0 0
13 11 0
101 127 0
41 8 0
1 10 0
241 11 0
231 0 0
232 0 0
107 0 0
0 221 0
104 4 0
158 3 0
56 8 0
54 1 0
71 3 0
125 0 0
241 61 0
191 9 0
0 194 0
36 11 0
145 7 0
241 62 0
62 8 0
241 179 0
239 192 0
240 56 0
104 240 0
51 241 0
32 7 0
0 176 0
95 0 0
105 14 0
110 6 0
83 1 0
67 241 0
83 5 0
186 5 0
228 0 0
16 6 0
205 241 0
1 97 0
4 0 0
88 6 0
0 52 0
14 241 0
20 4 0
186 241 0
45 1 0
193 1 0
228 227 0
85 3 0
18 1 0
37 0 0
57 1 0
1 179 0
31 241 0
0 126 0
24 9 0
29 5 0
37 1 0
107 239 0
35 9 0
67 1 0
71 1 0
1 91 0
59 6 0
109 12 0
3 208 0
179 0 0
33 3 0
94 2 0
33 6 0
86 9 0
13 9 0
38 18 0
36 238 0
92 10 0
240 96 0
97 51 0
81 5 0
171 3 0
165 240 0
0 55 0
235 201 0
240 154 0
43 15 0
61 3 0
9 3 0
10 5 0
241 200 0
11 76 0
174 241 0
163 241 0
24 6 0
35 3 0
86 12 0
235 241 0
9 18 0
241 201 0
115 0 0
65 5 0
1 126 0
228 77 0
41 5 0
208 4 0
238 122 0
222 8 0
0 192 0
165 241 0
1 194 0
8 15 0
240 88 0
85 241 0
182 6 0
47 240 0
29 11 0
41 154 0
0 28 0
18 10 0
84 0 0
37 13 0
47 6 0
241 99 0
241 101 0
145 0 0
239 97 0
4 5 0
188 0 0
6 37 0
8 7 0
241 152 0
1 168 0
0 14 0
90 3 0
0 13 0
75 7 0
72 241 0
1 169 0
171 241 0
105 241 0
133 0 0
241 14 0
2 8 0
15 241 0
69 241 0
228 159 0
7 3 0
50 3 0
0 131 0
163 8 0
116 8 0
90 7 0
40 13 0
172 0 0
62 1 0
119 7 0
239 111 0
20 12 0
98 5 0
99 9 0
141 9 0
27 9 0
11 241 0
30 12 0
28 11 0
56 3 0
31 12 0
11 14 0
7 8 0
1 50 0
14 15 0
1 123 0
178 0 0
35 11 0
30 0 0
163 0 0
0 174 0
34 11 0
241 111 0
15 94 0
28 0 0
36 10 0
241 105 0
38 11 0
0 71 0
6 9 0
164 11 0
241 169 0
162 241 0
82 8 0
53 11 0
0 110 0
55 12 0
239 147 0
23 212 0
39 0 0
132 0 0
2 71 0
101 0 0
0 138 0
70 1 0
6 74 0
214 2 0
1 101 0
7 75 0
3 75 0
117 7 0
52 241 0
41 14 0
2 100 0
0 75 0
0 100 0
241 91 0
92 7 0
0 101 0
0 135 0
8 152 0
23 9 0
4 15 0
1 165 0
7 192 0
95 2 0
46 86 0
0 225 0
131 6 0
14 74 0
9 16 0
241 146 0
34 15 0
10 13 0
31 14 0
32 14 0
6 0 0
12 14 0
31 15 0
170 0 0
37 15 0
11 216 0
15 4 0
57 154 0
216 7 0
0 43 0
161 241 0
38 19 0
0 157 0
30 16 0
195 236 0
235 0 0
1 21 0
79 0 0
62 241 0
29 17 0
1 105 0
7 59 0
1 58 0
241 138 0
1 60 0
0 61 0
10 6 0
0 60 0
240 134 0
0 58 0
0 59 0
0 106 0
6 102 0
241 72 0
40 188 0
5 6 0
188 6 0
11 57 0
38 22 0
5 24 0
16 122 0
191 230 0
0 22 0
0 7 0
0 24 0
153 5 0
0 25 0
195 241 0
19 3 0
199 241 0
52 10 0
42 8 0
196 241 0
0 38 0
123 0 0
82 241 0
0 91 0
107 6 0
198 241 0
1 199 0
0 21 0
197 241 0
96 155 0
46 14 0
143 8 0
241 27 0
47 27 0
1 40 0
241 149 0
46 27 0
1 12 0
88 0 0
46 239 0
61 241 0
23 3 0
241 157 0
0 165 0
25 10 0
42 1 0
238 114 0
0 210 0
241 57 0
60 241 0
41 3 0
240 112 0
239 115 0
205 4 0
1 9 0
239 114 0
115 241 0
37 103 0
10 17 0
240 114 0
240 137 0
241 140 0
241 141 0
87 241 0
241 119 0
241 115 0
241 116 0
241 118 0
241 117 0
72 5 0
227 108 0
38 240 0
14 5 0
45 238 0
21 4 0
0 10 0
53 241 0
47 241 0
210 0 0
197 1 0
198 9 0
87 43 0
37 222 0
240 49 0
44 14 0
29 15 0
239 10 0
31 21 0
3 4 0
29 14 0
81 2 0
6 16 0
37 9 0
2 46 0
27 11 0
30 11 0
37 3 0
131 5 0
0 230 0
32 25 0
241 156 0
30 13 0
19 0 0
96 123 0
43 12 0
43 4 0
27 8 0
17 4 0
6 5 0
46 10 0
5 3 0
110 0 0
19 4 0
17 1 0
35 10 0
0 6 0
0 5 0
138 0 0
34 0 0
46 0 0
39 26 0
1 6 0
141 27 0
25 191 0
175 16 0
5 4 0
97 0 0
29 0 0
37 4 0
0 9 0
0 34 0
4 2 0
66 1 0
1 163 0
27 7 0
0 173 0
0 146 0
240 76 0
1 167 0
56 9 0
94 13 0
48 10 0
49 166 0
241 155 0
241 144 0
89 2 0
49 12 0
49 186 0
54 4 0
98 51 0
205 3 0
136 240 0
236 202 0
70 5 0
101 189 0
66 4 0
2 241 0
140 240 0
131 241 0
241 168 0
133 241 0
238 196 0
102 241 0
78 1 0
237 0 0
166 241 0
66 14 0
22 28 0
146 241 0
148 241 0
44 0 0
41 179 0
43 1 0
41 238 0
216 228 0
238 195 0
49 1 0
173 0 0
144 241 0
42 240 0
107 58 0
241 196 0
241 198 0
70 4 0
19 241 0
37 241 0
14 3 0
17 6 0
41 13 0
41 56 0
43 6 0
0 87 0
241 121 0
28 5 0
0 77 0
46 7 0
44 15 0
66 0 0
14 7 0
235 9 0
123 7 0
9 6 0
30 7 0
22 6 0
32 9 0
26 9 0
61 5 0
124 3 0
86 6 0
128 2 0
23 5 0
31 13 0
38 15 0
17 7 0
52 4 0
51 1 0
53 1 0
22 2 0
50 2 0
14 2 0
31 10 0
21 3 0
140 8 0
9 15 0
105 4 0
44 1 0
103 14 0
36 2 0
54 7 0
241 73 0
15 6 0
0 160 0
36 240 0
124 0 0
74 9 0
73 2 0
20 11 0
0 57 0
55 4 0
13 8 0
11 13 0
44 241 0
12 1 0
20 3 0
238 161 0
234 203 0
35 4 0
241 46 0
25 2 0
28 4 0
18 2 0
47 1 0
44 8 0
2 3 0
0 18 0
3 6 0
21 2 0
30 241 0
241 167 0
241 106 0
10 3 0
1 114 0
62 69 0
80 0 0
12 5 0
11 4 0
1 8 0
60 6 0
97 4 0
79 241 0
4 4 0
74 3 0
69 7 0
60 5 0
26 12 0
110 4 0
99 7 0
238 0 0
241 43 0
206 0 0
42 4 0
221 0 0
41 7 0
85 0 0
241 177 0
74 0 0
97 1 0
10 10 0
52 8 0
130 241 0
55 6 0
240 23 0
241 41 0
77 241 0
42 74 0
51 0 0
24 0 0
78 7 0
20 0 0
241 38 0
240 25 0
241 68 0
18 6 0
7 7 0
6 11 0
2 180 0
7 0 0
18 3 0
0 187 0
36 3 0
15 5 0
61 1 0
228 75 0
128 0 0
0 116 0
1 115 0
7 6 0
0 233 0
0 237 0
0 171 0
37 12 0
0 199 0
0 235 0
116 3 0
8 3 0
8 59 0
239 102 0
64 241 0
55 3 0
54 5 0
23 6 0
239 156 0
21 5 0
241 212 0
8 66 0
99 1 0
20 5 0
73 3 0
12 10 0
7 83 0
131 0 0
37 7 0
27 4 0
36 233 0
241 114 0
62 72 0
125 240 0
24 28 0
240 202 0
126 241 0
141 241 0
145 241 0
84 8 0
138 241 0
93 6 0
28 241 0
174 0 0
35 239 0
107 3 0
65 240 0
95 241 0
35 241 0
241 40 0
57 0 0
238 16 0
32 241 0
154 6 0
47 5 0
46 12 0
25 5 0
1 190 0
51 2 0
0 236 0
168 240 0
9 8 0
55 10 0
57 3 0
37 5 0
241 5 0
241 203 0
162 1 0
52 0 0
26 7 0
11 17 0
14 0 0
0 198 0
170 12 0
1 201 0
0 232 0
0 204 0
32 8 0
0 228 0
222 241 0
12 13 0
46 9 0
91 241 0
17 214 0
6 22 0
1 29 0
1 38 0
0 136 0
2 99 0
0 35 0
0 73 0
0 99 0
75 240 0
16 1 0
53 239 0
241 15 0
1 226 0
0 62 0
94 241 0
96 241 0
0 239 0
0 226 0
241 80 0
0 227 0
88 104 0
8 8 0
25 7 0
24 11 0
28 2 0
17 11 0
55 11 0
25 6 0
24 12 0
24 75 0
22 241 0
37 231 0
24 241 0
10 9 0
25 8 0
238 206 0
9 4 0
241 21 0
16 2 0
7 5 0
123 2 0
3 2 0
34 1 0
7 1 0
2 4 0
42 6 0
20 137 0
38 6 0
37 179 0
45 2 0
169 5 0
46 1 0
29 10 0
67 2 0
50 1 0
49 25 0
27 0 0
22 15 0
59 9 0
54 241 0
55 0 0
55 241 0
30 4 0
31 9 0
23 0 0
43 241 0
20 135 0
86 10 0
36 14 0
142 7 0
2 140 0
1 139 0
0 169 0
0 197 0
0 142 0
201 0 0
0 104 0
0 141 0
0 163 0
0 118 0
33 10 0
114 8 0
37 56 0
63 241 0
240 95 0
37 237 0
0 143 0
40 22 0
27 241 0
23 241 0
34 241 0
0 164 0
240 190 0
41 6 0
20 241 0
241 210 0
32 15 0
77 10 0
241 181 0
43 8 0
41 240 0
71 14 0
184 0 0
27 10 0
73 241 0
73 4 0
18 241 0
241 161 0
29 2 0
134 8 0
39 9 0
2 1 0
47 7 0
51 5 0
29 3 0
5 5 0
11 3 0
236 145 0
10 2 0
0 130 0
5 7 0
64 3 0
1 95 0
240 18 0
1 147 0
40 8 0
163 240 0
0 196 0
241 95 0
0 234 0
2 88 0
25 15 0
0 158 0
93 0 0
2 210 0
56 6 0
57 5 0
43 7 0
241 96 0
1 92 0
16 13 0
190 0 0
0 212 0
16 7 0
1 211 0
12 3 0
40 10 0
65 2 0
0 215 0
90 83 0
0 218 0
0 209 0
55 33 0
24 10 0
22 18 0
239 18 0
9 241 0
21 104 0
240 21 0
45 15 0
40 0 0
241 71 0
110 27 0
0 112 0
0 181 0
83 2 0
1 141 0
82 0 0
155 0 0
215 0 0
0 145 0
225 178 0
0 189 0
0 144 0
3 1 0
30 5 0
241 44 0
24 22 0
35 7 0
11 7 0
241 34 0
241 107 0
11 2 0
11 1 0
172 241 0
14 1 0
166 4 0
113 241 0
44 4 0
2 14 0
18 5 0
36 7 0
46 8 0
105 0 0
31 5 0
17 3 0
34 2 0
55 5 0
6 3 0
0 184 0
22 1 0
0 222 0
8 2 0
25 4 0
39 4 0
241 22 0
46 6 0
241 47 0
53 6 0
237 46 0
59 2 0
23 8 0
38 1 0
75 1 0
43 0 0
79 4 0
60 3 0
26 8 0
69 2 0
122 8 0
101 162 0
95 239 0
241 162 0
15 1 0
241 164 0
143 13 0
45 239 0
15 13 0
241 76 0
236 159 0
127 241 0
0 121 0
112 241 0
89 122 0
96 237 0
18 0 0
241 170 0
90 241 0
185 202 0
239 167 0
0 94 0
110 241 0
12 241 0
168 3 0
88 5 0
238 112 0
215 6 0
168 9 0
127 3 0
41 12 0
195 3 0
181 0 0
2 130 0
144 0 0
39 3 0
200 0 0
241 176 0
10 4 0
46 241 0
21 7 0
176 5 0
241 2 0
151 0 0
23 96 0
222 7 0
0 231 0
226 114 0
42 15 0
235 133 0
241 42 0
240 0 0
241 55 0
115 6 0
240 14 0
241 134 0
234 48 0
77 4 0
47 0 0
84 5 0
40 5 0
0 64 0
85 56 0
204 2 0
80 5 0
89 112 0
107 241 0
171 6 0
36 89 0
237 75 0
96 158 0
31 4 0
241 19 0
48 88 0
4 45 0
0 154 0
96 11 0
54 6 0
53 2 0
46 81 0
126 12 0
183 241 0
151 240 0
178 10 0
157 241 0
48 2 0
159 241 0
8 241 0
155 241 0
131 240 0
111 241 0
241 174 0
239 103 0
24 4 0
241 108 0
5 96 0
6 95 0
9 0 0
112 5 0
238 103 0
241 77 0
49 241 0
63 2 0
56 14 0
143 0 0
56 5 0
58 5 0
36 1 0
53 7 0
52 5 0
239 91 0
241 17 0
37 240 0
193 0 0
42 241 0
241 97 0
49 152 0
241 98 0
48 0 0
90 2 0
137 0 0
134 241 0
229 187 0
6 10 0
65 13 0
57 240 0
240 9 0
211 0 0
80 241 0
32 4 0
0 238 0
78 241 0
205 6 0
50 4 0
44 5 0
28 7 0
87 4 0
49 4 0
45 5 0
91 12 0
114 0 0
46 2 0
14 6 0
241 148 0
42 5 0
56 4 0
101 98 0
54 9 0
168 222 0
124 241 0
91 7 0
40 4 0
116 4 0
96 148 0
50 12 0
137 10 0
25 25 0
89 109 0
134 5 0
64 7 0
135 10 0
54 2 0
129 6 0
241 127 0
240 20 0
8 6 0
45 7 0
122 0 0
90 0 0
15 0 0
54 3 0
241 39 0
241 28 0
241 23 0
241 187 0
26 10 0
241 192 0
152 241 0
241 191 0
241 193 0
241 188 0
126 90 0
195 0 0
199 240 0
142 0 0
189 0 0
19 28 0
21 27 0
101 241 0
106 241 0
24 240 0
23 28 0
13 4 0
24 29 0
237 42 0
1 217 0
235 43 0
0 133 0
0 217 0
135 4 0
67 6 0
41 25 0
0 93 0
218 7 0
75 5 0
37 55 0
0 49 0
0 96 0
0 115 0
27 12 0
127 6 0
56 241 0
37 109 0
57 241 0
20 136 0
86 0 0
72 0 0
241 120 0
240 155 0
36 241 0
26 241 0
50 7 0
40 51 0
31 240 0
5 241 0
43 240 0
134 53 0
16 241 0
135 6 0
4 241 0
41 241 0
170 7 0
180 0 0
76 241 0
169 0 0
45 0 0
12 0 0
48 16 0
37 6 0
82 240 0
37 78 0
1 5 0
53 4 0
2 60 0
40 1 0
48 4 0
46 5 0
40 7 0
50 11 0
68 5 0
59 8 0
48 3 0
44 6 0
52 2 0
88 4 0
17 9 0
55 2 0
73 7 0
58 2 0
88 137 0
28 6 0
33 13 0
26 2 0
42 2 0
238 89 0
15 2 0
52 7 0
31 6 0
38 241 0
50 9 0
93 241 0
57 2 0
32 3 0
38 2 0
51 6 0
49 2 0
9 5 0
27 6 0
241 90 0
33 0 0
241 182 0
54 0 0
208 241 0
120 0 0
239 241 0
241 183 0
229 241 0
179 241 0
241 215 0
241 190 0
218 241 0
176 241 0
182 241 0
0 216 0
241 224 0
241 236 0
227 241 0
0 240 0
241 218 0
219 241 0
241 233 0
199 0 0
230 0 0
50 0 0
191 241 0
241 232 0
241 189 0
232 241 0
241 219 0
241 185 0
220 241 0
217 241 0
241 234 0
221 241 0
61 0 0
241 237 0
202 241 0
226 241 0
193 241 0
194 241 0
73 0 0
241 228 0
238 241 0
0 206 0
63 0 0
236 241 0
203 241 0
241 220 0
233 241 0
175 241 0
241 230 0
241 222 0
241 217 0
241 231 0
225 241 0
241 229 0
241 235 0
1 241 0
0 214 0
0 229 0
241 186 0
0 200 0
192 241 0
210 241 0
241 227 0
189 241 0
231 241 0
241 199 0
0 190 0
228 241 0
224 241 0
241 223 0
206 241 0
204 241 0
241 158 0
233 0 0
241 213 0
241 226 0
121 0 0
0 193 0
201 241 0
241 113 0
209 241 0
241 147 0
0 195 0
224 0 0
230 241 0
188 241 0
241 221 0
102 0 0
180 241 0
223 241 0
178 241 0
234 241 0
241 216 0
237 241 0
87 0 0
177 241 0
181 241 0
70 0 0
56 0 0
241 238 0
241 214 0
200 241 0
211 241 0
241 225 0
207 241 0
190 241 0
42 0 0
241 184 0
98 0 0
118 0 0
low, high, current -1 -1 8
Confirming Router Algorithm: TIMING_DRIVEN.
T_crit: 6.31462e-08.
T_crit: 6.33422e-08.
T_crit: 6.3145e-08.
T_crit: 6.32484e-08.
T_crit: 6.32388e-08.
T_crit: 6.31342e-08.
T_crit: 6.32388e-08.
T_crit: 6.31532e-08.
T_crit: 6.30416e-08.
T_crit: 6.29287e-08.
T_crit: 6.29287e-08.
T_crit: 6.33517e-08.
T_crit: 6.29394e-08.
T_crit: 6.33625e-08.
T_crit: 6.32388e-08.
T_crit: 6.40925e-08.
T_crit: 6.35553e-08.
T_crit: 6.43006e-08.
T_crit: 6.43006e-08.
T_crit: 6.43006e-08.
T_crit: 6.43006e-08.
T_crit: 6.4612e-08.
T_crit: 6.42993e-08.
T_crit: 6.43006e-08.
T_crit: 6.39796e-08.
T_crit: 6.52409e-08.
T_crit: 6.50293e-08.
T_crit: 6.6067e-08.
T_crit: 6.5858e-08.
T_crit: 6.55418e-08.
T_crit: 6.51257e-08.
T_crit: 6.61684e-08.
T_crit: 6.60377e-08.
T_crit: 6.64824e-08.
T_crit: 6.62254e-08.
T_crit: 6.59578e-08.
T_crit: 6.61659e-08.
T_crit: 6.64786e-08.
T_crit: 6.72139e-08.
T_crit: 6.60638e-08.
T_crit: 6.5543e-08.
T_crit: 6.57498e-08.
T_crit: 6.61722e-08.
T_crit: 6.64824e-08.
T_crit: 6.63777e-08.
T_crit: 6.71039e-08.
T_crit: 6.67938e-08.
T_crit: 6.63752e-08.
T_crit: 6.55526e-08.
T_crit: 6.64646e-08.
Routing failed.
low, high, current 8 -1 16
Confirming Router Algorithm: TIMING_DRIVEN.
T_crit: 6.31462e-08.
T_crit: 6.33422e-08.
T_crit: 6.32388e-08.
T_crit: 6.3145e-08.
T_crit: 6.3145e-08.
T_crit: 6.3145e-08.
T_crit: 6.3145e-08.
T_crit: 6.30308e-08.
T_crit: 6.31354e-08.
T_crit: 6.32388e-08.
T_crit: 6.3032e-08.
T_crit: 6.31354e-08.
T_crit: 6.31354e-08.
T_crit: 6.3032e-08.
T_crit: 6.3032e-08.
T_crit: 6.3032e-08.
T_crit: 6.3032e-08.
T_crit: 6.3032e-08.
T_crit: 6.3032e-08.
T_crit: 6.3032e-08.
T_crit: 6.31354e-08.
T_crit: 6.33339e-08.
T_crit: 6.33339e-08.
T_crit: 6.34399e-08.
T_crit: 6.38807e-08.
T_crit: 6.409e-08.
T_crit: 6.43779e-08.
T_crit: 6.45048e-08.
T_crit: 6.47046e-08.
T_crit: 6.4498e-08.
T_crit: 6.4498e-08.
T_crit: 6.44908e-08.
T_crit: 6.50162e-08.
T_crit: 6.47985e-08.
T_crit: 6.50123e-08.
T_crit: 6.47175e-08.
T_crit: 6.5127e-08.
T_crit: 6.66758e-08.
T_crit: 6.65845e-08.
T_crit: 6.69872e-08.
T_crit: 6.66809e-08.
T_crit: 6.64703e-08.
T_crit: 6.65737e-08.
T_crit: 6.78206e-08.
T_crit: 6.7716e-08.
T_crit: 6.84397e-08.
T_crit: 6.85443e-08.
T_crit: 6.65749e-08.
T_crit: 6.65749e-08.
T_crit: 6.66758e-08.
Routing failed.
low, high, current 16 -1 32
Confirming Router Algorithm: TIMING_DRIVEN.
T_crit: 6.31462e-08.
T_crit: 6.32388e-08.
T_crit: 6.31354e-08.
T_crit: 6.32484e-08.
T_crit: 6.3145e-08.
T_crit: 6.3145e-08.
T_crit: 6.3145e-08.
T_crit: 6.3145e-08.
T_crit: 6.3145e-08.
T_crit: 6.30416e-08.
T_crit: 6.30416e-08.
T_crit: 6.30416e-08.
T_crit: 6.30416e-08.
T_crit: 6.30416e-08.
T_crit: 6.30416e-08.
T_crit: 6.30416e-08.
T_crit: 6.30416e-08.
T_crit: 6.30416e-08.
Successfully routed after 19 routing iterations.
Completed net delay value cross check successfully.
low, high, current 16 32 24
Confirming Router Algorithm: TIMING_DRIVEN.
T_crit: 6.31462e-08.
T_crit: 6.32484e-08.
T_crit: 6.33422e-08.
T_crit: 6.33422e-08.
T_crit: 6.32388e-08.
T_crit: 6.32484e-08.
T_crit: 6.3145e-08.
T_crit: 6.3145e-08.
T_crit: 6.3145e-08.
T_crit: 6.3145e-08.
T_crit: 6.3145e-08.
T_crit: 6.3145e-08.
T_crit: 6.3145e-08.
T_crit: 6.3145e-08.
T_crit: 6.3145e-08.
T_crit: 6.3145e-08.
T_crit: 6.32496e-08.
T_crit: 6.32496e-08.
T_crit: 6.32496e-08.
T_crit: 6.32496e-08.
T_crit: 6.32496e-08.
T_crit: 6.32496e-08.
T_crit: 6.32496e-08.
T_crit: 6.32496e-08.
T_crit: 6.32496e-08.
T_crit: 6.32496e-08.
Successfully routed after 27 routing iterations.
Completed net delay value cross check successfully.
low, high, current 16 24 20
Confirming Router Algorithm: TIMING_DRIVEN.
T_crit: 6.32113e-08.
T_crit: 6.32781e-08.
T_crit: 6.30423e-08.
T_crit: 6.33536e-08.
T_crit: 6.33473e-08.
T_crit: 6.31495e-08.
T_crit: 6.31475e-08.
T_crit: 6.31457e-08.
T_crit: 6.31457e-08.
T_crit: 6.31848e-08.
T_crit: 6.30896e-08.
T_crit: 6.30543e-08.
T_crit: 6.30423e-08.
T_crit: 6.30499e-08.
T_crit: 6.30499e-08.
T_crit: 6.30499e-08.
T_crit: 6.30499e-08.
T_crit: 6.30499e-08.
T_crit: 6.30499e-08.
T_crit: 6.30499e-08.
T_crit: 6.30512e-08.
T_crit: 6.30537e-08.
T_crit: 6.30537e-08.
T_crit: 6.30524e-08.
T_crit: 6.32635e-08.
T_crit: 6.3575e-08.
T_crit: 6.3575e-08.
T_crit: 6.3575e-08.
T_crit: 6.3575e-08.
T_crit: 6.3778e-08.
T_crit: 6.37817e-08.
T_crit: 6.37817e-08.
T_crit: 6.37767e-08.
T_crit: 6.3672e-08.
T_crit: 6.44071e-08.
T_crit: 6.38889e-08.
T_crit: 6.37805e-08.
T_crit: 6.47248e-08.
T_crit: 6.40843e-08.
T_crit: 6.42929e-08.
T_crit: 6.40856e-08.
T_crit: 6.40843e-08.
T_crit: 6.40843e-08.
T_crit: 6.43938e-08.
T_crit: 6.41858e-08.
T_crit: 6.41858e-08.
T_crit: 6.41858e-08.
T_crit: 6.41858e-08.
T_crit: 6.41858e-08.
T_crit: 6.47097e-08.
Routing failed.
low, high, current 20 24 22
Confirming Router Algorithm: TIMING_DRIVEN.
T_crit: 6.2828e-08.
T_crit: 6.31445e-08.
T_crit: 6.29123e-08.
T_crit: 6.30133e-08.
T_crit: 6.31469e-08.
T_crit: 6.32541e-08.
T_crit: 6.32453e-08.
T_crit: 6.32062e-08.
T_crit: 6.32049e-08.
T_crit: 6.32478e-08.
T_crit: 6.32478e-08.
T_crit: 6.32478e-08.
T_crit: 6.33524e-08.
T_crit: 6.33524e-08.
T_crit: 6.3249e-08.
T_crit: 6.32453e-08.
T_crit: 6.32465e-08.
T_crit: 6.32465e-08.
T_crit: 6.32465e-08.
T_crit: 6.32465e-08.
T_crit: 6.32465e-08.
T_crit: 6.32465e-08.
T_crit: 6.32465e-08.
T_crit: 6.32465e-08.
T_crit: 6.32465e-08.
T_crit: 6.34482e-08.
T_crit: 6.34482e-08.
T_crit: 6.34482e-08.
T_crit: 6.34482e-08.
T_crit: 6.34482e-08.
T_crit: 6.34482e-08.
T_crit: 6.34482e-08.
T_crit: 6.34482e-08.
T_crit: 6.34482e-08.
T_crit: 6.34482e-08.
T_crit: 6.34482e-08.
T_crit: 6.34533e-08.
T_crit: 6.34533e-08.
T_crit: 6.34533e-08.
T_crit: 6.34533e-08.
T_crit: 6.33486e-08.
T_crit: 6.33486e-08.
T_crit: 6.33486e-08.
T_crit: 6.36524e-08.
T_crit: 6.36524e-08.
T_crit: 6.36524e-08.
T_crit: 6.36524e-08.
T_crit: 6.38617e-08.
T_crit: 6.38617e-08.
T_crit: 6.33486e-08.
Routing failed.

Checking to ensure routing is legal ...
Completed routing consistency check successfully.

Serial number (magic cookie) for the routing is: 73116960
Best routing used a channel width factor of 24.


Average number of bends per net: 6.77370  Maximum # of bends: 35


The number of routed nets (nonglobal): 2373
Wirelength results (all in units of 1 clb segments):
	Total wirelength: 213393   Average net length: 89.9254
	Maximum net length: 634

Wirelength results in terms of physical segments:
	Total wiring segments used: 107115   Av. wire segments per net: 45.1391
	Maximum segments used by a net: 317


X - Directed channels:

j	max occ	av_occ		capacity
0	24	15.5417  	24
1	24	14.8417  	24
2	23	14.2125  	24
3	24	14.0708  	24
4	24	14.2500  	24
5	24	13.3083  	24
6	24	14.0750  	24
7	24	13.7792  	24
8	24	14.0250  	24
9	24	13.4500  	24
10	22	12.6917  	24
11	23	13.3667  	24
12	22	10.9125  	24
13	21	9.57500  	24
14	20	8.10000  	24
15	16	6.22083  	24
16	15	4.70833  	24
17	9	3.35833  	24
18	8	3.35000  	24
19	5	1.22917  	24
20	7	0.679167 	24
21	7	1.50000  	24
22	5	2.57083  	24
23	11	1.00833  	24
24	9	0.970833 	24
25	9	1.38750  	24
26	7	1.59583  	24
27	8	3.03750  	24
28	6	1.42917  	24
29	4	1.27500  	24
30	7	2.45417  	24
31	8	1.39167  	24
32	4	1.14167  	24
33	6	0.350000 	24
34	4	0.0791667	24
35	4	0.104167 	24
36	4	0.462500 	24
37	6	0.158333 	24
38	5	1.39583  	24
39	6	2.84167  	24
40	4	0.416667 	24
41	4	0.312500 	24
42	6	3.13333  	24
43	5	0.808333 	24
44	9	1.57500  	24
45	7	1.67083  	24
46	6	1.22500  	24
47	5	1.07083  	24
48	8	0.466667 	24
49	6	1.32083  	24
50	9	2.15833  	24
51	6	0.837500 	24
52	5	0.500000 	24
53	2	0.920833 	24
54	2	0.316667 	24
55	4	0.370833 	24
56	6	0.816667 	24
57	6	0.983333 	24
58	7	1.40417  	24
59	8	0.195833 	24
60	5	0.450000 	24
61	3	0.0291667	24
62	3	0.283333 	24
63	5	0.141667 	24
64	3	0.0916667	24
65	3	0.775000 	24
66	4	0.162500 	24
67	6	0.154167 	24
68	2	0.666667 	24
69	4	0.0666667	24
70	3	0.383333 	24
71	6	0.566667 	24
72	5	0.404167 	24
73	7	0.491667 	24
74	8	2.75417  	24
75	5	0.820833 	24
76	4	1.28333  	24
77	3	0.612500 	24
78	3	0.545833 	24
79	4	0.104167 	24
80	5	0.0666667	24
81	2	0.0375000	24
82	5	0.479167 	24
83	4	0.683333 	24
84	6	1.31250  	24
85	5	1.07917  	24
86	6	1.72083  	24
87	7	1.43750  	24
88	6	1.51667  	24
89	6	1.45833  	24
90	7	2.09583  	24
91	8	0.175000 	24
92	7	0.300000 	24
93	5	0.120833 	24
94	5	0.312500 	24
95	7	0.395833 	24
96	5	0.600000 	24
97	8	1.42917  	24
98	12	1.06250  	24
99	8	0.579167 	24
100	5	0.437500 	24
101	5	1.90833  	24
102	5	1.69167  	24
103	4	0.312500 	24
104	5	0.666667 	24
105	4	1.13333  	24
106	4	0.254167 	24
107	4	0.591667 	24
108	3	0.662500 	24
109	3	0.570833 	24
110	4	0.125000 	24
111	6	0.145833 	24
112	4	1.32500  	24
113	10	1.38333  	24
114	5	0.345833 	24
115	4	0.0916667	24
116	4	0.0791667	24
117	4	0.658333 	24
118	5	0.133333 	24
119	3	1.15000  	24
120	3	1.19583  	24
121	7	0.462500 	24
122	6	0.429167 	24
123	6	0.920833 	24
124	2	0.0708333	24
125	5	0.800000 	24
126	5	0.329167 	24
127	6	0.437500 	24
128	4	0.125000 	24
129	6	0.100000 	24
130	2	0.766667 	24
131	4	0.454167 	24
132	2	0.125000 	24
133	5	0.183333 	24
134	4	0.216667 	24
135	6	0.375000 	24
136	5	0.912500 	24
137	1	0.0166667	24
138	3	0.0375000	24
139	4	0.783333 	24
140	5	1.25833  	24
141	4	0.0625000	24
142	4	0.329167 	24
143	3	0.0375000	24
144	5	0.0958333	24
145	1	0.0166667	24
146	4	0.112500 	24
147	3	0.112500 	24
148	4	0.358333 	24
149	3	1.16667  	24
150	4	0.0791667	24
151	4	0.783333 	24
152	2	0.0458333	24
153	6	0.945833 	24
154	5	1.44167  	24
155	5	0.108333 	24
156	2	0.0416667	24
157	5	0.562500 	24
158	4	0.679167 	24
159	4	0.750000 	24
160	7	0.879167 	24
161	4	0.412500 	24
162	4	0.608333 	24
163	7	0.762500 	24
164	5	0.141667 	24
165	5	0.975000 	24
166	4	0.345833 	24
167	3	0.0375000	24
168	4	0.350000 	24
169	4	0.0375000	24
170	2	0.241667 	24
171	5	0.0541667	24
172	3	0.687500 	24
173	1	0.0416667	24
174	1	0.300000 	24
175	3	0.512500 	24
176	3	0.0375000	24
177	4	0.100000 	24
178	9	0.441667 	24
179	5	0.575000 	24
180	4	0.945833 	24
181	3	0.983333 	24
182	2	0.587500 	24
183	4	0.0750000	24
184	2	1.12083  	24
185	3	0.441667 	24
186	5	1.88333  	24
187	4	0.200000 	24
188	4	0.341667 	24
189	5	0.958333 	24
190	3	0.141667 	24
191	4	0.179167 	24
192	2	0.0833333	24
193	5	0.895833 	24
194	6	0.312500 	24
195	4	0.116667 	24
196	2	0.333333 	24
197	2	0.0208333	24
198	4	0.204167 	24
199	3	0.450000 	24
200	5	1.01250  	24
201	5	0.325000 	24
202	3	0.0916667	24
203	7	0.416667 	24
204	4	0.125000 	24
205	5	0.133333 	24
206	3	0.0791667	24
207	4	0.158333 	24
208	3	0.0583333	24
209	6	0.0708333	24
210	6	0.275000 	24
211	6	0.704167 	24
212	6	0.900000 	24
213	5	1.73750  	24
214	4	0.779167 	24
215	4	1.04167  	24
216	2	0.150000 	24
217	2	0.375000 	24
218	1	0.0375000	24
219	3	1.09167  	24
220	1	0.00416667	24
221	3	0.0500000	24
222	7	3.66250  	24
223	5	0.0833333	24
224	1	0.0125000	24
225	5	0.754167 	24
226	4	0.658333 	24
227	3	0.820833 	24
228	3	1.54583  	24
229	4	1.60000  	24
230	3	0.120833 	24
231	2	0.125000 	24
232	3	0.275000 	24
233	2	0.766667 	24
234	3	0.0541667	24
235	4	1.06667  	24
236	7	1.47083  	24
237	15	5.85833  	24
238	20	8.64167  	24
239	20	9.80000  	24
240	21	12.5917  	24

Y - Directed channels:

i	max occ	av_occ		capacity
0	22	13.0125  	24
1	17	9.64167  	24
2	13	8.88750  	24
3	14	8.42917  	24
4	16	9.20417  	24
5	15	7.80417  	24
6	15	7.06667  	24
7	15	7.20833  	24
8	14	5.49167  	24
9	15	4.42083  	24
10	13	5.00833  	24
11	14	3.72083  	24
12	14	3.93750  	24
13	14	4.14167  	24
14	16	1.58750  	24
15	20	2.77083  	24
16	17	2.74583  	24
17	18	3.76250  	24
18	19	1.63333  	24
19	20	3.32500  	24
20	19	2.18333  	24
21	21	3.63333  	24
22	18	3.81667  	24
23	17	5.26667  	24
24	16	6.29583  	24
25	17	2.17500  	24
26	20	2.35417  	24
27	20	3.35417  	24
28	17	2.93750  	24
29	18	3.56667  	24
30	19	1.47083  	24
31	17	4.50000  	24
32	21	3.65000  	24
33	17	1.87083  	24
34	17	1.68333  	24
35	17	4.46250  	24
36	18	3.97500  	24
37	19	7.06250  	24
38	18	5.12500  	24
39	19	6.34167  	24
40	20	6.65833  	24
41	19	4.13750  	24
42	13	2.39583  	24
43	19	2.01250  	24
44	18	1.40833  	24
45	17	5.41667  	24
46	20	5.47917  	24
47	15	4.11250  	24
48	16	2.32917  	24
49	17	3.70000  	24
50	15	2.77917  	24
51	18	2.27083  	24
52	19	3.25000  	24
53	18	2.78333  	24
54	15	4.74583  	24
55	15	2.68750  	24
56	14	5.08333  	24
57	13	4.17917  	24
58	13	0.495833 	24
59	15	0.804167 	24
60	12	0.425000 	24
61	10	1.37083  	24
62	12	0.554167 	24
63	15	3.67917  	24
64	10	0.508333 	24
65	10	1.59583  	24
66	9	1.24167  	24
67	9	0.316667 	24
68	8	1.27500  	24
69	10	2.42083  	24
70	11	0.375000 	24
71	11	1.39583  	24
72	9	0.945833 	24
73	9	2.18750  	24
74	9	1.20417  	24
75	8	1.64167  	24
76	7	1.59167  	24
77	10	0.558333 	24
78	12	3.05417  	24
79	9	0.825000 	24
80	12	0.558333 	24
81	13	2.06250  	24
82	13	0.508333 	24
83	13	2.43750  	24
84	16	1.71667  	24
85	12	2.57917  	24
86	12	3.62500  	24
87	14	2.46250  	24
88	10	2.33333  	24
89	7	2.60833  	24
90	14	1.87917  	24
91	12	1.39167  	24
92	12	1.17917  	24
93	8	3.40833  	24
94	10	3.15833  	24
95	10	2.07083  	24
96	8	1.80833  	24
97	10	5.55833  	24
98	12	3.12083  	24
99	12	3.65417  	24
100	9	1.74167  	24
101	6	2.30417  	24
102	8	0.595833 	24
103	8	1.84583  	24
104	10	1.63750  	24
105	11	1.59167  	24
106	7	1.15417  	24
107	10	1.06250  	24
108	7	1.89167  	24
109	9	2.77917  	24
110	12	2.17500  	24
111	6	1.90417  	24
112	7	0.545833 	24
113	5	0.300000 	24
114	8	1.25833  	24
115	7	0.229167 	24
116	8	2.51667  	24
117	9	1.12083  	24
118	10	0.512500 	24
119	7	1.22917  	24
120	8	0.241667 	24
121	8	0.233333 	24
122	7	0.250000 	24
123	10	0.379167 	24
124	7	0.358333 	24
125	5	0.841667 	24
126	8	1.92917  	24
127	6	0.508333 	24
128	10	1.38750  	24
129	8	1.89583  	24
130	10	1.20833  	24
131	6	1.11250  	24
132	5	0.137500 	24
133	11	0.341667 	24
134	9	1.33750  	24
135	7	3.41250  	24
136	7	0.912500 	24
137	4	0.154167 	24
138	6	1.39167  	24
139	5	1.17500  	24
140	9	2.42500  	24
141	9	0.287500 	24
142	12	2.27917  	24
143	6	1.34167  	24
144	8	1.17500  	24
145	8	0.833333 	24
146	7	0.204167 	24
147	4	0.333333 	24
148	5	0.525000 	24
149	4	0.137500 	24
150	5	1.12083  	24
151	3	0.133333 	24
152	5	1.14167  	24
153	6	0.495833 	24
154	5	0.587500 	24
155	3	1.04583  	24
156	5	0.245833 	24
157	6	0.154167 	24
158	8	0.208333 	24
159	7	0.933333 	24
160	7	0.270833 	24
161	7	0.616667 	24
162	7	1.82083  	24
163	4	0.183333 	24
164	5	2.81667  	24
165	7	1.17083  	24
166	6	1.17083  	24
167	5	0.200000 	24
168	8	2.04583  	24
169	7	0.387500 	24
170	6	1.21250  	24
171	8	0.262500 	24
172	3	0.0583333	24
173	4	0.100000 	24
174	6	0.179167 	24
175	5	1.14167  	24
176	5	0.170833 	24
177	4	0.925000 	24
178	5	1.17083  	24
179	7	1.59167  	24
180	6	0.179167 	24
181	5	0.800000 	24
182	8	0.983333 	24
183	7	1.87500  	24
184	5	1.24583  	24
185	5	0.420833 	24
186	6	2.57917  	24
187	6	0.141667 	24
188	4	0.812500 	24
189	4	0.262500 	24
190	5	0.191667 	24
191	3	1.30833  	24
192	4	0.929167 	24
193	5	1.20833  	24
194	4	0.716667 	24
195	5	1.03750  	24
196	7	0.312500 	24
197	7	1.20833  	24
198	6	0.287500 	24
199	5	0.608333 	24
200	6	1.18750  	24
201	4	0.229167 	24
202	5	0.225000 	24
203	6	0.491667 	24
204	7	0.454167 	24
205	5	0.150000 	24
206	4	0.483333 	24
207	9	2.46250  	24
208	6	0.162500 	24
209	5	0.137500 	24
210	2	0.437500 	24
211	2	0.0125000	24
212	4	1.67917  	24
213	4	0.325000 	24
214	7	0.479167 	24
215	7	1.12500  	24
216	5	0.162500 	24
217	5	1.41667  	24
218	4	1.07917  	24
219	6	1.68333  	24
220	2	0.116667 	24
221	5	0.695833 	24
222	5	1.99583  	24
223	2	0.345833 	24
224	5	0.995833 	24
225	2	1.06667  	24
226	4	1.28750  	24
227	5	1.07500  	24
228	5	2.08333  	24
229	3	0.854167 	24
230	4	1.79167  	24
231	3	1.05000  	24
232	6	2.11250  	24
233	8	2.82500  	24
234	7	2.40417  	24
235	5	1.70000  	24
236	9	3.62917  	24
237	9	2.81667  	24
238	11	3.99583  	24
239	12	6.40000  	24
240	16	8.36250  	24

Total Tracks in X-direction: 5784  in Y-direction: 5784

Logic Area (in minimum width transistor areas):
Total Logic Area: 1.728e+09  Per 1x1 logic tile: 30000

Routing area (in minimum width transistor areas):
Total Routing Area: 1.76658e+08  Per logic tile: 3066.98

Segment usage by type (index):
Segment type       Fractional utilization
------------       ----------------------
       0                  0.0768

Segment usage by length:
Segment length       Fractional utilization
--------------       ----------------------
        2                   0.0768

Critical Path: 6.32496e-08 (s)

Time elapsed (PLACE&ROUTE): 16215706.136000 ms


Time elapsed (Fernando): 16215706.150000 ms

