
VPR FPGA Placement and Routing.
Version: Version 5.0.2
Compiled: Dec 11 2020.
Original VPR by V. Betz.
Timing-driven placement enhancements by A. Marquardt.
Single-drivers enhancements by Andy Ye with additions by.
Mark Fang, Jason Luu, Ted Campbell
Heterogeneous stucture support by Jason Luu and Ted Campbell.
This code is licensed only for non-commercial use.

Auto-sizing FPGA, try x = 25 y = 25
Auto-sizing FPGA, try x = 50 y = 50
Auto-sizing FPGA, try x = 100 y = 100
Auto-sizing FPGA, try x = 50 y = 50
Auto-sizing FPGA, try x = 75 y = 75
Auto-sizing FPGA, try x = 87 y = 87
Auto-sizing FPGA, try x = 93 y = 93
Auto-sizing FPGA, try x = 96 y = 96
Auto-sizing FPGA, try x = 98 y = 98
Auto-sizing FPGA, try x = 99 y = 99
Auto-sizing FPGA, try x = 99 y = 99
FPGA auto-sized to, x = 100 y = 100

Resource Usage:
Netlist      0	blocks of type <EMPTY>
Architecture 4	blocks of type <EMPTY>
Netlist      400	blocks of type .io
Architecture 400	blocks of type .io
Netlist      236	blocks of type .clb
Architecture 10000	blocks of type .clb

Timing analysis: ON

Operation:  ROUTE_ONLY

PlacerOpts.place_freq:  PLACE_NEVER

RouterOpts.route_type:  DETAILED
RouterOpts.router_algorithm:  TIMING_DRIVEN
RouterOpts.base_cost_type:  DELAY_NORMALIZED
RouterOpts.fixed_channel_width:  NO_FIXED_CHANNEL_WIDTH
RouterOpts.acc_fac:  1.000000
RouterOpts.bb_factor:  3
RouterOpts.bend_cost:  0.000000
RouterOpts.first_iter_pres_fac:  0.500000
RouterOpts.initial_pres_fac:  0.500000
RouterOpts.pres_fac_mult:  1.300000
RouterOpts.max_router_iterations:  50
RouterOpts.astar_fac:  1.200000
RouterOpts.criticality_exp:  1.000000
RouterOpts.max_criticality:  0.990000

RoutingArch.directionality:  UNI_DIRECTIONAL
RoutingArch.switch_block_type:  WILTON
RoutingArch.Fs:  3

The circuit will be mapped into a 100 x 100 array of clbs.

Netlist num_nets:  468
Netlist num_blocks:  636
Netlist inputs pins:  232
Netlist output pins:  168

4 1 0
76 1 0
75 1 0
76 0 0
101 86 0
101 47 0
1 74 0
0 79 0
1 79 0
57 1 0
56 1 0
101 31 0
93 2 0
41 101 0
41 100 0
48 101 0
15 101 0
93 1 0
101 65 0
25 101 0
101 10 0
5 1 0
34 101 0
100 5 0
54 101 0
101 24 0
99 54 0
80 101 0
1 52 0
0 52 0
0 45 0
100 52 0
100 54 0
9 1 0
28 0 0
9 0 0
100 53 0
101 54 0
100 55 0
0 61 0
101 8 0
44 101 0
42 1 0
42 0 0
41 1 0
100 70 0
92 1 0
101 36 0
69 0 0
100 66 0
101 66 0
1 67 0
66 101 0
1 68 0
0 78 0
1 75 0
20 0 0
2 37 0
4 0 0
0 33 0
73 101 0
101 67 0
0 89 0
100 67 0
18 0 0
100 7 0
46 100 0
45 100 0
100 6 0
1 36 0
12 1 0
34 0 0
0 10 0
39 1 0
101 73 0
100 95 0
12 0 0
101 95 0
79 1 0
22 1 0
57 101 0
79 0 0
0 57 0
0 22 0
21 1 0
43 2 0
22 0 0
3 1 0
64 0 0
100 94 0
101 91 0
94 1 0
1 86 0
1 10 0
95 2 0
59 1 0
59 0 0
58 1 0
2 86 0
101 40 0
0 86 0
27 0 0
0 20 0
2 20 0
101 89 0
23 1 0
1 51 0
56 0 0
0 62 0
1 50 0
57 0 0
1 49 0
25 100 0
0 85 0
82 1 0
95 100 0
94 2 0
81 1 0
96 101 0
101 9 0
43 1 0
50 101 0
94 0 0
26 101 0
26 100 0
82 100 0
0 74 0
83 99 0
32 99 0
100 4 0
32 101 0
33 100 0
38 101 0
100 17 0
100 33 0
29 100 0
77 1 0
0 32 0
101 21 0
0 17 0
36 0 0
62 100 0
97 100 0
101 6 0
3 100 0
35 100 0
32 98 0
24 0 0
84 100 0
99 32 0
1 70 0
4 100 0
2 36 0
0 70 0
24 100 0
47 0 0
6 101 0
41 0 0
101 87 0
12 100 0
72 0 0
30 0 0
0 1 0
101 79 0
101 23 0
0 50 0
70 0 0
0 65 0
2 0 0
0 54 0
39 0 0
6 100 0
1 85 0
2 51 0
100 75 0
84 101 0
11 100 0
54 100 0
100 74 0
99 101 0
29 1 0
101 80 0
45 101 0
1 25 0
101 2 0
71 101 0
2 65 0
0 64 0
101 1 0
1 64 0
78 2 0
2 50 0
100 41 0
1 46 0
101 3 0
0 68 0
73 0 0
101 35 0
94 100 0
1 47 0
101 16 0
23 100 0
2 46 0
51 101 0
101 33 0
87 101 0
101 30 0
35 101 0
2 67 0
60 101 0
93 100 0
24 101 0
101 4 0
101 75 0
29 0 0
0 63 0
1 19 0
0 36 0
2 47 0
76 3 0
1 48 0
58 101 0
100 32 0
101 13 0
101 7 0
0 18 0
101 55 0
0 44 0
55 0 0
78 1 0
45 2 0
46 101 0
46 1 0
59 101 0
63 101 0
92 101 0
1 16 0
100 31 0
96 100 0
100 96 0
19 100 0
94 101 0
0 16 0
0 91 0
100 21 0
78 0 0
51 0 0
100 77 0
76 2 0
1 2 0
9 101 0
100 92 0
74 101 0
96 0 0
100 3 0
1 61 0
90 101 0
0 6 0
85 101 0
96 1 0
51 1 0
1 23 0
72 1 0
101 17 0
100 64 0
93 0 0
37 0 0
42 101 0
100 76 0
101 29 0
95 1 0
100 68 0
22 2 0
100 65 0
1 55 0
100 35 0
83 100 0
83 0 0
53 0 0
32 0 0
1 65 0
46 2 0
0 47 0
62 0 0
101 68 0
83 101 0
100 2 0
101 52 0
99 64 0
5 101 0
78 3 0
28 1 0
58 2 0
99 4 0
31 100 0
44 0 0
96 99 0
1 78 0
100 100 0
47 1 0
101 64 0
101 100 0
19 101 0
4 101 0
101 70 0
46 0 0
50 1 0
100 15 0
2 1 0
28 101 0
100 13 0
101 57 0
82 0 0
12 101 0
100 12 0
1 77 0
101 60 0
100 80 0
101 49 0
67 101 0
99 74 0
63 99 0
2 55 0
11 1 0
29 101 0
99 77 0
101 77 0
2 74 0
0 7 0
58 0 0
32 100 0
61 0 0
100 14 0
86 100 0
98 0 0
56 101 0
100 34 0
53 101 0
15 0 0
100 69 0
99 3 0
101 50 0
100 16 0
100 50 0
23 101 0
79 101 0
99 33 0
13 101 0
0 92 0
0 19 0
2 19 0
3 50 0
101 41 0
70 1 0
101 88 0
1 18 0
71 1 0
0 5 0
94 3 0
2 49 0
1 4 0
0 99 0
34 100 0
2 23 0
2 78 0
0 41 0
65 101 0
0 69 0
58 3 0
88 100 0
54 0 0
101 92 0
11 101 0
101 84 0
0 37 0
101 15 0
1 37 0
80 0 0
101 71 0
30 100 0
69 1 0
100 40 0
31 101 0
1 38 0
98 101 0
31 99 0
101 20 0
100 79 0
99 79 0
31 0 0
2 77 0
100 62 0
100 78 0
1 80 0
1 73 0
0 3 0
100 49 0
71 0 0
0 49 0
87 100 0
100 61 0
88 101 0
89 100 0
9 2 0
100 87 0
85 100 0
0 28 0
87 99 0
77 0 0
8 1 0
101 74 0
0 23 0
52 101 0
1 22 0
99 65 0
3 101 0
2 100 0
88 0 0
0 77 0
1 24 0
0 80 0
47 101 0
18 101 0
100 1 0
0 40 0
99 1 0
2 10 0
100 86 0
100 91 0
77 101 0
99 2 0
1 20 0
0 55 0
0 30 0
101 93 0
100 63 0
0 51 0
101 58 0
101 62 0
0 15 0
0 46 0
98 1 0
0 2 0
99 5 0
2 2 0
0 4 0
66 0 0
5 0 0
1 33 0
1 35 0
1 1 0
101 83 0
68 0 0
22 100 0
65 100 0
101 5 0
65 99 0
37 101 0
64 100 0
101 78 0
1 3 0
87 0 0
100 83 0
101 98 0
63 100 0
45 1 0
0 100 0
99 78 0
64 101 0
97 101 0
95 0 0
86 101 0
0 48 0
86 99 0
64 99 0
84 0 0
81 0 0
0 82 0
7 0 0
40 101 0
19 0 0
101 56 0
72 101 0
0 58 0
101 53 0
0 56 0
45 0 0
40 0 0
101 81 0
17 0 0
101 43 0
0 71 0
0 38 0
0 59 0
0 13 0
101 11 0
101 34 0
38 0 0
0 96 0
25 0 0
21 0 0
43 0 0
101 94 0
91 0 0
0 12 0
92 0 0
0 87 0
0 27 0
23 0 0
101 46 0
10 101 0
86 0 0
91 101 0
89 0 0
85 0 0
8 101 0
21 101 0
43 101 0
27 101 0
74 0 0
69 101 0
100 101 0
39 101 0
22 101 0
81 101 0
0 83 0
2 101 0
14 101 0
7 101 0
101 85 0
0 53 0
0 76 0
55 101 0
33 0 0
0 25 0
49 101 0
70 101 0
0 42 0
0 31 0
16 101 0
101 42 0
75 0 0
101 28 0
48 0 0
101 14 0
101 32 0
95 101 0
101 96 0
20 101 0
35 0 0
101 97 0
0 8 0
75 101 0
101 27 0
99 0 0
52 0 0
101 22 0
65 0 0
0 60 0
101 76 0
97 0 0
76 101 0
101 69 0
101 38 0
82 101 0
0 67 0
11 0 0
26 0 0
0 9 0
93 101 0
0 95 0
101 99 0
49 0 0
50 0 0
101 25 0
6 0 0
0 14 0
101 12 0
0 81 0
0 75 0
62 101 0
0 94 0
101 72 0
36 101 0
89 101 0
101 37 0
101 26 0
8 0 0
101 44 0
0 34 0
101 19 0
101 51 0
60 0 0
101 18 0
67 0 0
90 0 0
101 48 0
1 0 0
0 24 0
0 97 0
0 43 0
33 101 0
63 0 0
101 39 0
0 39 0
30 101 0
0 93 0
0 73 0
101 59 0
101 82 0
1 101 0
0 72 0
101 45 0
101 61 0
78 101 0
10 0 0
0 90 0
0 21 0
0 66 0
16 0 0
14 0 0
0 11 0
0 88 0
101 90 0
13 0 0
0 26 0
101 63 0
100 0 0
0 29 0
0 35 0
3 0 0
17 101 0
68 101 0
0 84 0
61 101 0
0 98 0
low, high, current -1 -1 8
Confirming Router Algorithm: TIMING_DRIVEN.
T_crit: 2.04466e-08.
T_crit: 2.04466e-08.
T_crit: 2.04466e-08.
T_crit: 2.04466e-08.
T_crit: 2.04869e-08.
T_crit: 2.04869e-08.
T_crit: 2.04869e-08.
T_crit: 2.04869e-08.
T_crit: 2.04869e-08.
T_crit: 2.04869e-08.
T_crit: 2.04869e-08.
T_crit: 2.04869e-08.
Successfully routed after 13 routing iterations.
Completed net delay value cross check successfully.
low, high, current -1 8 4
Confirming Router Algorithm: TIMING_DRIVEN.
T_crit: 2.08204e-08.
T_crit: 2.08204e-08.
T_crit: 2.08204e-08.
T_crit: 2.08204e-08.
T_crit: 2.07157e-08.
T_crit: 2.08204e-08.
T_crit: 2.07157e-08.
T_crit: 2.07157e-08.
T_crit: 2.07157e-08.
T_crit: 2.08204e-08.
T_crit: 2.08204e-08.
T_crit: 2.08204e-08.
T_crit: 2.08204e-08.
T_crit: 2.08204e-08.
T_crit: 2.08204e-08.
T_crit: 2.08204e-08.
T_crit: 2.08204e-08.
T_crit: 2.08204e-08.
T_crit: 2.08204e-08.
T_crit: 2.08204e-08.
T_crit: 2.08204e-08.
T_crit: 2.08204e-08.
T_crit: 2.08204e-08.
T_crit: 2.08204e-08.
T_crit: 2.08204e-08.
T_crit: 2.08204e-08.
T_crit: 2.0925e-08.
T_crit: 2.08204e-08.
T_crit: 2.0925e-08.
T_crit: 2.11343e-08.
T_crit: 2.08204e-08.
T_crit: 2.13436e-08.
T_crit: 2.10297e-08.
T_crit: 2.10297e-08.
T_crit: 2.08204e-08.
T_crit: 2.08204e-08.
T_crit: 2.08204e-08.
T_crit: 2.08204e-08.
T_crit: 2.08204e-08.
T_crit: 2.08204e-08.
T_crit: 2.08204e-08.
T_crit: 2.08204e-08.
T_crit: 2.08204e-08.
T_crit: 2.08204e-08.
T_crit: 2.08204e-08.
T_crit: 2.08204e-08.
T_crit: 2.08204e-08.
T_crit: 2.08204e-08.
T_crit: 2.08204e-08.
T_crit: 2.10297e-08.
Routing failed.
low, high, current 4 8 6
Confirming Router Algorithm: TIMING_DRIVEN.
T_crit: 2.07076e-08.
T_crit: 2.07076e-08.
T_crit: 2.09086e-08.
T_crit: 2.08027e-08.
T_crit: 2.0804e-08.
T_crit: 2.08027e-08.
T_crit: 2.07076e-08.
T_crit: 2.07076e-08.
T_crit: 2.07076e-08.
T_crit: 2.07076e-08.
T_crit: 2.07076e-08.
T_crit: 2.07076e-08.
T_crit: 2.07076e-08.
T_crit: 2.07076e-08.
T_crit: 2.07076e-08.
T_crit: 2.07076e-08.
T_crit: 2.07076e-08.
T_crit: 2.07076e-08.
T_crit: 2.07076e-08.
T_crit: 2.07076e-08.
T_crit: 2.07076e-08.
T_crit: 2.07076e-08.
T_crit: 2.07076e-08.
T_crit: 2.07076e-08.
T_crit: 2.07076e-08.
T_crit: 2.07076e-08.
T_crit: 2.07076e-08.
T_crit: 2.07076e-08.
T_crit: 2.07076e-08.
T_crit: 2.07076e-08.
T_crit: 2.07076e-08.
T_crit: 2.07076e-08.
T_crit: 2.07076e-08.
T_crit: 2.07076e-08.
T_crit: 2.07076e-08.
T_crit: 2.07076e-08.
T_crit: 2.07076e-08.
T_crit: 2.07076e-08.
T_crit: 2.07076e-08.
T_crit: 2.07076e-08.
T_crit: 2.07076e-08.
T_crit: 2.07076e-08.
T_crit: 2.07076e-08.
T_crit: 2.07076e-08.
T_crit: 2.07076e-08.
T_crit: 2.07076e-08.
T_crit: 2.07076e-08.
T_crit: 2.07076e-08.
T_crit: 2.07076e-08.
T_crit: 2.07076e-08.
Routing failed.

Checking to ensure routing is legal ...
Completed routing consistency check successfully.

Serial number (magic cookie) for the routing is: 489157742
Best routing used a channel width factor of 8.


Average number of bends per net: 5.21581  Maximum # of bends: 21


The number of routed nets (nonglobal): 468
Wirelength results (all in units of 1 clb segments):
	Total wirelength: 33967   Average net length: 72.5791
	Maximum net length: 297

Wirelength results in terms of physical segments:
	Total wiring segments used: 17168   Av. wire segments per net: 36.6838
	Maximum segments used by a net: 149


X - Directed channels:

j	max occ	av_occ		capacity
0	8	4.65000  	8
1	8	5.39000  	8
2	7	4.17000  	8
3	8	6.03000  	8
4	7	4.94000  	8
5	7	5.26000  	8
6	8	3.66000  	8
7	6	4.26000  	8
8	3	2.20000  	8
9	7	2.67000  	8
10	3	2.40000  	8
11	4	1.71000  	8
12	5	2.49000  	8
13	4	0.960000 	8
14	5	2.14000  	8
15	2	1.66000  	8
16	3	1.14000  	8
17	4	1.69000  	8
18	4	1.85000  	8
19	5	1.07000  	8
20	2	0.600000 	8
21	6	0.980000 	8
22	5	1.13000  	8
23	4	0.640000 	8
24	5	0.130000 	8
25	2	0.240000 	8
26	3	0.150000 	8
27	2	0.0600000	8
28	2	0.0700000	8
29	2	1.02000  	8
30	3	0.100000 	8
31	5	1.70000  	8
32	3	0.170000 	8
33	2	0.980000 	8
34	4	3.55000  	8
35	6	1.80000  	8
36	6	2.19000  	8
37	3	1.49000  	8
38	4	0.620000 	8
39	3	0.0700000	8
40	4	1.32000  	8
41	2	0.440000 	8
42	2	1.85000  	8
43	1	0.950000 	8
44	1	0.130000 	8
45	5	0.330000 	8
46	5	1.25000  	8
47	4	1.45000  	8
48	7	3.17000  	8
49	7	1.02000  	8
50	7	2.10000  	8
51	6	3.10000  	8
52	5	2.78000  	8
53	6	1.23000  	8
54	6	2.13000  	8
55	2	1.01000  	8
56	0	0.00000  	8
57	2	0.960000 	8
58	1	0.0200000	8
59	5	0.210000 	8
60	4	2.16000  	8
61	4	2.02000  	8
62	4	1.67000  	8
63	8	2.94000  	8
64	6	3.05000  	8
65	4	1.21000  	8
66	6	3.85000  	8
67	6	1.97000  	8
68	4	1.64000  	8
69	3	0.930000 	8
70	3	0.890000 	8
71	1	0.100000 	8
72	4	1.46000  	8
73	6	2.67000  	8
74	6	3.86000  	8
75	6	3.87000  	8
76	7	2.09000  	8
77	7	2.32000  	8
78	5	3.62000  	8
79	5	1.97000  	8
80	3	0.830000 	8
81	3	1.04000  	8
82	2	1.81000  	8
83	2	1.10000  	8
84	3	1.13000  	8
85	7	2.84000  	8
86	5	4.04000  	8
87	3	1.95000  	8
88	2	0.180000 	8
89	2	0.500000 	8
90	4	2.30000  	8
91	4	2.72000  	8
92	2	1.06000  	8
93	4	0.390000 	8
94	5	2.99000  	8
95	5	2.12000  	8
96	8	4.29000  	8
97	7	5.28000  	8
98	7	4.55000  	8
99	8	4.35000  	8
100	8	4.60000  	8

Y - Directed channels:

i	max occ	av_occ		capacity
0	8	4.71000  	8
1	8	3.32000  	8
2	8	3.83000  	8
3	8	3.71000  	8
4	7	3.85000  	8
5	5	2.43000  	8
6	5	2.64000  	8
7	4	2.39000  	8
8	4	1.76000  	8
9	3	0.890000 	8
10	3	1.59000  	8
11	2	0.490000 	8
12	3	1.61000  	8
13	4	1.06000  	8
14	3	1.31000  	8
15	1	0.0500000	8
16	4	2.58000  	8
17	2	0.0700000	8
18	3	0.830000 	8
19	2	1.01000  	8
20	2	0.310000 	8
21	4	0.310000 	8
22	4	0.520000 	8
23	5	1.09000  	8
24	5	0.740000 	8
25	4	1.52000  	8
26	3	1.09000  	8
27	3	0.130000 	8
28	5	1.93000  	8
29	5	0.250000 	8
30	4	1.55000  	8
31	4	0.340000 	8
32	4	1.10000  	8
33	5	1.33000  	8
34	5	0.220000 	8
35	5	1.83000  	8
36	2	0.980000 	8
37	2	0.460000 	8
38	3	1.47000  	8
39	4	1.27000  	8
40	3	0.980000 	8
41	3	0.850000 	8
42	6	1.11000  	8
43	5	0.710000 	8
44	5	0.270000 	8
45	7	1.90000  	8
46	5	0.600000 	8
47	3	1.11000  	8
48	2	0.110000 	8
49	1	0.870000 	8
50	2	0.880000 	8
51	3	0.140000 	8
52	3	0.200000 	8
53	3	1.43000  	8
54	3	1.52000  	8
55	2	0.930000 	8
56	3	1.20000  	8
57	1	0.860000 	8
58	4	1.21000  	8
59	3	1.28000  	8
60	3	1.81000  	8
61	4	0.200000 	8
62	5	0.520000 	8
63	7	0.560000 	8
64	6	2.14000  	8
65	4	1.55000  	8
66	2	0.190000 	8
67	2	1.02000  	8
68	3	0.180000 	8
69	6	1.79000  	8
70	4	0.900000 	8
71	3	1.57000  	8
72	3	1.12000  	8
73	4	0.180000 	8
74	5	1.28000  	8
75	6	1.48000  	8
76	5	0.610000 	8
77	5	0.330000 	8
78	4	2.35000  	8
79	2	0.0800000	8
80	4	3.28000  	8
81	4	0.900000 	8
82	5	0.310000 	8
83	3	0.420000 	8
84	3	0.160000 	8
85	4	0.200000 	8
86	4	2.15000  	8
87	2	0.270000 	8
88	3	1.51000  	8
89	2	1.18000  	8
90	4	1.13000  	8
91	2	0.0700000	8
92	5	0.920000 	8
93	6	1.38000  	8
94	7	5.10000  	8
95	7	2.59000  	8
96	8	4.55000  	8
97	8	5.81000  	8
98	8	4.74000  	8
99	7	4.30000  	8
100	7	4.27000  	8

Total Tracks in X-direction: 808  in Y-direction: 808

Logic Area (in minimum width transistor areas):
Total Logic Area: 3e+08  Per 1x1 logic tile: 30000

Routing area (in minimum width transistor areas):
Total Routing Area: 1.05266e+07  Per logic tile: 1052.66

Segment usage by type (index):
Segment type       Fractional utilization
------------       ----------------------
       0                   0.21

Segment usage by length:
Segment length       Fractional utilization
--------------       ----------------------
        2                    0.21

Critical Path: 2.04869e-08 (s)

Time elapsed (PLACE&ROUTE): 182179.237000 ms


Time elapsed (Fernando): 182179.246000 ms

