
VPR FPGA Placement and Routing.
Version: Version 5.0.2
Compiled: Dec 11 2020.
Original VPR by V. Betz.
Timing-driven placement enhancements by A. Marquardt.
Single-drivers enhancements by Andy Ye with additions by.
Mark Fang, Jason Luu, Ted Campbell
Heterogeneous stucture support by Jason Luu and Ted Campbell.
This code is licensed only for non-commercial use.

Auto-sizing FPGA, try x = 72 y = 72
Auto-sizing FPGA, try x = 144 y = 144
Auto-sizing FPGA, try x = 288 y = 288
Auto-sizing FPGA, try x = 576 y = 576
Auto-sizing FPGA, try x = 288 y = 288
Auto-sizing FPGA, try x = 432 y = 432
Auto-sizing FPGA, try x = 360 y = 360
Auto-sizing FPGA, try x = 324 y = 324
Auto-sizing FPGA, try x = 306 y = 306
Auto-sizing FPGA, try x = 315 y = 315
Auto-sizing FPGA, try x = 310 y = 310
Auto-sizing FPGA, try x = 312 y = 312
Auto-sizing FPGA, try x = 313 y = 313
Auto-sizing FPGA, try x = 314 y = 314
Auto-sizing FPGA, try x = 313 y = 313
FPGA auto-sized to, x = 314 y = 314

Resource Usage:
Netlist      0	blocks of type <EMPTY>
Architecture 4	blocks of type <EMPTY>
Netlist      1255	blocks of type .io
Architecture 1256	blocks of type .io
Netlist      3915	blocks of type .clb
Architecture 98596	blocks of type .clb

Timing analysis: ON

Operation:  ROUTE_ONLY

PlacerOpts.place_freq:  PLACE_NEVER

RouterOpts.route_type:  DETAILED
RouterOpts.router_algorithm:  TIMING_DRIVEN
RouterOpts.base_cost_type:  DELAY_NORMALIZED
RouterOpts.fixed_channel_width:  NO_FIXED_CHANNEL_WIDTH
RouterOpts.acc_fac:  1.000000
RouterOpts.bb_factor:  3
RouterOpts.bend_cost:  0.000000
RouterOpts.first_iter_pres_fac:  0.500000
RouterOpts.initial_pres_fac:  0.500000
RouterOpts.pres_fac_mult:  1.300000
RouterOpts.max_router_iterations:  50
RouterOpts.astar_fac:  1.200000
RouterOpts.criticality_exp:  1.000000
RouterOpts.max_criticality:  0.990000

RoutingArch.directionality:  UNI_DIRECTIONAL
RoutingArch.switch_block_type:  WILTON
RoutingArch.Fs:  3

The circuit will be mapped into a 314 x 314 array of clbs.

Netlist num_nets:  3979
Netlist num_blocks:  5170
Netlist inputs pins:  64
Netlist output pins:  1191

191 314 0
192 314 0
239 311 0
147 295 0
145 293 0
145 296 0
151 297 0
145 309 0
144 296 0
150 296 0
140 300 0
223 314 0
145 308 0
146 307 0
153 298 0
237 311 0
153 297 0
203 309 0
224 314 0
149 294 0
203 311 0
238 314 0
236 312 0
235 311 0
201 313 0
237 314 0
237 312 0
146 306 0
314 251 0
210 310 0
202 313 0
314 252 0
147 307 0
1 114 0
1 115 0
191 313 0
204 314 0
206 310 0
4 115 0
205 310 0
217 302 0
0 279 0
203 313 0
204 312 0
207 310 0
206 311 0
215 295 0
204 311 0
223 313 0
1 113 0
222 314 0
154 305 0
220 290 0
217 300 0
214 294 0
215 294 0
147 294 0
221 314 0
153 306 0
214 297 0
218 299 0
225 314 0
313 251 0
160 314 0
222 313 0
156 299 0
218 300 0
237 307 0
139 300 0
314 23 0
145 307 0
131 306 0
161 295 0
246 309 0
237 306 0
223 312 0
189 308 0
224 313 0
11 314 0
161 314 0
198 314 0
198 312 0
162 295 0
232 296 0
222 312 0
249 312 0
145 306 0
190 314 0
2 24 0
226 314 0
220 314 0
184 314 0
198 313 0
247 312 0
228 292 0
197 313 0
12 314 0
147 308 0
160 313 0
186 312 0
248 314 0
249 314 0
241 312 0
314 315 0
250 314 0
159 314 0
314 113 0
11 313 0
158 314 0
233 313 0
246 314 0
194 310 0
232 300 0
162 300 0
162 299 0
179 313 0
220 291 0
237 309 0
238 309 0
241 314 0
242 314 0
162 314 0
189 314 0
2 114 0
5 158 0
178 314 0
5 159 0
241 309 0
162 301 0
236 309 0
163 300 0
180 314 0
241 313 0
199 312 0
239 310 0
243 313 0
242 313 0
225 313 0
150 295 0
314 112 0
313 113 0
218 292 0
159 313 0
309 168 0
235 310 0
226 288 0
160 312 0
146 305 0
213 297 0
308 169 0
225 288 0
147 306 0
152 297 0
239 314 0
221 313 0
314 179 0
199 313 0
218 293 0
248 311 0
240 314 0
226 289 0
225 286 0
92 314 0
249 313 0
314 250 0
224 312 0
200 312 0
5 169 0
223 311 0
231 295 0
314 170 0
144 307 0
224 287 0
225 287 0
242 307 0
200 310 0
200 309 0
202 309 0
147 305 0
138 300 0
217 304 0
5 168 0
224 311 0
314 171 0
190 313 0
191 312 0
80 1 0
221 312 0
156 305 0
201 311 0
153 309 0
225 312 0
210 300 0
314 20 0
223 297 0
219 304 0
313 170 0
141 296 0
314 160 0
153 308 0
219 301 0
153 307 0
241 305 0
227 293 0
230 294 0
227 314 0
240 308 0
152 310 0
161 313 0
314 169 0
159 312 0
222 297 0
314 114 0
219 292 0
216 306 0
211 300 0
136 301 0
236 310 0
159 301 0
209 299 0
238 305 0
240 306 0
227 295 0
81 1 0
211 299 0
192 313 0
223 310 0
2 113 0
10 314 0
219 314 0
237 301 0
139 302 0
227 296 0
229 293 0
230 295 0
222 311 0
163 314 0
9 314 0
190 312 0
13 314 0
149 297 0
234 297 0
228 296 0
231 290 0
236 302 0
308 174 0
233 298 0
237 300 0
229 295 0
232 297 0
223 292 0
229 294 0
226 313 0
228 291 0
224 294 0
233 299 0
230 289 0
145 295 0
233 297 0
147 296 0
10 313 0
126 311 0
220 313 0
2 115 0
79 1 0
219 313 0
145 305 0
215 296 0
193 309 0
223 294 0
225 311 0
223 293 0
314 70 0
222 293 0
217 293 0
222 310 0
1 79 0
1 252 0
80 2 0
314 21 0
146 296 0
157 314 0
218 296 0
146 304 0
192 308 0
208 300 0
146 295 0
79 2 0
162 313 0
178 313 0
148 293 0
148 297 0
235 301 0
222 295 0
217 296 0
224 286 0
206 306 0
216 294 0
147 304 0
185 313 0
244 310 0
231 296 0
151 308 0
306 165 0
158 313 0
245 310 0
235 300 0
220 312 0
221 291 0
307 169 0
148 311 0
148 310 0
239 307 0
1 80 0
161 312 0
191 307 0
217 295 0
218 295 0
305 168 0
235 299 0
205 306 0
204 306 0
163 298 0
205 309 0
150 309 0
204 309 0
1 112 0
188 314 0
1 78 0
306 167 0
172 308 0
306 166 0
227 313 0
144 305 0
149 308 0
193 313 0
206 305 0
205 307 0
204 307 0
203 307 0
160 311 0
1 171 0
313 169 0
3 165 0
309 164 0
227 292 0
173 309 0
221 311 0
218 314 0
313 250 0
147 293 0
17 146 0
161 311 0
206 308 0
4 174 0
148 309 0
146 308 0
77 3 0
214 296 0
75 3 0
304 171 0
225 290 0
206 307 0
304 172 0
227 291 0
313 20 0
172 307 0
205 305 0
223 289 0
224 289 0
224 292 0
304 170 0
144 293 0
224 290 0
304 169 0
189 313 0
147 292 0
4 165 0
172 309 0
18 145 0
78 1 0
226 312 0
75 2 0
155 299 0
74 2 0
240 304 0
226 291 0
225 289 0
223 290 0
215 308 0
214 308 0
158 312 0
192 312 0
312 170 0
3 114 0
314 275 0
191 311 0
224 310 0
223 309 0
232 295 0
162 312 0
1 120 0
146 303 0
154 299 0
232 298 0
236 299 0
154 298 0
143 294 0
228 314 0
226 294 0
220 293 0
226 293 0
222 291 0
215 309 0
248 313 0
0 301 0
214 310 0
213 309 0
239 303 0
225 292 0
220 295 0
46 314 0
144 295 0
164 314 0
312 251 0
148 305 0
314 253 0
225 310 0
82 1 0
314 207 0
217 308 0
231 297 0
235 298 0
84 2 0
11 306 0
56 314 0
192 311 0
174 311 0
220 294 0
219 295 0
216 309 0
187 311 0
238 303 0
211 302 0
209 303 0
54 311 0
47 314 0
55 313 0
143 314 0
80 3 0
223 308 0
145 304 0
160 310 0
314 172 0
222 309 0
313 252 0
228 297 0
11 312 0
155 300 0
174 310 0
173 311 0
143 313 0
219 294 0
218 308 0
211 303 0
212 302 0
219 293 0
208 303 0
208 302 0
156 314 0
172 306 0
46 313 0
148 304 0
195 311 0
154 301 0
1 116 0
158 297 0
153 302 0
313 171 0
178 312 0
165 299 0
210 304 0
159 311 0
210 301 0
157 296 0
208 306 0
218 302 0
201 310 0
207 308 0
210 302 0
163 313 0
149 305 0
1 170 0
177 312 0
211 298 0
1 178 0
308 165 0
189 312 0
160 298 0
221 310 0
309 167 0
218 313 0
310 164 0
45 314 0
1 172 0
157 313 0
147 303 0
2 120 0
193 312 0
146 311 0
213 301 0
209 305 0
213 300 0
154 309 0
157 299 0
209 304 0
160 296 0
230 309 0
214 300 0
220 311 0
314 168 0
44 314 0
162 298 0
44 305 0
307 167 0
3 23 0
144 294 0
83 4 0
163 297 0
308 166 0
142 296 0
48 314 0
219 312 0
313 207 0
159 298 0
173 308 0
38 311 0
159 297 0
228 313 0
309 165 0
167 308 0
188 309 0
238 304 0
307 166 0
216 297 0
159 295 0
231 307 0
212 301 0
215 297 0
214 299 0
156 313 0
314 115 0
45 313 0
169 304 0
139 299 0
228 307 0
207 305 0
166 308 0
233 296 0
145 303 0
225 293 0
224 309 0
308 202 0
162 311 0
147 310 0
84 3 0
162 296 0
311 163 0
1 25 0
2 171 0
161 299 0
149 296 0
161 297 0
216 298 0
229 307 0
229 314 0
9 154 0
1 251 0
314 208 0
191 310 0
187 314 0
159 310 0
158 299 0
81 2 0
144 297 0
311 164 0
233 301 0
230 307 0
136 314 0
168 304 0
314 24 0
237 304 0
161 298 0
146 292 0
237 310 0
12 313 0
229 289 0
227 306 0
212 303 0
217 298 0
214 304 0
166 309 0
229 306 0
243 308 0
230 306 0
231 306 0
217 303 0
143 297 0
219 296 0
157 312 0
146 302 0
190 311 0
314 167 0
217 314 0
151 296 0
203 310 0
17 313 0
224 293 0
137 299 0
242 310 0
220 296 0
215 304 0
194 313 0
78 2 0
314 71 0
164 307 0
188 313 0
212 297 0
226 311 0
164 300 0
227 312 0
1 82 0
140 297 0
227 290 0
227 287 0
171 307 0
10 312 0
236 304 0
175 311 0
232 292 0
245 312 0
244 312 0
213 304 0
233 309 0
216 303 0
187 313 0
222 298 0
222 308 0
14 314 0
18 314 0
206 313 0
136 300 0
205 313 0
137 314 0
312 158 0
314 19 0
230 293 0
142 295 0
151 305 0
245 311 0
82 2 0
79 3 0
144 304 0
164 306 0
214 302 0
225 299 0
214 303 0
215 302 0
223 299 0
221 299 0
227 297 0
228 312 0
8 314 0
136 302 0
227 300 0
247 313 0
212 307 0
2 116 0
13 313 0
226 305 0
177 313 0
164 313 0
216 305 0
206 312 0
174 309 0
136 313 0
77 1 0
227 301 0
226 310 0
216 304 0
139 304 0
313 164 0
145 313 0
224 300 0
242 305 0
142 305 0
83 1 0
231 294 0
158 311 0
201 308 0
132 304 0
148 295 0
151 304 0
213 307 0
227 299 0
212 306 0
221 300 0
303 134 0
140 299 0
220 300 0
226 296 0
3 180 0
9 313 0
210 311 0
210 309 0
12 312 0
3 113 0
311 177 0
239 302 0
155 314 0
229 298 0
226 301 0
234 302 0
135 301 0
1 290 0
163 312 0
175 309 0
244 311 0
314 162 0
2 123 0
314 161 0
21 142 0
306 168 0
226 299 0
211 306 0
210 306 0
226 298 0
227 298 0
228 298 0
230 297 0
11 311 0
16 137 0
208 308 0
234 303 0
207 313 0
235 302 0
21 141 0
213 298 0
222 292 0
1 253 0
221 293 0
224 308 0
137 300 0
144 303 0
210 312 0
205 311 0
135 314 0
212 296 0
127 310 0
177 1 0
313 179 0
11 154 0
313 180 0
133 304 0
227 311 0
313 172 0
209 308 0
149 304 0
208 312 0
153 299 0
163 301 0
229 299 0
1 173 0
214 295 0
225 309 0
1 291 0
11 153 0
225 285 0
166 300 0
300 144 0
241 308 0
12 311 0
12 153 0
208 313 0
224 295 0
301 140 0
250 313 0
210 307 0
229 296 0
22 141 0
20 141 0
241 304 0
20 142 0
300 138 0
150 308 0
213 308 0
212 308 0
240 303 0
168 303 0
22 139 0
211 305 0
314 78 0
314 249 0
161 310 0
2 177 0
1 141 0
15 137 0
126 310 0
217 313 0
81 5 0
2 170 0
1 289 0
229 313 0
160 309 0
150 305 0
9 312 0
143 304 0
234 304 0
314 173 0
19 145 0
1 142 0
176 314 0
146 301 0
299 143 0
208 314 0
238 307 0
19 146 0
16 136 0
302 140 0
23 140 0
300 141 0
46 312 0
2 79 0
3 125 0
314 178 0
313 178 0
302 139 0
2 178 0
80 4 0
1 140 0
313 18 0
173 307 0
211 309 0
253 313 0
2 122 0
303 137 0
13 312 0
314 289 0
145 302 0
177 314 0
165 314 0
148 303 0
150 294 0
216 314 0
82 4 0
218 312 0
4 164 0
156 301 0
247 310 0
209 309 0
158 300 0
21 139 0
208 309 0
297 142 0
300 137 0
299 137 0
21 138 0
301 139 0
302 136 0
307 173 0
301 138 0
302 135 0
147 302 0
162 310 0
158 302 0
2 125 0
13 1 0
134 314 0
234 301 0
314 77 0
313 112 0
2 290 0
215 305 0
81 3 0
302 133 0
2 124 0
302 138 0
227 288 0
3 164 0
1 182 0
211 310 0
251 314 0
221 309 0
254 314 0
314 177 0
3 163 0
302 132 0
202 311 0
302 137 0
312 177 0
301 148 0
14 137 0
18 139 0
301 149 0
304 148 0
233 292 0
18 138 0
18 137 0
1 118 0
297 141 0
298 141 0
19 138 0
296 141 0
11 144 0
0 57 0
302 131 0
145 311 0
244 304 0
157 302 0
152 306 0
193 311 0
301 133 0
216 300 0
300 135 0
185 312 0
11 200 0
304 134 0
5 313 0
177 311 0
297 139 0
47 313 0
301 132 0
312 169 0
160 308 0
15 314 0
314 140 0
202 312 0
304 147 0
297 140 0
314 181 0
142 304 0
2 141 0
243 306 0
8 143 0
228 288 0
2 25 0
17 138 0
219 311 0
1 169 0
11 310 0
2 182 0
161 301 0
9 143 0
239 313 0
17 137 0
10 143 0
178 1 0
296 140 0
17 136 0
301 131 0
247 311 0
296 139 0
11 143 0
12 143 0
219 300 0
83 2 0
12 200 0
1 200 0
305 170 0
154 300 0
142 294 0
8 142 0
308 143 0
9 142 0
233 302 0
148 302 0
307 139 0
10 142 0
3 149 0
2 112 0
4 180 0
7 125 0
3 171 0
45 312 0
243 314 0
244 314 0
223 307 0
228 295 0
138 314 0
314 139 0
135 313 0
160 304 0
301 134 0
129 308 0
160 303 0
245 314 0
244 307 0
209 310 0
18 146 0
149 310 0
312 171 0
139 308 0
152 307 0
161 303 0
147 301 0
208 311 0
245 308 0
151 307 0
4 149 0
240 312 0
207 306 0
300 133 0
226 295 0
208 310 0
11 142 0
8 147 0
12 142 0
7 147 0
311 170 0
7 314 0
201 309 0
159 304 0
10 311 0
4 147 0
159 303 0
7 202 0
219 297 0
230 314 0
311 162 0
1 179 0
82 3 0
80 0 0
159 309 0
127 311 0
220 310 0
306 153 0
10 137 0
158 310 0
235 297 0
207 304 0
171 314 0
168 302 0
155 313 0
214 298 0
194 314 0
7 310 0
219 299 0
1 201 0
8 132 0
216 313 0
3 166 0
17 141 0
142 306 0
151 306 0
49 314 0
3 193 0
22 140 0
127 312 0
1 191 0
20 139 0
43 314 0
219 291 0
169 313 0
311 158 0
158 298 0
302 146 0
313 161 0
310 198 0
6 127 0
19 142 0
235 306 0
302 145 0
161 296 0
240 307 0
313 140 0
303 145 0
170 304 0
48 313 0
1 199 0
1 180 0
2 172 0
5 197 0
157 311 0
9 309 0
296 142 0
53 310 0
144 302 0
310 196 0
134 304 0
223 298 0
156 312 0
144 306 0
134 306 0
59 314 0
14 141 0
139 297 0
3 148 0
241 311 0
165 307 0
15 141 0
1 273 0
18 141 0
314 141 0
172 310 0
40 311 0
242 309 0
20 140 0
308 139 0
165 313 0
217 290 0
306 147 0
134 307 0
161 309 0
79 4 0
136 312 0
217 312 0
234 309 0
128 309 0
143 306 0
225 297 0
231 292 0
133 307 0
16 140 0
211 1 0
4 152 0
313 168 0
44 313 0
54 313 0
11 315 0
314 288 0
209 306 0
139 315 0
47 312 0
135 302 0
1 163 0
211 312 0
206 303 0
221 302 0
171 308 0
162 305 0
170 308 0
307 165 0
309 156 0
146 291 0
54 314 0
229 312 0
247 309 0
287 314 0
14 313 0
304 143 0
10 141 0
2 252 0
6 123 0
80 5 0
314 310 0
10 130 0
2 140 0
126 312 0
315 126 0
313 289 0
193 314 0
303 144 0
314 99 0
2 142 0
2 173 0
2 131 0
309 149 0
12 133 0
4 114 0
211 307 0
153 300 0
309 139 0
1 174 0
202 308 0
0 145 0
238 312 0
314 311 0
307 150 0
1 209 0
200 314 0
51 308 0
219 310 0
9 140 0
77 2 0
9 200 0
133 303 0
312 132 0
229 297 0
166 314 0
142 307 0
313 204 0
137 313 0
11 149 0
11 150 0
307 199 0
229 292 0
216 296 0
128 310 0
145 294 0
1 139 0
314 199 0
10 147 0
314 119 0
218 304 0
5 153 0
81 6 0
196 314 0
154 314 0
4 133 0
228 299 0
310 137 0
304 136 0
221 308 0
310 128 0
135 303 0
313 205 0
315 196 0
12 151 0
132 305 0
152 301 0
157 303 0
135 312 0
314 294 0
5 151 0
138 305 0
313 114 0
2 200 0
145 301 0
5 155 0
314 124 0
314 290 0
308 172 0
297 138 0
313 203 0
190 310 0
163 311 0
139 314 0
143 303 0
309 198 0
3 178 0
138 302 0
232 310 0
5 156 0
137 301 0
8 129 0
205 308 0
1 119 0
226 309 0
10 148 0
304 141 0
3 141 0
309 142 0
4 157 0
153 301 0
57 314 0
311 159 0
218 291 0
171 306 0
133 314 0
137 306 0
1 143 0
36 314 0
228 311 0
6 128 0
2 289 0
233 310 0
314 198 0
2 291 0
132 306 0
138 313 0
5 167 0
3 205 0
142 308 0
310 202 0
149 303 0
313 167 0
1 159 0
312 113 0
302 142 0
314 142 0
1 152 0
162 304 0
310 174 0
305 147 0
311 154 0
204 308 0
164 312 0
137 303 0
306 138 0
314 248 0
134 313 0
308 138 0
85 2 0
244 306 0
314 192 0
230 301 0
1 274 0
305 140 0
199 310 0
1 168 0
223 306 0
305 141 0
305 142 0
213 296 0
232 312 0
232 1 0
138 299 0
6 194 0
137 312 0
8 313 0
142 298 0
1 272 0
148 296 0
2 143 0
315 125 0
46 311 0
234 296 0
167 309 0
47 311 0
136 311 0
6 202 0
159 308 0
6 203 0
314 123 0
137 311 0
305 139 0
44 312 0
304 137 0
243 312 0
313 199 0
167 301 0
312 206 0
223 300 0
2 159 0
168 305 0
305 149 0
313 155 0
8 136 0
3 160 0
215 301 0
1 162 0
313 253 0
165 312 0
5 289 0
226 297 0
302 149 0
1 288 0
310 195 0
239 312 0
196 313 0
306 199 0
225 304 0
54 312 0
315 159 0
171 312 0
213 303 0
217 292 0
13 308 0
223 301 0
52 311 0
13 144 0
207 311 0
202 307 0
314 153 0
10 200 0
242 302 0
8 173 0
6 129 0
8 196 0
220 302 0
212 1 0
16 148 0
1 157 0
4 159 0
48 312 0
8 197 0
48 305 0
216 293 0
150 304 0
1 21 0
169 311 0
307 197 0
241 306 0
312 154 0
6 167 0
313 206 0
5 126 0
311 153 0
3 140 0
3 170 0
53 312 0
7 130 0
248 310 0
17 140 0
133 308 0
50 307 0
217 297 0
312 179 0
308 129 0
3 290 0
37 314 0
134 312 0
314 155 0
138 312 0
154 304 0
311 196 0
141 305 0
313 139 0
308 137 0
10 154 0
252 314 0
5 291 0
153 303 0
311 205 0
218 311 0
218 307 0
314 174 0
311 206 0
227 310 0
211 297 0
59 315 0
140 314 0
219 303 0
308 128 0
10 136 0
163 310 0
5 127 0
314 200 0
46 315 0
0 107 0
6 134 0
310 153 0
311 169 0
189 309 0
7 131 0
6 195 0
3 22 0
219 290 0
230 308 0
2 199 0
306 143 0
311 288 0
161 308 0
50 314 0
1 149 0
227 315 0
2 166 0
136 310 0
125 314 0
124 313 0
154 302 0
0 71 0
3 127 0
164 311 0
4 128 0
160 300 0
146 300 0
11 199 0
131 309 0
46 310 0
4 193 0
6 168 0
205 304 0
4 129 0
311 137 0
132 314 0
3 209 0
313 122 0
8 134 0
4 126 0
7 132 0
8 137 0
144 311 0
6 131 0
314 166 0
2 139 0
7 135 0
218 298 0
1 125 0
7 139 0
208 301 0
42 314 0
204 305 0
188 312 0
6 204 0
5 148 0
309 153 0
303 142 0
0 173 0
239 315 0
210 1 0
139 303 0
310 203 0
152 305 0
2 201 0
11 148 0
131 308 0
9 134 0
10 133 0
309 136 0
20 145 0
1 150 0
4 208 0
307 168 0
232 306 0
52 309 0
8 133 0
2 179 0
7 174 0
6 155 0
3 147 0
203 312 0
232 307 0
246 313 0
7 137 0
304 150 0
313 19 0
310 147 0
158 303 0
212 299 0
247 307 0
1 292 0
8 135 0
10 132 0
162 297 0
310 197 0
4 141 0
230 313 0
225 308 0
218 294 0
168 309 0
206 314 0
12 148 0
149 302 0
154 297 0
147 300 0
9 133 0
311 151 0
309 150 0
313 141 0
6 149 0
1 254 0
7 196 0
241 303 0
7 313 0
45 311 0
1 198 0
236 306 0
135 311 0
4 130 0
13 133 0
6 156 0
3 200 0
305 167 0
142 309 0
139 313 0
224 307 0
234 311 0
3 121 0
314 100 0
13 311 0
159 302 0
238 308 0
203 306 0
162 309 0
49 313 0
42 307 0
2 251 0
3 115 0
9 201 0
312 147 0
207 314 0
5 193 0
8 138 0
301 135 0
246 308 0
308 148 0
7 138 0
312 20 0
314 146 0
314 254 0
1 121 0
310 167 0
314 291 0
220 309 0
306 150 0
10 146 0
164 305 0
314 205 0
236 311 0
1 24 0
141 295 0
309 146 0
312 140 0
156 302 0
43 313 0
207 303 0
3 126 0
235 295 0
123 314 0
42 308 0
149 295 0
3 134 0
141 297 0
138 306 0
309 127 0
241 301 0
4 171 0
2 207 0
216 308 0
78 3 0
231 314 0
51 309 0
4 156 0
312 123 0
170 307 0
304 142 0
176 310 0
5 136 0
150 303 0
166 301 0
311 129 0
204 310 0
7 134 0
5 128 0
42 313 0
3 294 0
312 148 0
197 314 0
233 311 0
135 306 0
12 149 0
5 125 0
282 315 0
306 149 0
3 207 0
309 166 0
308 167 0
10 310 0
314 154 0
301 141 0
134 305 0
309 133 0
3 130 0
14 148 0
48 311 0
311 133 0
186 311 0
127 314 0
143 305 0
168 307 0
154 313 0
8 170 0
312 155 0
313 150 0
232 301 0
251 313 0
141 298 0
212 304 0
1 202 0
240 302 0
3 206 0
314 201 0
1 129 0
313 160 0
169 312 0
304 145 0
2 292 0
1 153 0
315 95 0
2 202 0
309 206 0
225 296 0
3 289 0
224 303 0
8 130 0
215 300 0
8 310 0
15 140 0
160 315 0
213 299 0
19 143 0
313 288 0
3 142 0
5 137 0
150 312 0
5 132 0
314 272 0
301 145 0
314 138 0
189 311 0
6 133 0
232 311 0
310 151 0
19 140 0
300 143 0
82 5 0
150 311 0
186 314 0
1 193 0
1 130 0
153 305 0
194 312 0
170 311 0
198 311 0
159 300 0
3 155 0
8 312 0
312 146 0
221 296 0
312 130 0
4 197 0
1 144 0
130 309 0
15 313 0
180 312 0
45 310 0
168 300 0
0 116 0
315 20 0
5 129 0
308 200 0
166 313 0
5 145 0
172 313 0
1 138 0
146 309 0
215 314 0
308 197 0
315 170 0
312 172 0
20 143 0
270 314 0
222 307 0
127 313 0
15 147 0
81 0 0
4 205 0
3 143 0
313 146 0
314 158 0
313 153 0
314 148 0
6 144 0
16 143 0
138 303 0
310 288 0
9 129 0
310 145 0
7 128 0
6 175 0
237 303 0
133 313 0
153 314 0
8 169 0
2 169 0
236 300 0
155 312 0
138 304 0
222 300 0
136 315 0
237 299 0
240 300 0
52 310 0
309 152 0
307 147 0
171 311 0
8 131 0
2 288 0
302 144 0
248 309 0
303 150 0
228 293 0
307 126 0
312 204 0
208 307 0
3 199 0
1 137 0
313 151 0
0 200 0
15 149 0
8 128 0
308 133 0
7 311 0
2 144 0
1 177 0
201 312 0
237 302 0
314 157 0
300 132 0
314 137 0
6 311 0
192 310 0
307 198 0
1 133 0
142 311 0
220 308 0
2 138 0
85 1 0
137 305 0
43 312 0
8 145 0
313 198 0
219 309 0
4 140 0
195 314 0
50 313 0
3 133 0
309 201 0
305 148 0
231 313 0
247 306 0
312 136 0
310 170 0
225 295 0
45 315 0
312 139 0
5 205 0
5 141 0
229 311 0
314 22 0
313 21 0
2 160 0
311 202 0
3 157 0
312 250 0
209 307 0
308 151 0
44 311 0
314 134 0
2 163 0
311 157 0
41 311 0
9 132 0
4 290 0
169 303 0
207 302 0
169 308 0
179 311 0
270 315 0
311 203 0
154 308 0
1 132 0
308 149 0
51 310 0
150 307 0
7 145 0
4 178 0
1 208 0
309 151 0
41 314 0
158 309 0
191 309 0
132 313 0
314 125 0
212 300 0
1 250 0
310 154 0
6 199 0
137 302 0
245 309 0
309 199 0
10 139 0
131 307 0
141 304 0
49 312 0
53 313 0
312 168 0
303 141 0
4 124 0
55 314 0
305 137 0
142 303 0
47 310 0
2 198 0
313 142 0
138 311 0
240 309 0
309 195 0
313 290 0
139 305 0
156 311 0
174 308 0
308 198 0
271 314 0
4 207 0
160 307 0
3 139 0
314 132 0
12 134 0
140 306 0
124 314 0
308 142 0
9 311 0
128 311 0
15 135 0
312 289 0
168 310 0
314 126 0
9 197 0
93 314 0
135 310 0
158 304 0
154 307 0
180 313 0
0 273 0
46 309 0
6 314 0
313 173 0
167 314 0
308 155 0
179 1 0
133 312 0
140 313 0
309 124 0
3 179 0
313 99 0
221 298 0
288 314 0
307 151 0
309 131 0
235 294 0
307 202 0
134 311 0
176 311 0
312 205 0
211 304 0
3 208 0
300 139 0
11 140 0
2 155 0
3 156 0
152 311 0
238 300 0
202 306 0
311 140 0
303 135 0
301 144 0
7 127 0
5 177 0
306 131 0
163 303 0
4 200 0
153 310 0
225 302 0
311 194 0
131 314 0
308 199 0
305 133 0
239 304 0
299 140 0
230 290 0
313 120 0
213 313 0
14 312 0
76 1 0
13 140 0
169 310 0
163 302 0
228 290 0
48 306 0
298 145 0
246 312 0
1 285 0
313 200 0
157 310 0
215 313 0
310 205 0
2 128 0
143 302 0
10 201 0
9 131 0
311 147 0
0 106 0
310 132 0
8 199 0
311 155 0
170 305 0
9 139 0
311 204 0
314 111 0
315 310 0
12 139 0
315 152 0
3 291 0
12 310 0
314 149 0
313 133 0
4 196 0
313 138 0
310 158 0
314 143 0
303 149 0
1 181 0
164 299 0
312 202 0
314 287 0
7 140 0
205 314 0
233 1 0
5 204 0
312 141 0
144 301 0
313 310 0
163 304 0
13 142 0
7 129 0
125 312 0
2 273 0
312 199 0
287 313 0
307 133 0
226 290 0
145 312 0
314 127 0
1 293 0
215 298 0
0 224 0
238 313 0
153 304 0
3 135 0
3 201 0
157 301 0
3 151 0
308 152 0
148 301 0
176 309 0
314 197 0
223 288 0
139 312 0
303 147 0
268 315 0
311 132 0
310 157 0
223 295 0
153 313 0
1 203 0
298 142 0
210 303 0
1 145 0
6 143 0
203 305 0
5 144 0
311 171 0
228 301 0
3 195 0
301 137 0
312 207 0
270 313 0
51 314 0
314 152 0
7 148 0
155 297 0
11 309 0
166 297 0
310 142 0
8 174 0
225 291 0
239 301 0
1 197 0
314 133 0
4 142 0
48 310 0
137 310 0
3 253 0
300 145 0
2 132 0
245 313 0
75 0 0
306 133 0
4 204 0
146 299 0
12 136 0
198 315 0
3 202 0
8 151 0
201 314 0
309 196 0
9 138 0
3 123 0
235 313 0
211 2 0
179 310 0
230 303 0
310 133 0
307 155 0
312 133 0
305 134 0
5 135 0
0 141 0
315 99 0
1 127 0
308 124 0
4 150 0
1 196 0
295 142 0
4 134 0
46 308 0
310 140 0
45 309 0
13 150 0
12 140 0
302 134 0
305 153 0
221 292 0
1 126 0
218 301 0
11 147 0
143 309 0
7 195 0
9 148 0
5 134 0
246 311 0
5 157 0
300 140 0
300 147 0
312 138 0
312 196 0
2 203 0
309 202 0
41 308 0
224 291 0
304 144 0
220 306 0
136 309 0
221 289 0
314 271 0
311 130 0
227 304 0
306 130 0
15 139 0
129 309 0
314 196 0
314 98 0
133 306 0
202 310 0
312 142 0
211 308 0
16 141 0
231 301 0
2 137 0
313 78 0
130 308 0
145 300 0
6 157 0
154 312 0
50 308 0
314 209 0
309 137 0
310 146 0
305 150 0
3 144 0
315 141 0
53 311 0
141 314 0
152 302 0
8 144 0
244 308 0
7 152 0
197 310 0
16 314 0
167 303 0
314 121 0
2 197 0
132 309 0
138 298 0
4 199 0
308 203 0
208 304 0
46 304 0
258 0 0
7 123 0
313 137 0
306 154 0
241 307 0
234 310 0
4 139 0
314 144 0
9 155 0
222 303 0
4 203 0
193 310 0
206 302 0
312 198 0
310 176 0
151 312 0
13 146 0
308 201 0
1 117 0
306 170 0
313 127 0
315 87 0
8 153 0
314 79 0
312 162 0
1 111 0
307 138 0
209 302 0
304 135 0
287 315 0
1 287 0
0 119 0
219 302 0
166 312 0
2 162 0
1 20 0
39 312 0
4 135 0
315 169 0
312 134 0
3 292 0
136 305 0
308 195 0
303 136 0
7 199 0
0 125 0
306 172 0
311 141 0
205 312 0
7 198 0
144 314 0
0 19 0
234 298 0
2 78 0
18 140 0
145 292 0
149 306 0
1 100 0
5 200 0
9 198 0
231 1 0
313 272 0
60 314 0
313 143 0
222 289 0
314 136 0
3 116 0
12 135 0
312 157 0
313 201 0
2 145 0
156 310 0
221 294 0
236 303 0
138 310 0
243 311 0
308 146 0
313 123 0
150 302 0
3 252 0
3 198 0
152 312 0
6 170 0
311 199 0
1 158 0
314 156 0
8 139 0
313 197 0
144 300 0
244 313 0
215 310 0
311 139 0
5 152 0
301 136 0
314 309 0
314 202 0
86 1 0
9 130 0
0 314 0
250 312 0
136 308 0
313 129 0
312 200 0
310 143 0
198 309 0
314 273 0
311 152 0
304 138 0
269 314 0
312 160 0
157 306 0
309 204 0
247 314 0
45 306 0
4 206 0
3 159 0
304 133 0
7 201 0
1 286 0
149 309 0
44 310 0
307 152 0
305 171 0
310 131 0
143 310 0
32 0 0
135 305 0
3 192 0
162 302 0
141 306 0
2 293 0
3 138 0
203 314 0
313 148 0
230 312 0
210 305 0
3 172 0
13 310 0
158 308 0
311 121 0
6 145 0
145 310 0
1 136 0
5 133 0
130 310 0
158 305 0
123 313 0
304 149 0
308 150 0
309 170 0
213 311 0
1 190 0
314 286 0
314 129 0
217 301 0
76 3 0
311 131 0
313 98 0
307 128 0
225 300 0
1 207 0
5 195 0
310 204 0
14 146 0
134 303 0
6 137 0
312 99 0
2 287 0
4 289 0
135 309 0
314 128 0
2 134 0
174 306 0
149 301 0
4 143 0
304 139 0
311 168 0
1 192 0
309 132 0
212 305 0
134 310 0
1 22 0
5 196 0
1 204 0
1 110 0
174 313 0
2 272 0
312 129 0
138 301 0
163 309 0
309 138 0
4 154 0
2 190 0
139 307 0
131 310 0
306 132 0
19 141 0
312 286 0
156 306 0
4 201 0
220 292 0
11 141 0
12 146 0
239 305 0
7 203 0
223 303 0
14 315 0
4 136 0
41 313 0
1 146 0
232 308 0
5 206 0
207 309 0
10 144 0
152 304 0
6 141 0
313 176 0
312 127 0
131 313 0
4 195 0
8 205 0
204 313 0
310 152 0
5 140 0
309 130 0
2 129 0
222 299 0
2 130 0
166 305 0
11 138 0
221 290 0
6 138 0
311 128 0
312 152 0
20 138 0
1 155 0
314 150 0
5 142 0
10 153 0
148 300 0
175 308 0
312 288 0
233 295 0
306 148 0
210 2 0
307 144 0
8 150 0
9 199 0
311 172 0
14 149 0
3 132 0
236 301 0
2 192 0
4 23 0
165 311 0
13 137 0
170 313 0
310 199 0
3 158 0
245 305 0
1 311 0
48 308 0
313 132 0
162 315 0
173 312 0
5 166 0
314 206 0
299 142 0
133 311 0
314 193 0
301 130 0
249 309 0
2 136 0
6 205 0
195 313 0
8 204 0
5 203 0
313 152 0
7 143 0
207 301 0
6 196 0
315 70 0
249 311 0
314 151 0
1 167 0
312 197 0
2 180 0
304 146 0
222 306 0
303 138 0
313 194 0
313 309 0
314 159 0
12 150 0
157 297 0
4 158 0
2 156 0
303 132 0
11 135 0
167 300 0
1 210 0
10 199 0
1 123 0
3 128 0
312 201 0
311 142 0
132 312 0
191 308 0
169 306 0
155 305 0
311 136 0
6 132 0
314 101 0
308 153 0
311 122 0
188 310 0
13 145 0
1 156 0
306 137 0
313 147 0
165 298 0
141 313 0
221 297 0
310 194 0
56 313 0
12 137 0
238 311 0
309 129 0
43 311 0
2 193 0
213 312 0
6 158 0
42 312 0
2 274 0
4 293 0
223 305 0
143 295 0
6 142 0
304 140 0
209 1 0
246 305 0
310 141 0
2 196 0
51 313 0
306 134 0
121 314 0
3 203 0
137 309 0
216 292 0
7 168 0
5 290 0
313 196 0
313 130 0
310 129 0
130 314 0
8 140 0
217 311 0
179 312 0
214 306 0
7 155 0
200 313 0
190 307 0
314 145 0
306 139 0
7 151 0
145 314 0
4 198 0
307 141 0
5 146 0
143 298 0
160 306 0
3 145 0
312 131 0
210 298 0
1 271 0
155 311 0
313 158 0
311 146 0
11 308 0
309 197 0
2 117 0
242 308 0
47 309 0
298 143 0
7 170 0
2 146 0
313 291 0
47 307 0
52 314 0
166 299 0
167 306 0
137 304 0
2 206 0
209 300 0
228 305 0
1 147 0
10 152 0
3 194 0
314 203 0
311 193 0
49 306 0
164 310 0
314 130 0
226 300 0
10 140 0
142 302 0
1 131 0
147 311 0
9 147 0
217 299 0
9 135 0
309 154 0
197 312 0
242 304 0
222 301 0
6 151 0
4 151 0
311 200 0
179 314 0
147 299 0
307 154 0
139 311 0
222 304 0
313 100 0
159 299 0
310 130 0
3 288 0
169 302 0
233 300 0
40 314 0
2 174 0
49 311 0
314 284 0
163 296 0
223 291 0
313 202 0
7 149 0
2 133 0
314 135 0
305 138 0
171 304 0
10 134 0
232 294 0
7 150 0
298 138 0
7 141 0
308 132 0
158 301 0
2 80 0
6 135 0
46 305 0
170 306 0
147 313 0
313 119 0
305 166 0
309 157 0
311 138 0
230 292 0
313 136 0
311 289 0
220 297 0
311 127 0
315 94 0
157 305 0
6 197 0
301 143 0
217 291 0
232 299 0
148 312 0
243 307 0
49 307 0
4 153 0
3 273 0
224 288 0
10 309 0
150 297 0
4 144 0
200 311 0
169 305 0
301 146 0
50 312 0
219 315 0
169 300 0
160 297 0
216 302 0
141 303 0
222 290 0
309 140 0
0 180 0
312 150 0
159 296 0
167 313 0
49 308 0
2 285 0
229 300 0
309 203 0
3 152 0
314 165 0
307 143 0
315 142 0
314 195 0
226 302 0
228 302 0
242 311 0
59 313 0
13 149 0
2 204 0
5 198 0
311 198 0
5 150 0
312 167 0
308 154 0
5 143 0
162 308 0
232 2 0
3 197 0
314 131 0
3 154 0
45 308 0
140 312 0
190 309 0
310 126 0
1 128 0
209 301 0
312 176 0
4 155 0
225 307 0
232 309 0
227 289 0
10 145 0
312 137 0
234 300 0
6 136 0
2 149 0
174 307 0
224 296 0
215 307 0
237 308 0
9 310 0
9 204 0
226 292 0
173 310 0
134 302 0
211 0 0
5 122 0
313 293 0
141 307 0
223 296 0
302 148 0
3 129 0
313 287 0
312 145 0
309 145 0
135 308 0
212 310 0
133 305 0
14 136 0
47 305 0
226 308 0
215 311 0
313 154 0
312 153 0
299 144 0
161 307 0
314 292 0
315 173 0
3 169 0
313 174 0
305 136 0
315 202 0
214 305 0
51 312 0
170 303 0
165 306 0
1 77 0
7 175 0
13 139 0
5 139 0
3 175 0
308 144 0
314 175 0
309 144 0
245 307 0
306 151 0
311 145 0
251 310 0
310 124 0
202 314 0
311 156 0
1 195 0
228 308 0
310 171 0
198 308 0
307 196 0
311 144 0
216 295 0
313 128 0
2 121 0
298 140 0
313 131 0
0 79 0
313 156 0
311 134 0
311 174 0
313 144 0
141 312 0
168 301 0
4 194 0
150 313 0
139 310 0
224 306 0
49 310 0
4 202 0
308 145 0
221 307 0
151 303 0
47 308 0
11 145 0
314 110 0
232 305 0
310 155 0
210 308 0
1 135 0
312 290 0
130 306 0
205 303 0
163 306 0
155 307 0
6 140 0
310 139 0
241 310 0
311 176 0
50 311 0
146 314 0
1 275 0
234 299 0
16 145 0
7 204 0
4 177 0
140 304 0
233 308 0
312 252 0
311 251 0
17 139 0
9 137 0
156 300 0
3 137 0
227 309 0
313 191 0
312 173 0
16 146 0
214 301 0
2 157 0
2 209 0
39 311 0
137 308 0
12 138 0
306 169 0
310 173 0
140 311 0
299 146 0
14 135 0
16 139 0
13 148 0
3 79 0
13 135 0
13 136 0
8 309 0
305 131 0
218 310 0
299 133 0
1 205 0
48 309 0
1 294 0
312 310 0
8 154 0
138 309 0
310 135 0
10 135 0
4 138 0
309 135 0
149 314 0
45 307 0
167 305 0
157 309 0
125 313 0
81 4 0
313 166 0
314 191 0
126 313 0
6 200 0
168 314 0
147 312 0
130 313 0
6 313 0
84 1 0
312 143 0
40 310 0
148 294 0
314 274 0
15 310 0
8 203 0
314 312 0
9 173 0
40 313 0
1 175 0
2 154 0
149 311 0
313 208 0
144 312 0
305 135 0
15 138 0
302 147 0
236 307 0
9 308 0
1 151 0
146 315 0
157 298 0
152 314 0
4 123 0
1 81 0
52 313 0
5 199 0
14 143 0
143 301 0
11 137 0
159 307 0
227 307 0
5 138 0
14 139 0
132 307 0
11 136 0
2 147 0
229 302 0
145 299 0
140 305 0
7 144 0
139 306 0
146 298 0
10 307 0
150 310 0
310 144 0
309 205 0
5 149 0
163 305 0
4 291 0
2 253 0
175 310 0
197 311 0
236 314 0
234 308 0
1 295 0
151 302 0
5 201 0
310 169 0
228 310 0
313 311 0
8 172 0
308 136 0
312 149 0
302 141 0
0 181 0
222 294 0
6 147 0
2 168 0
4 192 0
128 312 0
157 308 0
234 314 0
310 134 0
19 139 0
216 312 0
305 130 0
305 144 0
152 309 0
243 305 0
39 314 0
8 311 0
13 0 0
309 172 0
156 309 0
307 148 0
308 134 0
6 124 0
307 135 0
236 308 0
164 297 0
308 135 0
147 309 0
5 130 0
3 173 0
5 131 0
168 313 0
224 298 0
41 312 0
308 140 0
5 171 0
4 170 0
221 304 0
11 134 0
247 308 0
307 203 0
142 313 0
167 307 0
148 315 0
5 124 0
233 312 0
166 311 0
156 303 0
310 289 0
144 310 0
219 306 0
144 309 0
5 288 0
225 305 0
37 313 0
130 307 0
313 149 0
151 309 0
306 171 0
312 192 0
1 224 0
166 303 0
151 298 0
7 197 0
140 307 0
44 309 0
220 303 0
176 312 0
4 125 0
229 304 0
150 306 0
14 309 0
9 144 0
189 310 0
307 134 0
313 249 0
214 314 0
155 303 0
163 299 0
2 254 0
155 302 0
176 1 0
231 293 0
21 140 0
309 134 0
232 314 0
155 304 0
215 299 0
309 174 0
5 176 0
218 305 0
10 138 0
4 172 0
233 304 0
4 314 0
148 307 0
231 303 0
228 309 0
6 130 0
214 309 0
155 301 0
129 314 0
4 131 0
7 156 0
303 148 0
248 312 0
211 313 0
152 298 0
8 202 0
1 194 0
172 305 0
17 312 0
166 302 0
208 299 0
1 255 0
3 177 0
143 308 0
221 295 0
152 313 0
308 204 0
306 135 0
121 315 0
231 308 0
224 301 0
308 130 0
141 310 0
197 309 0
178 2 0
229 291 0
3 254 0
305 169 0
2 127 0
167 312 0
310 165 0
42 311 0
298 144 0
3 131 0
165 303 0
198 310 0
6 122 0
43 306 0
161 302 0
13 138 0
171 309 0
154 303 0
171 310 0
6 125 0
310 175 0
161 300 0
234 295 0
253 314 0
308 206 0
5 147 0
2 194 0
6 154 0
11 139 0
311 175 0
173 305 0
16 138 0
311 135 0
9 149 0
178 309 0
3 196 0
312 208 0
218 297 0
173 306 0
306 145 0
7 312 0
6 176 0
169 309 0
4 132 0
170 310 0
310 166 0
144 308 0
164 301 0
243 310 0
7 176 0
4 160 0
129 310 0
312 159 0
46 306 0
237 298 0
46 307 0
2 275 0
159 306 0
3 272 0
238 299 0
310 127 0
148 308 0
1 161 0
310 201 0
5 202 0
1 160 0
43 308 0
224 285 0
2 195 0
9 202 0
16 313 0
305 145 0
160 305 0
307 145 0
225 301 0
307 146 0
210 313 0
53 314 0
4 179 0
130 311 0
41 309 0
44 307 0
3 136 0
222 302 0
313 163 0
6 177 0
309 147 0
307 149 0
314 210 0
252 313 0
1 166 0
219 307 0
208 305 0
1 134 0
310 172 0
217 310 0
2 181 0
243 309 0
8 148 0
152 303 0
209 313 0
2 150 0
220 307 0
2 161 0
2 111 0
172 311 0
173 313 0
170 309 0
313 177 0
43 310 0
211 314 0
228 300 0
213 1 0
213 314 0
126 314 0
196 310 0
311 201 0
6 198 0
223 315 0
11 307 0
143 312 0
38 313 0
39 313 0
181 314 0
306 146 0
310 150 0
154 311 0
14 138 0
227 308 0
310 149 0
6 201 0
309 148 0
42 309 0
178 311 0
313 209 0
40 309 0
0 23 0
14 142 0
176 313 0
302 130 0
165 302 0
186 313 0
1 164 0
297 143 0
0 290 0
220 305 0
175 313 0
210 314 0
238 306 0
43 307 0
43 309 0
199 314 0
1 165 0
176 308 0
5 312 0
47 306 0
12 307 0
314 94 0
219 308 0
217 307 0
131 312 0
165 304 0
218 309 0
232 293 0
141 309 0
38 314 0
37 312 0
310 200 0
212 298 0
309 200 0
314 18 0
2 176 0
135 307 0
140 303 0
145 298 0
164 304 0
205 302 0
218 303 0
312 144 0
314 147 0
309 175 0
312 161 0
215 306 0
134 309 0
4 137 0
4 127 0
312 287 0
162 307 0
224 305 0
12 309 0
313 159 0
207 307 0
304 131 0
132 308 0
3 124 0
311 150 0
230 296 0
149 312 0
299 141 0
312 193 0
151 299 0
305 146 0
306 141 0
3 181 0
165 301 0
173 314 0
309 123 0
311 123 0
303 140 0
2 208 0
166 304 0
7 133 0
233 314 0
14 308 0
163 308 0
305 152 0
161 306 0
1 310 0
132 311 0
17 314 0
146 297 0
311 126 0
313 134 0
304 132 0
315 274 0
2 164 0
158 307 0
6 172 0
1 183 0
167 310 0
5 172 0
307 201 0
5 173 0
92 315 0
164 303 0
313 125 0
172 314 0
175 314 0
213 305 0
313 271 0
149 298 0
1 312 0
8 155 0
210 299 0
314 122 0
165 300 0
17 143 0
217 306 0
160 301 0
9 145 0
312 122 0
174 314 0
310 123 0
196 311 0
13 134 0
2 151 0
6 312 0
146 310 0
172 312 0
48 307 0
309 171 0
229 310 0
313 175 0
141 308 0
310 122 0
2 148 0
5 154 0
313 157 0
38 312 0
15 144 0
298 139 0
215 293 0
235 307 0
306 202 0
312 178 0
306 201 0
2 271 0
206 304 0
4 273 0
7 157 0
239 308 0
1 148 0
236 298 0
164 298 0
303 139 0
234 313 0
136 307 0
311 125 0
229 305 0
235 314 0
9 152 0
309 155 0
2 23 0
227 294 0
300 136 0
311 149 0
234 312 0
199 311 0
165 305 0
312 124 0
15 148 0
312 291 0
212 314 0
204 303 0
167 304 0
230 291 0
154 306 0
212 313 0
12 141 0
164 302 0
214 313 0
312 121 0
1 154 0
164 309 0
231 298 0
313 121 0
212 311 0
216 307 0
300 134 0
4 166 0
231 300 0
212 312 0
152 308 0
251 311 0
136 303 0
235 312 0
221 306 0
314 204 0
2 21 0
314 164 0
219 298 0
76 2 0
13 151 0
50 310 0
2 135 0
124 312 0
133 310 0
160 302 0
3 287 0
136 304 0
45 305 0
15 136 0
9 136 0
312 151 0
307 142 0
302 143 0
2 286 0
129 313 0
311 207 0
230 300 0
244 305 0
229 301 0
310 206 0
312 156 0
308 171 0
6 207 0
5 115 0
6 206 0
40 312 0
197 308 0
130 312 0
230 311 0
311 124 0
4 122 0
2 175 0
5 175 0
3 150 0
1 122 0
140 301 0
7 136 0
303 143 0
228 303 0
228 304 0
305 202 0
227 303 0
314 308 0
3 153 0
188 311 0
225 294 0
213 310 0
308 147 0
2 153 0
217 294 0
231 299 0
306 203 0
9 151 0
2 152 0
209 314 0
15 146 0
140 309 0
142 314 0
307 171 0
213 306 0
312 125 0
306 142 0
313 248 0
242 312 0
315 251 0
171 313 0
10 131 0
231 2 0
3 176 0
7 142 0
52 312 0
5 207 0
300 146 0
227 302 0
12 144 0
177 310 0
12 152 0
1 176 0
129 312 0
147 298 0
155 310 0
218 306 0
313 135 0
1 211 0
7 154 0
234 307 0
230 304 0
311 208 0
219 305 0
307 200 0
2 311 0
232 302 0
7 167 0
150 301 0
174 312 0
306 198 0
233 307 0
42 310 0
213 295 0
3 286 0
314 17 0
2 191 0
307 172 0
3 204 0
230 299 0
231 312 0
135 304 0
308 168 0
5 314 0
16 311 0
310 136 0
17 145 0
151 310 0
310 138 0
307 127 0
212 309 0
143 296 0
157 300 0
16 147 0
225 306 0
234 306 0
235 308 0
233 306 0
215 303 0
14 147 0
14 311 0
165 310 0
41 310 0
128 313 0
7 169 0
15 143 0
230 298 0
236 313 0
6 173 0
3 182 0
307 170 0
3 293 0
313 165 0
142 297 0
206 309 0
233 294 0
144 299 0
92 313 0
299 138 0
148 299 0
196 312 0
236 305 0
313 286 0
16 144 0
304 151 0
166 298 0
143 300 0
141 302 0
15 312 0
235 304 0
149 300 0
303 146 0
6 171 0
242 306 0
4 113 0
310 156 0
240 301 0
314 180 0
87 1 0
153 312 0
11 146 0
15 142 0
191 315 0
240 311 0
209 312 0
12 145 0
211 311 0
1 249 0
211 3 0
300 142 0
140 308 0
143 311 0
3 251 0
306 128 0
243 304 0
310 168 0
8 308 0
235 303 0
314 255 0
308 205 0
142 312 0
151 314 0
5 194 0
18 142 0
18 143 0
244 309 0
175 312 0
18 144 0
306 136 0
17 142 0
45 304 0
14 145 0
153 311 0
314 307 0
217 305 0
239 306 0
231 305 0
81 7 0
312 164 0
233 305 0
132 310 0
312 165 0
235 309 0
245 306 0
313 145 0
308 126 0
1 124 0
142 301 0
5 179 0
312 166 0
16 142 0
10 308 0
239 300 0
234 294 0
134 308 0
4 288 0
222 305 0
6 139 0
0 172 0
2 205 0
13 143 0
311 250 0
250 310 0
9 203 0
3 191 0
139 309 0
169 314 0
6 174 0
141 311 0
10 150 0
149 313 0
5 174 0
16 312 0
7 171 0
6 126 0
226 303 0
10 129 0
7 172 0
7 153 0
12 147 0
312 112 0
142 310 0
165 309 0
312 209 0
5 114 0
0 114 0
14 144 0
2 22 0
144 313 0
83 3 0
8 149 0
214 307 0
311 148 0
308 196 0
311 166 0
307 137 0
249 310 0
226 304 0
157 304 0
225 298 0
55 312 0
311 165 0
154 310 0
3 174 0
222 296 0
4 287 0
7 173 0
157 307 0
308 170 0
310 159 0
143 307 0
151 311 0
226 307 0
0 303 0
5 178 0
6 153 0
4 173 0
314 80 0
229 303 0
288 315 0
1 99 0
11 151 0
136 306 0
10 151 0
1 206 0
6 152 0
240 313 0
217 309 0
8 152 0
155 308 0
148 313 0
149 299 0
312 175 0
148 314 0
221 301 0
312 203 0
187 312 0
44 308 0
231 291 0
5 123 0
150 314 0
146 293 0
131 311 0
129 311 0
168 308 0
164 308 0
224 299 0
166 306 0
49 309 0
156 308 0
15 145 0
156 307 0
314 247 0
220 301 0
9 150 0
215 312 0
168 311 0
2 81 0
7 206 0
155 309 0
308 173 0
227 305 0
303 133 0
311 291 0
8 171 0
306 144 0
314 293 0
223 304 0
3 78 0
311 290 0
6 114 0
9 153 0
6 146 0
223 302 0
161 305 0
44 306 0
147 314 0
246 310 0
310 290 0
150 300 0
233 293 0
58 314 0
238 302 0
200 307 0
240 305 0
310 125 0
200 308 0
192 309 0
142 300 0
307 132 0
155 306 0
231 309 0
307 131 0
224 297 0
308 131 0
299 145 0
170 314 0
148 298 0
311 167 0
201 307 0
10 149 0
6 169 0
50 309 0
232 0 0
4 169 0
231 302 0
251 312 0
237 305 0
9 146 0
232 313 0
177 2 0
177 0 0
216 311 0
6 150 0
13 147 0
214 311 0
140 310 0
306 315 0
313 162 0
3 167 0
9 170 0
156 304 0
11 152 0
220 299 0
305 132 0
307 129 0
165 296 0
8 198 0
313 124 0
225 303 0
307 136 0
185 314 0
166 310 0
3 122 0
313 115 0
224 304 0
151 313 0
313 126 0
218 290 0
231 311 0
150 298 0
221 303 0
146 294 0
211 301 0
150 299 0
194 311 0
14 310 0
3 120 0
241 302 0
17 144 0
199 308 0
146 313 0
314 194 0
4 167 0
138 308 0
307 130 0
252 312 0
137 307 0
4 252 0
7 200 0
306 129 0
170 312 0
169 307 0
299 139 0
312 126 0
12 308 0
305 151 0
168 306 0
226 306 0
141 301 0
2 126 0
4 121 0
301 147 0
312 174 0
229 308 0
125 311 0
313 292 0
312 135 0
131 305 0
314 211 0
231 310 0
152 299 0
5 170 0
220 304 0
178 0 0
146 312 0
140 302 0
214 312 0
3 112 0
158 306 0
147 297 0
167 302 0
133 309 0
140 298 0
309 169 0
51 311 0
149 293 0
152 300 0
314 176 0
15 311 0
312 163 0
311 197 0
4 176 0
242 303 0
224 302 0
313 23 0
167 311 0
307 153 0
309 126 0
230 305 0
207 312 0
309 128 0
237 313 0
17 147 0
216 301 0
235 305 0
216 310 0
4 145 0
4 175 0
2 165 0
145 297 0
2 158 0
165 297 0
2 167 0
228 306 0
141 300 0
78 4 0
311 113 0
314 285 0
172 304 0
142 299 0
143 299 0
312 195 0
313 195 0
139 301 0
204 304 0
314 120 0
178 310 0
221 305 0
311 195 0
308 125 0
309 125 0
231 304 0
315 73 0
230 310 0
203 308 0
232 304 0
313 192 0
313 193 0
313 190 0
308 156 0
141 299 0
246 306 0
168 312 0
216 299 0
246 307 0
14 1 0
313 22 0
220 298 0
162 303 0
195 312 0
138 307 0
3 168 0
312 253 0
148 306 0
162 306 0
312 128 0
212 2 0
234 305 0
250 311 0
309 141 0
11 133 0
232 303 0
301 142 0
6 148 0
171 305 0
230 302 0
4 148 0
161 304 0
139 298 0
160 299 0
313 111 0
4 146 0
3 146 0
228 289 0
309 173 0
79 5 0
8 201 0
238 301 0
239 309 0
229 309 0
312 194 0
165 308 0
151 300 0
311 173 0
308 127 0
238 310 0
159 305 0
199 309 0
314 163 0
13 141 0
128 314 0
312 191 0
190 308 0
6 159 0
1 23 0
308 141 0
8 146 0
144 298 0
305 143 0
13 309 0
7 146 0
148 292 0
306 140 0
156 297 0
149 307 0
307 140 0
309 143 0
75 1 0
313 312 0
151 301 0
228 294 0
297 144 0
2 250 0
209 311 0
14 140 0
11 132 0
240 310 0
4 168 0
310 148 0
8 200 0
166 307 0
306 152 0
229 290 0
311 143 0
245 304 0
233 303 0
213 302 0
163 307 0
8 141 0
9 141 0
236 0 0
278 315 0
186 0 0
165 0 0
171 0 0
188 0 0
18 315 0
280 315 0
114 315 0
17 315 0
277 315 0
97 0 0
196 0 0
137 315 0
140 315 0
138 315 0
312 0 0
161 315 0
315 277 0
157 315 0
16 315 0
111 0 0
15 315 0
6 0 0
102 315 0
103 315 0
315 254 0
274 315 0
98 0 0
209 0 0
315 312 0
0 255 0
314 0 0
236 315 0
49 315 0
285 315 0
309 315 0
284 315 0
12 315 0
315 278 0
315 255 0
0 281 0
0 257 0
0 280 0
0 20 0
10 315 0
313 315 0
105 315 0
235 0 0
315 279 0
307 315 0
106 315 0
181 315 0
226 0 0
69 315 0
111 315 0
106 0 0
182 315 0
7 315 0
308 315 0
79 315 0
315 256 0
152 315 0
315 280 0
184 315 0
279 315 0
112 315 0
87 0 0
225 0 0
0 1 0
6 315 0
315 293 0
179 0 0
315 281 0
228 0 0
0 38 0
0 298 0
174 0 0
5 315 0
315 282 0
4 315 0
3 315 0
73 0 0
0 258 0
315 257 0
1 315 0
224 0 0
0 282 0
315 18 0
0 34 0
0 259 0
315 283 0
118 315 0
0 260 0
315 1 0
41 315 0
31 315 0
117 315 0
119 315 0
315 258 0
0 36 0
0 291 0
315 314 0
187 0 0
0 48 0
32 315 0
0 286 0
0 292 0
0 287 0
315 284 0
109 0 0
195 0 0
0 37 0
0 313 0
194 0 0
315 306 0
188 315 0
0 261 0
223 0 0
0 311 0
315 260 0
0 308 0
0 289 0
189 315 0
315 286 0
0 262 0
193 0 0
187 315 0
0 307 0
7 0 0
26 315 0
315 287 0
126 315 0
64 0 0
0 22 0
315 311 0
0 264 0
27 315 0
123 315 0
127 315 0
222 0 0
0 265 0
315 261 0
183 315 0
125 315 0
113 315 0
0 33 0
31 0 0
192 0 0
128 315 0
129 315 0
315 270 0
250 315 0
133 315 0
19 315 0
315 265 0
63 0 0
315 264 0
97 315 0
0 299 0
24 315 0
228 315 0
315 289 0
279 0 0
0 267 0
315 266 0
185 0 0
229 315 0
312 315 0
292 0 0
215 0 0
0 268 0
315 301 0
315 305 0
20 315 0
8 0 0
229 0 0
132 315 0
172 315 0
0 269 0
214 0 0
21 0 0
315 292 0
212 0 0
100 0 0
227 0 0
311 315 0
196 315 0
20 0 0
160 0 0
0 270 0
170 315 0
195 315 0
201 315 0
200 315 0
315 313 0
1 0 0
226 315 0
315 267 0
315 269 0
74 0 0
254 315 0
315 42 0
184 0 0
174 315 0
253 315 0
202 315 0
70 0 0
167 315 0
315 21 0
0 305 0
315 298 0
315 303 0
315 11 0
315 220 0
168 315 0
315 65 0
156 315 0
315 291 0
0 293 0
99 0 0
257 0 0
5 0 0
315 22 0
165 315 0
191 0 0
315 23 0
0 11 0
315 223 0
315 308 0
155 315 0
315 198 0
0 221 0
8 315 0
315 81 0
0 306 0
0 222 0
270 0 0
0 24 0
88 0 0
315 271 0
0 274 0
0 223 0
0 66 0
315 82 0
33 0 0
315 64 0
0 51 0
85 0 0
313 0 0
315 272 0
315 25 0
0 219 0
0 82 0
315 273 0
52 315 0
0 12 0
315 54 0
190 315 0
142 315 0
315 55 0
315 222 0
0 56 0
0 218 0
0 266 0
243 0 0
53 315 0
159 315 0
0 58 0
0 251 0
315 83 0
34 0 0
315 275 0
315 144 0
143 315 0
84 315 0
0 146 0
276 315 0
315 143 0
256 0 0
0 144 0
281 315 0
0 250 0
101 0 0
315 137 0
315 139 0
69 0 0
0 296 0
159 0 0
94 315 0
95 315 0
147 315 0
23 0 0
0 253 0
246 0 0
315 148 0
283 315 0
315 295 0
0 148 0
107 315 0
315 146 0
83 0 0
117 0 0
144 315 0
315 10 0
0 277 0
0 283 0
0 278 0
198 0 0
158 315 0
315 108 0
315 51 0
62 0 0
315 239 0
220 0 0
315 190 0
315 217 0
315 204 0
61 0 0
290 0 0
9 0 0
296 0 0
60 0 0
118 0 0
158 0 0
102 0 0
275 0 0
66 315 0
0 92 0
315 129 0
217 0 0
134 0 0
77 0 0
249 315 0
264 315 0
315 171 0
56 0 0
315 12 0
130 315 0
178 315 0
99 315 0
93 315 0
54 0 0
19 0 0
0 163 0
24 0 0
269 0 0
315 27 0
315 185 0
315 59 0
202 0 0
275 315 0
0 115 0
315 104 0
0 243 0
67 0 0
21 315 0
315 124 0
0 75 0
315 193 0
115 0 0
162 0 0
57 315 0
315 17 0
315 252 0
0 80 0
315 218 0
22 315 0
104 0 0
157 0 0
0 217 0
42 315 0
0 13 0
234 315 0
315 13 0
121 0 0
315 39 0
0 230 0
145 0 0
315 200 0
0 214 0
120 315 0
23 315 0
294 315 0
108 315 0
0 29 0
0 164 0
213 0 0
164 0 0
276 0 0
0 232 0
156 0 0
315 247 0
304 0 0
0 201 0
163 315 0
0 14 0
222 315 0
171 315 0
216 0 0
217 315 0
52 0 0
0 68 0
0 238 0
218 315 0
22 0 0
315 199 0
0 239 0
189 0 0
0 32 0
315 106 0
37 0 0
315 212 0
315 130 0
253 0 0
153 315 0
315 28 0
0 248 0
315 246 0
315 214 0
315 29 0
210 0 0
219 0 0
0 17 0
25 315 0
315 160 0
0 96 0
35 315 0
0 88 0
0 134 0
315 30 0
315 134 0
0 300 0
315 61 0
315 132 0
315 147 0
255 0 0
33 315 0
0 247 0
0 109 0
0 162 0
232 315 0
315 195 0
261 315 0
0 155 0
44 315 0
0 135 0
0 185 0
0 211 0
302 315 0
315 96 0
0 197 0
292 315 0
272 315 0
11 0 0
291 315 0
58 0 0
35 0 0
2 0 0
315 155 0
315 133 0
315 84 0
0 183 0
0 55 0
154 315 0
0 237 0
273 315 0
315 4 0
315 154 0
100 315 0
183 0 0
0 129 0
108 0 0
0 228 0
78 0 0
315 69 0
63 315 0
251 0 0
116 315 0
315 162 0
104 315 0
235 315 0
315 201 0
315 194 0
315 105 0
82 315 0
29 315 0
0 30 0
112 0 0
240 0 0
0 227 0
315 245 0
0 122 0
315 107 0
134 315 0
315 207 0
315 128 0
315 209 0
315 210 0
88 315 0
131 0 0
0 89 0
315 151 0
315 234 0
315 219 0
315 227 0
0 157 0
0 152 0
0 98 0
0 61 0
120 0 0
211 315 0
238 0 0
315 213 0
0 108 0
0 15 0
261 0 0
315 237 0
315 167 0
315 60 0
109 315 0
0 302 0
315 216 0
315 56 0
0 6 0
315 249 0
164 315 0
0 69 0
86 0 0
57 0 0
0 246 0
315 215 0
247 0 0
0 242 0
0 209 0
293 0 0
315 221 0
38 0 0
315 9 0
41 0 0
76 315 0
0 205 0
208 0 0
315 77 0
294 0 0
2 315 0
119 0 0
105 0 0
315 163 0
0 63 0
55 0 0
0 207 0
298 315 0
154 0 0
34 315 0
72 0 0
0 81 0
155 0 0
10 0 0
125 0 0
91 0 0
122 0 0
75 315 0
250 0 0
37 315 0
315 6 0
0 102 0
0 271 0
87 315 0
0 204 0
28 0 0
0 77 0
315 226 0
315 304 0
0 206 0
203 315 0
0 166 0
38 315 0
315 248 0
0 104 0
107 0 0
0 249 0
315 259 0
71 0 0
315 236 0
145 315 0
98 315 0
0 143 0
315 290 0
0 8 0
315 244 0
315 285 0
0 9 0
124 315 0
315 136 0
27 0 0
0 288 0
123 0 0
310 315 0
315 88 0
258 315 0
309 0 0
0 128 0
262 0 0
0 126 0
0 194 0
0 85 0
305 0 0
315 91 0
315 192 0
0 127 0
0 312 0
300 0 0
315 276 0
241 315 0
115 315 0
40 315 0
315 131 0
0 198 0
0 151 0
13 315 0
315 178 0
18 0 0
315 67 0
103 0 0
307 0 0
315 307 0
271 315 0
315 197 0
315 228 0
0 188 0
0 2 0
0 179 0
315 26 0
0 132 0
0 216 0
0 252 0
315 240 0
315 86 0
315 232 0
0 90 0
271 0 0
0 275 0
66 0 0
315 112 0
0 304 0
152 0 0
315 78 0
0 49 0
0 133 0
304 315 0
215 315 0
315 90 0
315 242 0
315 205 0
315 74 0
308 0 0
315 19 0
315 103 0
143 0 0
136 0 0
0 91 0
315 156 0
315 35 0
263 0 0
150 0 0
0 124 0
130 0 0
96 315 0
315 206 0
205 315 0
315 72 0
0 245 0
315 186 0
114 0 0
0 16 0
0 100 0
180 0 0
315 172 0
0 101 0
166 315 0
0 3 0
315 101 0
151 0 0
315 92 0
81 315 0
0 241 0
0 167 0
305 315 0
0 168 0
315 50 0
315 79 0
141 315 0
0 95 0
73 315 0
315 102 0
233 0 0
315 165 0
0 195 0
315 121 0
43 315 0
0 73 0
78 315 0
0 208 0
245 0 0
266 0 0
315 119 0
315 203 0
0 240 0
0 137 0
0 235 0
0 35 0
0 213 0
315 191 0
0 54 0
64 315 0
58 315 0
0 193 0
0 118 0
149 315 0
315 241 0
65 0 0
0 113 0
315 100 0
204 315 0
269 315 0
254 0 0
146 0 0
315 120 0
203 0 0
30 315 0
0 309 0
0 39 0
0 176 0
47 0 0
53 0 0
93 0 0
83 315 0
315 176 0
315 238 0
44 0 0
47 315 0
110 0 0
39 315 0
0 182 0
0 171 0
175 0 0
315 300 0
94 0 0
0 175 0
0 130 0
315 117 0
0 212 0
0 174 0
315 127 0
264 0 0
0 21 0
80 315 0
0 203 0
315 299 0
9 315 0
45 0 0
277 0 0
176 0 0
92 0 0
0 272 0
0 165 0
50 0 0
315 14 0
293 315 0
315 34 0
0 140 0
238 315 0
260 315 0
289 315 0
207 0 0
315 123 0
267 315 0
315 168 0
0 136 0
144 0 0
151 315 0
0 154 0
315 66 0
43 0 0
298 0 0
51 315 0
315 15 0
315 36 0
173 315 0
272 0 0
0 153 0
306 0 0
260 0 0
0 284 0
0 210 0
141 0 0
315 243 0
315 153 0
48 0 0
0 169 0
0 18 0
315 32 0
278 0 0
248 315 0
0 93 0
315 189 0
137 0 0
315 113 0
0 27 0
299 0 0
315 93 0
176 315 0
315 57 0
138 0 0
0 112 0
82 0 0
0 236 0
84 0 0
40 0 0
182 0 0
14 0 0
267 0 0
0 160 0
280 0 0
315 89 0
0 94 0
302 0 0
0 97 0
55 315 0
225 315 0
0 117 0
315 114 0
315 145 0
255 315 0
0 150 0
54 315 0
315 268 0
197 0 0
315 38 0
259 315 0
0 294 0
126 0 0
56 315 0
252 315 0
0 110 0
0 220 0
177 315 0
315 188 0
0 43 0
315 183 0
0 111 0
290 315 0
62 315 0
315 40 0
0 64 0
281 0 0
315 16 0
149 0 0
116 0 0
315 164 0
315 235 0
70 315 0
153 0 0
315 166 0
206 0 0
60 315 0
315 109 0
135 315 0
315 47 0
257 315 0
0 105 0
192 315 0
315 122 0
315 179 0
190 0 0
315 233 0
0 26 0
315 297 0
65 315 0
233 315 0
315 250 0
259 0 0
315 24 0
0 123 0
315 63 0
61 315 0
0 62 0
234 0 0
0 234 0
248 0 0
0 65 0
315 111 0
315 288 0
315 181 0
26 0 0
0 121 0
148 0 0
50 315 0
0 5 0
46 0 0
237 0 0
68 315 0
315 230 0
0 231 0
315 231 0
0 244 0
17 0 0
315 182 0
237 315 0
212 315 0
315 37 0
208 315 0
180 315 0
315 309 0
0 215 0
67 315 0
185 315 0
0 233 0
241 0 0
315 115 0
42 0 0
315 262 0
39 0 0
206 315 0
179 315 0
303 315 0
36 0 0
110 315 0
239 0 0
0 7 0
186 315 0
135 0 0
315 229 0
0 28 0
175 315 0
0 156 0
315 33 0
315 7 0
12 0 0
0 78 0
132 0 0
0 297 0
315 211 0
315 180 0
0 70 0
0 229 0
173 0 0
0 120 0
315 75 0
0 41 0
68 0 0
0 42 0
282 0 0
315 48 0
268 0 0
71 315 0
315 98 0
315 150 0
0 72 0
0 67 0
315 157 0
0 256 0
48 315 0
139 0 0
265 0 0
299 315 0
291 0 0
283 0 0
297 315 0
0 285 0
315 263 0
0 87 0
245 315 0
251 315 0
0 10 0
315 85 0
0 184 0
72 315 0
0 192 0
74 315 0
230 0 0
0 161 0
193 315 0
0 52 0
246 315 0
150 315 0
76 0 0
0 196 0
133 0 0
85 315 0
315 135 0
315 184 0
284 0 0
244 0 0
285 0 0
286 0 0
247 315 0
0 31 0
0 158 0
166 0 0
244 315 0
315 158 0
315 294 0
287 0 0
0 159 0
0 263 0
315 80 0
0 46 0
51 0 0
30 0 0
315 5 0
0 45 0
129 0 0
172 0 0
209 315 0
315 2 0
124 0 0
315 45 0
16 0 0
0 131 0
0 189 0
0 276 0
0 191 0
0 190 0
77 315 0
128 0 0
295 315 0
0 44 0
315 44 0
122 315 0
0 83 0
221 0 0
301 315 0
303 0 0
95 0 0
170 0 0
315 208 0
3 0 0
315 8 0
286 315 0
169 315 0
0 202 0
140 0 0
0 74 0
295 0 0
0 99 0
0 310 0
315 187 0
315 110 0
207 315 0
231 315 0
265 315 0
266 315 0
315 62 0
29 0 0
0 177 0
89 315 0
0 60 0
142 0 0
288 0 0
0 186 0
0 4 0
315 161 0
315 116 0
249 0 0
59 0 0
315 46 0
315 296 0
315 31 0
147 0 0
25 0 0
273 0 0
0 178 0
194 315 0
231 0 0
127 0 0
199 315 0
49 0 0
0 187 0
262 315 0
210 315 0
240 315 0
0 86 0
0 40 0
315 149 0
274 0 0
315 177 0
169 0 0
200 0 0
168 0 0
263 315 0
167 0 0
315 49 0
201 0 0
315 174 0
315 302 0
0 147 0
0 170 0
214 315 0
315 43 0
0 25 0
315 175 0
197 315 0
86 315 0
218 0 0
181 0 0
205 0 0
199 0 0
0 53 0
315 76 0
252 0 0
315 253 0
315 71 0
0 84 0
315 97 0
301 0 0
243 315 0
315 118 0
289 0 0
0 50 0
220 315 0
213 315 0
90 315 0
28 315 0
15 0 0
242 0 0
224 315 0
89 0 0
91 315 0
216 315 0
0 47 0
0 199 0
96 0 0
311 0 0
315 224 0
113 0 0
204 0 0
315 68 0
221 315 0
315 225 0
0 76 0
230 315 0
101 315 0
163 0 0
315 3 0
310 0 0
0 103 0
300 315 0
315 58 0
0 149 0
256 315 0
36 315 0
315 41 0
79 0 0
242 315 0
0 225 0
161 0 0
315 52 0
315 53 0
315 140 0
0 254 0
4 0 0
315 138 0
0 139 0
0 295 0
297 0 0
0 59 0
296 315 0
0 226 0
0 138 0
131 315 0
0 142 0
low, high, current -1 -1 8
Confirming Router Algorithm: TIMING_DRIVEN.
T_crit: 1.32757e-07.
T_crit: 1.32519e-07.
T_crit: 1.32446e-07.
T_crit: 1.3255e-07.
T_crit: 1.32237e-07.
T_crit: 1.3255e-07.
T_crit: 1.32654e-07.
T_crit: 1.3255e-07.
T_crit: 1.32649e-07.
T_crit: 1.32752e-07.
T_crit: 1.32863e-07.
T_crit: 1.3234e-07.
T_crit: 1.32761e-07.
T_crit: 1.32549e-07.
T_crit: 1.32552e-07.
T_crit: 1.3276e-07.
T_crit: 1.32969e-07.
T_crit: 1.3276e-07.
T_crit: 1.32862e-07.
T_crit: 1.32979e-07.
T_crit: 1.33399e-07.
T_crit: 1.34008e-07.
T_crit: 1.33592e-07.
T_crit: 1.33617e-07.
T_crit: 1.33903e-07.
T_crit: 1.35157e-07.
T_crit: 1.34287e-07.
T_crit: 1.3559e-07.
T_crit: 1.35592e-07.
T_crit: 1.35906e-07.
T_crit: 1.3471e-07.
T_crit: 1.35447e-07.
T_crit: 1.37265e-07.
T_crit: 1.38208e-07.
T_crit: 1.39041e-07.
T_crit: 1.3998e-07.
T_crit: 1.4029e-07.
T_crit: 1.39558e-07.
T_crit: 1.41444e-07.
T_crit: 1.40296e-07.
T_crit: 1.4019e-07.
T_crit: 1.39968e-07.
T_crit: 1.39442e-07.
T_crit: 1.41129e-07.
T_crit: 1.40607e-07.
T_crit: 1.37884e-07.
T_crit: 1.39339e-07.
T_crit: 1.39339e-07.
T_crit: 1.3715e-07.
T_crit: 1.3768e-07.
Routing failed.
low, high, current 8 -1 16
Confirming Router Algorithm: TIMING_DRIVEN.
T_crit: 1.3284e-07.
T_crit: 1.32414e-07.
T_crit: 1.32311e-07.
T_crit: 1.32518e-07.
T_crit: 1.32642e-07.
T_crit: 1.32543e-07.
T_crit: 1.32332e-07.
T_crit: 1.32637e-07.
T_crit: 1.32533e-07.
T_crit: 1.32428e-07.
T_crit: 1.32431e-07.
T_crit: 1.32535e-07.
T_crit: 1.32535e-07.
T_crit: 1.32535e-07.
T_crit: 1.32535e-07.
T_crit: 1.32535e-07.
T_crit: 1.32535e-07.
T_crit: 1.32535e-07.
T_crit: 1.32535e-07.
T_crit: 1.32743e-07.
T_crit: 1.32951e-07.
T_crit: 1.32951e-07.
T_crit: 1.33265e-07.
T_crit: 1.33265e-07.
T_crit: 1.33265e-07.
T_crit: 1.33265e-07.
T_crit: 1.33476e-07.
T_crit: 1.33476e-07.
T_crit: 1.33476e-07.
T_crit: 1.3379e-07.
T_crit: 1.33684e-07.
T_crit: 1.33683e-07.
T_crit: 1.33683e-07.
T_crit: 1.35488e-07.
T_crit: 1.35489e-07.
T_crit: 1.37794e-07.
T_crit: 1.36724e-07.
T_crit: 1.36116e-07.
T_crit: 1.37163e-07.
T_crit: 1.3779e-07.
T_crit: 1.35905e-07.
T_crit: 1.36745e-07.
T_crit: 1.34966e-07.
T_crit: 1.35072e-07.
T_crit: 1.35691e-07.
T_crit: 1.3589e-07.
T_crit: 1.37047e-07.
T_crit: 1.36324e-07.
T_crit: 1.36116e-07.
T_crit: 1.35486e-07.
Routing failed.
low, high, current 16 -1 32
Confirming Router Algorithm: TIMING_DRIVEN.
T_crit: 1.3286e-07.
T_crit: 1.32414e-07.
T_crit: 1.32291e-07.
T_crit: 1.32519e-07.
T_crit: 1.32331e-07.
T_crit: 1.32303e-07.
T_crit: 1.32539e-07.
T_crit: 1.32436e-07.
T_crit: 1.32436e-07.
T_crit: 1.32436e-07.
T_crit: 1.32436e-07.
T_crit: 1.32436e-07.
T_crit: 1.32419e-07.
T_crit: 1.32419e-07.
T_crit: 1.32419e-07.
T_crit: 1.32419e-07.
T_crit: 1.32419e-07.
T_crit: 1.32419e-07.
Successfully routed after 19 routing iterations.
Completed net delay value cross check successfully.
low, high, current 16 32 24
Confirming Router Algorithm: TIMING_DRIVEN.
T_crit: 1.3286e-07.
T_crit: 1.32311e-07.
T_crit: 1.32518e-07.
T_crit: 1.32525e-07.
T_crit: 1.32412e-07.
T_crit: 1.32413e-07.
T_crit: 1.32528e-07.
T_crit: 1.32528e-07.
T_crit: 1.32427e-07.
T_crit: 1.32532e-07.
T_crit: 1.32532e-07.
T_crit: 1.32532e-07.
T_crit: 1.32532e-07.
T_crit: 1.32523e-07.
T_crit: 1.32523e-07.
T_crit: 1.3252e-07.
T_crit: 1.3252e-07.
T_crit: 1.3252e-07.
T_crit: 1.3252e-07.
T_crit: 1.3252e-07.
T_crit: 1.3252e-07.
T_crit: 1.3252e-07.
T_crit: 1.3252e-07.
T_crit: 1.3252e-07.
T_crit: 1.3252e-07.
T_crit: 1.3252e-07.
T_crit: 1.3252e-07.
T_crit: 1.3252e-07.
T_crit: 1.3252e-07.
T_crit: 1.3252e-07.
T_crit: 1.3252e-07.
T_crit: 1.3252e-07.
T_crit: 1.32769e-07.
T_crit: 1.32769e-07.
T_crit: 1.32769e-07.
T_crit: 1.32769e-07.
T_crit: 1.32769e-07.
T_crit: 1.34495e-07.
T_crit: 1.33874e-07.
T_crit: 1.34596e-07.
T_crit: 1.34298e-07.
T_crit: 1.34298e-07.
T_crit: 1.34298e-07.
T_crit: 1.34298e-07.
T_crit: 1.34298e-07.
T_crit: 1.34298e-07.
T_crit: 1.34193e-07.
T_crit: 1.33983e-07.
T_crit: 1.33983e-07.
T_crit: 1.34714e-07.
Routing failed.
low, high, current 24 32 28
Confirming Router Algorithm: TIMING_DRIVEN.
T_crit: 1.33008e-07.
T_crit: 1.32586e-07.
T_crit: 1.32523e-07.
T_crit: 1.32616e-07.
T_crit: 1.3261e-07.
T_crit: 1.32698e-07.
T_crit: 1.32695e-07.
T_crit: 1.32695e-07.
T_crit: 1.32693e-07.
T_crit: 1.32692e-07.
T_crit: 1.3269e-07.
T_crit: 1.32674e-07.
T_crit: 1.32637e-07.
T_crit: 1.32623e-07.
T_crit: 1.32623e-07.
T_crit: 1.32623e-07.
T_crit: 1.32623e-07.
T_crit: 1.32623e-07.
T_crit: 1.32623e-07.
T_crit: 1.32623e-07.
T_crit: 1.32623e-07.
T_crit: 1.32623e-07.
T_crit: 1.32623e-07.
T_crit: 1.32623e-07.
T_crit: 1.32623e-07.
T_crit: 1.32623e-07.
T_crit: 1.32623e-07.
T_crit: 1.32623e-07.
T_crit: 1.32623e-07.
T_crit: 1.32623e-07.
T_crit: 1.32623e-07.
T_crit: 1.32623e-07.
T_crit: 1.32623e-07.
T_crit: 1.32623e-07.
Successfully routed after 35 routing iterations.
Completed net delay value cross check successfully.
low, high, current 24 28 26
Warning (check_all_tracks_reach_pins):  track 24 does not 
	connect to any FB IPINs.
Warning (check_all_tracks_reach_pins):  track 25 does not 
	connect to any FB IPINs.
Confirming Router Algorithm: TIMING_DRIVEN.
T_crit: 1.33101e-07.
T_crit: 1.32362e-07.
T_crit: 1.32274e-07.
T_crit: 1.32579e-07.
T_crit: 1.32374e-07.
T_crit: 1.32302e-07.
T_crit: 1.32473e-07.
T_crit: 1.32498e-07.
T_crit: 1.32401e-07.
T_crit: 1.32401e-07.
T_crit: 1.32401e-07.
T_crit: 1.32382e-07.
T_crit: 1.32404e-07.
T_crit: 1.32404e-07.
T_crit: 1.32404e-07.
T_crit: 1.32404e-07.
T_crit: 1.32404e-07.
T_crit: 1.32404e-07.
T_crit: 1.32404e-07.
T_crit: 1.32404e-07.
T_crit: 1.32404e-07.
T_crit: 1.32404e-07.
T_crit: 1.32404e-07.
T_crit: 1.32404e-07.
T_crit: 1.32506e-07.
T_crit: 1.32506e-07.
T_crit: 1.32506e-07.
T_crit: 1.32506e-07.
T_crit: 1.32506e-07.
T_crit: 1.32506e-07.
T_crit: 1.32506e-07.
T_crit: 1.32506e-07.
T_crit: 1.32506e-07.
T_crit: 1.32506e-07.
T_crit: 1.32506e-07.
T_crit: 1.32506e-07.
T_crit: 1.32506e-07.
T_crit: 1.32506e-07.
T_crit: 1.32506e-07.
T_crit: 1.32534e-07.
T_crit: 1.32534e-07.
T_crit: 1.32507e-07.
T_crit: 1.33131e-07.
T_crit: 1.32613e-07.
T_crit: 1.32613e-07.
T_crit: 1.32613e-07.
T_crit: 1.32594e-07.
T_crit: 1.32715e-07.
T_crit: 1.32715e-07.
T_crit: 1.32715e-07.
Routing failed.

Checking to ensure routing is legal ...
Completed routing consistency check successfully.

Serial number (magic cookie) for the routing is: 1525422718
Best routing used a channel width factor of 28.


Average number of bends per net: 9.30611  Maximum # of bends: 341


The number of routed nets (nonglobal): 3979
Wirelength results (all in units of 1 clb segments):
	Total wirelength: 665978   Average net length: 167.373
	Maximum net length: 2861

Wirelength results in terms of physical segments:
	Total wiring segments used: 333861   Av. wire segments per net: 83.9058
	Maximum segments used by a net: 1433


X - Directed channels:

j	max occ	av_occ		capacity
0	23	11.5510  	28
1	19	10.0446  	28
2	16	6.30255  	28
3	14	4.89809  	28
4	12	2.27389  	28
5	7	2.15605  	28
6	9	0.633758 	28
7	4	0.646497 	28
8	2	0.0286624	28
9	2	0.0414013	28
10	2	0.455414 	28
11	3	0.0318471	28
12	2	0.0541401	28
13	2	0.952229 	28
14	2	0.0127389	28
15	1	0.0573248	28
16	4	0.0636943	28
17	7	1.47134  	28
18	9	1.81529  	28
19	7	0.831210 	28
20	9	2.17834  	28
21	10	1.96815  	28
22	9	4.85350  	28
23	7	2.48089  	28
24	7	1.23567  	28
25	6	0.987261 	28
26	5	0.133758 	28
27	3	0.968153 	28
28	3	0.0445860	28
29	2	0.0191083	28
30	2	0.0445860	28
31	3	0.0222930	28
32	3	0.961783 	28
33	3	0.0796178	28
34	4	0.987261 	28
35	2	0.939490 	28
36	1	0.00636943	28
37	4	0.0605096	28
38	2	0.0222930	28
39	3	0.0732484	28
40	2	0.945860 	28
41	2	0.0318471	28
42	2	0.0382166	28
43	3	0.968153 	28
44	2	0.936306 	28
45	2	0.0286624	28
46	3	0.0541401	28
47	1	0.0191083	28
48	2	0.00955414	28
49	2	0.0636943	28
50	1	0.929936 	28
51	3	0.0955414	28
52	4	0.0445860	28
53	1	0.00955414	28
54	3	0.0828025	28
55	4	0.108280 	28
56	2	0.0222930	28
57	4	0.111465 	28
58	2	1.93949  	28
59	2	0.961783 	28
60	2	0.958599 	28
61	2	0.0509554	28
62	1	0.0127389	28
63	2	1.02866  	28
64	3	0.0828025	28
65	2	0.964968 	28
66	2	0.993631 	28
67	1	0.0318471	28
68	2	0.00955414	28
69	3	0.277070 	28
70	2	1.28344  	28
71	3	1.97134  	28
72	2	0.595541 	28
73	2	0.00955414	28
74	1	0.0605096	28
75	3	1.00637  	28
76	5	1.61146  	28
77	11	4.36306  	28
78	10	1.54459  	28
79	11	0.757962 	28
80	9	0.894904 	28
81	5	0.770701 	28
82	5	1.00318  	28
83	2	0.984076 	28
84	2	0.996815 	28
85	1	0.980892 	28
86	3	1.00637  	28
87	3	0.993631 	28
88	1	0.0382166	28
89	1	0.0318471	28
90	5	1.01274  	28
91	3	0.996815 	28
92	1	0.914013 	28
93	4	1.56369  	28
94	1	0.0191083	28
95	2	0.0732484	28
96	4	1.06688  	28
97	7	1.00637  	28
98	9	2.08280  	28
99	7	1.18471  	28
100	7	2.87261  	28
101	3	1.03503  	28
102	3	0.993631 	28
103	1	0.968153 	28
104	3	0.0350318	28
105	2	0.0286624	28
106	1	0.0350318	28
107	3	0.974522 	28
108	5	1.04777  	28
109	6	0.831210 	28
110	11	1.57643  	28
111	14	3.46497  	28
112	13	3.48089  	28
113	16	2.29299  	28
114	11	2.93631  	28
115	13	3.58917  	28
116	9	1.88217  	28
117	8	1.35987  	28
118	8	2.22930  	28
119	10	2.88535  	28
120	12	4.05096  	28
121	10	5.53503  	28
122	12	6.84076  	28
123	14	7.51592  	28
124	14	3.72293  	28
125	14	3.25159  	28
126	15	2.87898  	28
127	16	5.61783  	28
128	13	7.14650  	28
129	14	6.88217  	28
130	15	6.78981  	28
131	16	7.22293  	28
132	16	10.6720  	28
133	15	8.00000  	28
134	19	13.3599  	28
135	20	12.0382  	28
136	18	8.18790  	28
137	20	10.4554  	28
138	21	12.0828  	28
139	21	12.0159  	28
140	22	12.0828  	28
141	20	9.60191  	28
142	21	10.8790  	28
143	21	11.9841  	28
144	17	11.3089  	28
145	21	13.5064  	28
146	21	12.4204  	28
147	16	8.67197  	28
148	22	9.85032  	28
149	18	7.76115  	28
150	17	7.43949  	28
151	18	9.18790  	28
152	18	9.10828  	28
153	16	5.70382  	28
154	19	8.17516  	28
155	19	4.29299  	28
156	15	7.05096  	28
157	16	4.22611  	28
158	15	3.53503  	28
159	10	3.87898  	28
160	12	3.52548  	28
161	7	1.22611  	28
162	8	2.56051  	28
163	11	4.56369  	28
164	16	7.34076  	28
165	13	3.21975  	28
166	18	6.12420  	28
167	20	5.48089  	28
168	18	9.83439  	28
169	18	4.90446  	28
170	18	8.89172  	28
171	20	9.68471  	28
172	18	8.07643  	28
173	17	6.02866  	28
174	18	6.60191  	28
175	14	3.99045  	28
176	16	4.28025  	28
177	17	4.13694  	28
178	13	1.19108  	28
179	17	3.96178  	28
180	11	2.13057  	28
181	12	2.61465  	28
182	8	1.07643  	28
183	8	1.03503  	28
184	5	1.99045  	28
185	2	1.00637  	28
186	2	0.414013 	28
187	5	1.07643  	28
188	4	0.0955414	28
189	7	2.91083  	28
190	5	1.88217  	28
191	10	4.33758  	28
192	12	6.08280  	28
193	12	4.72611  	28
194	12	4.28981  	28
195	15	2.47134  	28
196	15	4.86624  	28
197	18	6.45860  	28
198	19	6.87580  	28
199	17	6.33758  	28
200	18	3.44268  	28
201	18	3.57643  	28
202	18	8.36624  	28
203	15	8.47771  	28
204	16	7.79299  	28
205	17	7.50637  	28
206	15	5.03503  	28
207	13	4.13694  	28
208	11	3.22611  	28
209	11	2.71656  	28
210	5	1.70701  	28
211	8	1.15605  	28
212	2	0.0254777	28
213	3	0.0414013	28
214	2	0.977707 	28
215	3	0.945860 	28
216	1	0.00955414	28
217	3	0.0636943	28
218	3	0.993631 	28
219	2	1.88854  	28
220	3	0.0955414	28
221	3	0.0700637	28
222	5	0.961783 	28
223	3	0.194268 	28
224	2	0.0350318	28
225	3	1.02866  	28
226	2	0.971338 	28
227	1	0.971338 	28
228	2	0.0445860	28
229	2	0.0222930	28
230	1	0.980892 	28
231	1	0.0222930	28
232	1	0.0127389	28
233	2	0.00955414	28
234	2	0.00955414	28
235	1	0.00636943	28
236	2	0.984076 	28
237	1	0.974522 	28
238	2	1.00637  	28
239	4	0.0445860	28
240	3	0.0477707	28
241	2	1.00318  	28
242	2	0.964968 	28
243	3	0.977707 	28
244	3	0.0254777	28
245	2	0.0286624	28
246	5	1.02229  	28
247	6	1.63057  	28
248	8	1.09554  	28
249	10	3.22611  	28
250	9	2.41720  	28
251	10	1.51592  	28
252	11	3.05096  	28
253	9	2.10510  	28
254	8	0.598726 	28
255	5	0.493631 	28
256	3	0.945860 	28
257	2	0.942675 	28
258	3	0.506369 	28
259	2	1.43949  	28
260	3	1.28662  	28
261	2	0.945860 	28
262	2	0.914013 	28
263	2	1.42038  	28
264	2	0.426752 	28
265	1	0.500000 	28
266	2	0.933121 	28
267	2	0.875796 	28
268	1	0.506369 	28
269	5	1.26433  	28
270	8	1.80892  	28
271	11	3.03822  	28
272	10	3.34713  	28
273	11	3.48726  	28
274	9	0.292994 	28
275	2	0.974522 	28
276	4	0.812102 	28
277	3	0.828025 	28
278	1	0.796178 	28
279	2	0.691083 	28
280	2	0.681529 	28
281	3	1.00318  	28
282	4	1.79936  	28
283	4	0.691083 	28
284	8	2.83439  	28
285	12	5.36624  	28
286	17	4.88854  	28
287	14	3.11146  	28
288	22	12.0701  	28
289	21	9.84713  	28
290	26	9.06051  	28
291	26	8.75796  	28
292	27	10.1401  	28
293	26	11.6497  	28
294	28	12.1592  	28
295	26	11.7389  	28
296	28	11.7229  	28
297	26	13.8153  	28
298	28	13.3981  	28
299	27	15.0860  	28
300	27	14.1274  	28
301	28	13.5510  	28
302	28	15.4076  	28
303	28	16.1338  	28
304	27	15.0096  	28
305	28	17.8599  	28
306	28	16.4331  	28
307	28	16.4236  	28
308	28	16.3981  	28
309	28	15.8535  	28
310	28	16.1624  	28
311	28	17.1369  	28
312	28	17.0764  	28
313	28	15.4236  	28
314	28	17.5605  	28

Y - Directed channels:

i	max occ	av_occ		capacity
0	25	12.6688  	28
1	23	11.3854  	28
2	26	12.0605  	28
3	22	10.7866  	28
4	23	14.8344  	28
5	24	11.1592  	28
6	23	11.7102  	28
7	25	12.0318  	28
8	24	9.59873  	28
9	23	9.58917  	28
10	24	10.4554  	28
11	19	8.47771  	28
12	21	8.78662  	28
13	23	7.63694  	28
14	19	8.29618  	28
15	21	7.07643  	28
16	22	5.58917  	28
17	19	6.44586  	28
18	14	3.16242  	28
19	14	3.14650  	28
20	13	3.56051  	28
21	9	3.84395  	28
22	8	0.541401 	28
23	6	2.74204  	28
24	4	1.16879  	28
25	3	1.02229  	28
26	2	0.0254777	28
27	2	0.105096 	28
28	2	0.515924 	28
29	2	0.0191083	28
30	1	0.0127389	28
31	0	0.00000  	28
32	1	0.00636943	28
33	3	1.05732  	28
34	1	0.0127389	28
35	3	0.0573248	28
36	6	0.165605 	28
37	13	1.67516  	28
38	11	1.59236  	28
39	10	3.23885  	28
40	14	4.27707  	28
41	18	4.57962  	28
42	16	3.45541  	28
43	18	2.07962  	28
44	16	4.30255  	28
45	22	6.69108  	28
46	18	3.98408  	28
47	21	3.42357  	28
48	12	2.10191  	28
49	20	2.84395  	28
50	17	3.24841  	28
51	14	3.49045  	28
52	14	3.03185  	28
53	13	3.57325  	28
54	11	2.71019  	28
55	7	3.07325  	28
56	5	0.178344 	28
57	4	0.831210 	28
58	5	1.09236  	28
59	4	0.0955414	28
60	4	0.579618 	28
61	3	0.0318471	28
62	2	0.0541401	28
63	3	0.0382166	28
64	2	0.0286624	28
65	4	1.03822  	28
66	2	0.0318471	28
67	3	0.643312 	28
68	2	0.0254777	28
69	2	0.0573248	28
70	2	0.0414013	28
71	2	0.0796178	28
72	1	0.0127389	28
73	3	0.515924 	28
74	7	1.10828  	28
75	7	0.573248 	28
76	10	2.79299  	28
77	10	1.64650  	28
78	12	4.78344  	28
79	13	3.34076  	28
80	15	4.80573  	28
81	12	1.02229  	28
82	11	4.03185  	28
83	10	3.76115  	28
84	9	3.63057  	28
85	6	2.70701  	28
86	6	1.86306  	28
87	1	0.0222930	28
88	4	0.0541401	28
89	3	0.0573248	28
90	5	1.11146  	28
91	4	1.80255  	28
92	2	0.0350318	28
93	6	0.181529 	28
94	4	0.0509554	28
95	3	0.0254777	28
96	5	0.108280 	28
97	2	0.0414013	28
98	2	0.0191083	28
99	4	1.03185  	28
100	2	0.0382166	28
101	3	0.0605096	28
102	3	0.0700637	28
103	2	0.0541401	28
104	4	1.00318  	28
105	3	0.993631 	28
106	3	0.0445860	28
107	5	0.0859873	28
108	4	0.0477707	28
109	2	0.0509554	28
110	2	0.990446 	28
111	2	0.0700637	28
112	3	0.0796178	28
113	3	0.0636943	28
114	2	0.0477707	28
115	3	0.0382166	28
116	5	0.0859873	28
117	6	0.101911 	28
118	2	0.990446 	28
119	8	0.156051 	28
120	5	0.592357 	28
121	6	0.238853 	28
122	9	1.22293  	28
123	11	1.29618  	28
124	11	2.32803  	28
125	18	1.65287  	28
126	18	4.42675  	28
127	20	4.59554  	28
128	19	4.66879  	28
129	19	7.62420  	28
130	21	4.80573  	28
131	23	5.78025  	28
132	22	4.34395  	28
133	21	4.97452  	28
134	23	6.09236  	28
135	23	4.24841  	28
136	23	9.22930  	28
137	22	5.00318  	28
138	25	9.00000  	28
139	23	4.77070  	28
140	24	7.40127  	28
141	24	10.3758  	28
142	26	8.82166  	28
143	26	7.03185  	28
144	27	5.05414  	28
145	24	5.92038  	28
146	25	6.03503  	28
147	25	8.58599  	28
148	23	7.40764  	28
149	23	4.01592  	28
150	24	6.67197  	28
151	25	5.57325  	28
152	24	8.47771  	28
153	21	4.64331  	28
154	22	2.42357  	28
155	24	3.63057  	28
156	21	5.99045  	28
157	22	3.35669  	28
158	21	1.85987  	28
159	24	3.82803  	28
160	21	3.71975  	28
161	23	3.73885  	28
162	20	1.80892  	28
163	20	1.90764  	28
164	19	3.83121  	28
165	19	2.80573  	28
166	21	3.14013  	28
167	22	5.10828  	28
168	15	2.05096  	28
169	18	3.01911  	28
170	16	1.88854  	28
171	17	2.74522  	28
172	16	2.42038  	28
173	11	1.05096  	28
174	18	3.17834  	28
175	15	1.16879  	28
176	15	3.40446  	28
177	13	3.68153  	28
178	12	2.85669  	28
179	11	1.83758  	28
180	9	1.64013  	28
181	5	2.21019  	28
182	7	0.194268 	28
183	6	0.178344 	28
184	11	1.51911  	28
185	10	1.41083  	28
186	16	2.23248  	28
187	16	3.24204  	28
188	17	3.72930  	28
189	16	0.633758 	28
190	16	2.97771  	28
191	15	2.39809  	28
192	16	2.96497  	28
193	14	2.00000  	28
194	15	3.21975  	28
195	12	4.63376  	28
196	12	2.61146  	28
197	16	2.53822  	28
198	14	3.97771  	28
199	15	2.38854  	28
200	11	0.426752 	28
201	14	3.03822  	28
202	15	2.05732  	28
203	17	2.06688  	28
204	11	1.00637  	28
205	11	2.37898  	28
206	15	1.15605  	28
207	18	2.35032  	28
208	17	1.79618  	28
209	18	5.03185  	28
210	14	4.58599  	28
211	15	5.67516  	28
212	16	4.41720  	28
213	14	3.13694  	28
214	19	1.59554  	28
215	18	3.87261  	28
216	20	3.95223  	28
217	18	2.24522  	28
218	20	4.59873  	28
219	21	3.60828  	28
220	19	2.63376  	28
221	18	3.04777  	28
222	21	3.07325  	28
223	18	2.10828  	28
224	21	5.20701  	28
225	19	4.55096  	28
226	17	3.52866  	28
227	19	4.26752  	28
228	16	3.86306  	28
229	19	5.35987  	28
230	19	5.37580  	28
231	19	2.92675  	28
232	16	4.16242  	28
233	16	4.01274  	28
234	15	3.16879  	28
235	16	3.74522  	28
236	12	2.37580  	28
237	13	1.60828  	28
238	15	2.05096  	28
239	17	1.41401  	28
240	17	2.44904  	28
241	12	0.570064 	28
242	15	1.62102  	28
243	16	2.55732  	28
244	17	1.92038  	28
245	17	2.40446  	28
246	11	2.71019  	28
247	10	2.70064  	28
248	11	2.11465  	28
249	11	1.86306  	28
250	11	1.87580  	28
251	15	3.12102  	28
252	8	0.178344 	28
253	7	1.14013  	28
254	4	0.0828025	28
255	3	0.0382166	28
256	3	0.0573248	28
257	3	0.0636943	28
258	1	0.0127389	28
259	2	0.926752 	28
260	1	0.0127389	28
261	3	0.471338 	28
262	2	0.417197 	28
263	2	0.0445860	28
264	2	0.401274 	28
265	2	0.678344 	28
266	3	0.968153 	28
267	3	1.03185  	28
268	3	0.656051 	28
269	6	1.57962  	28
270	2	0.267516 	28
271	3	0.585987 	28
272	1	0.00955414	28
273	2	0.273885 	28
274	2	0.576433 	28
275	2	0.872611 	28
276	1	0.649682 	28
277	2	0.891720 	28
278	1	0.00636943	28
279	3	0.0318471	28
280	2	0.0127389	28
281	2	0.560510 	28
282	1	0.00636943	28
283	1	0.509554 	28
284	1	0.0159236	28
285	3	1.33121  	28
286	2	1.00000  	28
287	3	0.0573248	28
288	3	1.07962  	28
289	5	1.38217  	28
290	4	0.0573248	28
291	3	1.60191  	28
292	5	1.07962  	28
293	7	3.57325  	28
294	9	2.18471  	28
295	15	3.84395  	28
296	20	3.72930  	28
297	19	3.74204  	28
298	18	3.67834  	28
299	19	6.52229  	28
300	20	5.11146  	28
301	20	6.96497  	28
302	20	6.82166  	28
303	25	8.13376  	28
304	23	9.57962  	28
305	24	8.21019  	28
306	24	10.0669  	28
307	23	9.18471  	28
308	22	9.52229  	28
309	23	10.3185  	28
310	25	11.7803  	28
311	24	11.6306  	28
312	23	12.2643  	28
313	22	11.9841  	28
314	26	13.9682  	28

Total Tracks in X-direction: 8820  in Y-direction: 8820

Logic Area (in minimum width transistor areas):
Total Logic Area: 2.95788e+09  Per 1x1 logic tile: 30000

Routing area (in minimum width transistor areas):
Total Routing Area: 3.55676e+08  Per logic tile: 3607.40

Segment usage by type (index):
Segment type       Fractional utilization
------------       ----------------------
       0                   0.12

Segment usage by length:
Segment length       Fractional utilization
--------------       ----------------------
        2                    0.12

Critical Path: 1.32623e-07 (s)

Time elapsed (PLACE&ROUTE): 1078299103.352000 ms


Time elapsed (Fernando): 1078299103.367000 ms

