
VPR FPGA Placement and Routing.
Version: Version 5.0.2
Compiled: Dec 11 2020.
Original VPR by V. Betz.
Timing-driven placement enhancements by A. Marquardt.
Single-drivers enhancements by Andy Ye with additions by.
Mark Fang, Jason Luu, Ted Campbell
Heterogeneous stucture support by Jason Luu and Ted Campbell.
This code is licensed only for non-commercial use.

Auto-sizing FPGA, try x = 50 y = 50
Auto-sizing FPGA, try x = 100 y = 100
Auto-sizing FPGA, try x = 200 y = 200
Auto-sizing FPGA, try x = 400 y = 400
Auto-sizing FPGA, try x = 200 y = 200
Auto-sizing FPGA, try x = 300 y = 300
Auto-sizing FPGA, try x = 250 y = 250
Auto-sizing FPGA, try x = 225 y = 225
Auto-sizing FPGA, try x = 237 y = 237
Auto-sizing FPGA, try x = 243 y = 243
Auto-sizing FPGA, try x = 240 y = 240
Auto-sizing FPGA, try x = 238 y = 238
Auto-sizing FPGA, try x = 239 y = 239
Auto-sizing FPGA, try x = 239 y = 239
FPGA auto-sized to, x = 240 y = 240

Resource Usage:
Netlist      0	blocks of type <EMPTY>
Architecture 4	blocks of type <EMPTY>
Netlist      957	blocks of type .io
Architecture 960	blocks of type .io
Netlist      1539	blocks of type .clb
Architecture 57600	blocks of type .clb

Timing analysis: ON

Operation:  ROUTE_ONLY

PlacerOpts.place_freq:  PLACE_NEVER

RouterOpts.route_type:  DETAILED
RouterOpts.router_algorithm:  TIMING_DRIVEN
RouterOpts.base_cost_type:  DELAY_NORMALIZED
RouterOpts.fixed_channel_width:  NO_FIXED_CHANNEL_WIDTH
RouterOpts.acc_fac:  1.000000
RouterOpts.bb_factor:  3
RouterOpts.bend_cost:  0.000000
RouterOpts.first_iter_pres_fac:  0.500000
RouterOpts.initial_pres_fac:  0.500000
RouterOpts.pres_fac_mult:  1.300000
RouterOpts.max_router_iterations:  50
RouterOpts.astar_fac:  1.200000
RouterOpts.criticality_exp:  1.000000
RouterOpts.max_criticality:  0.990000

RoutingArch.directionality:  UNI_DIRECTIONAL
RoutingArch.switch_block_type:  WILTON
RoutingArch.Fs:  3

The circuit will be mapped into a 240 x 240 array of clbs.

Netlist num_nets:  2373
Netlist num_blocks:  2496
Netlist inputs pins:  834
Netlist output pins:  123

4 61 0
147 7 0
57 7 0
1 62 0
2 61 0
149 7 0
150 7 0
155 3 0
145 1 0
241 119 0
62 1 0
144 2 0
145 2 0
155 2 0
139 239 0
206 7 0
154 4 0
144 234 0
148 6 0
238 164 0
2 4 0
58 3 0
18 241 0
146 6 0
105 238 0
102 240 0
162 240 0
238 66 0
238 0 0
120 240 0
241 113 0
241 159 0
4 187 0
168 0 0
48 0 0
175 241 0
0 212 0
70 1 0
86 1 0
167 0 0
147 240 0
140 1 0
1 110 0
132 240 0
0 112 0
62 6 0
5 69 0
62 240 0
240 29 0
239 131 0
240 145 0
57 8 0
191 1 0
60 1 0
165 1 0
216 0 0
0 36 0
240 110 0
0 213 0
0 18 0
240 195 0
1 123 0
11 240 0
241 117 0
115 240 0
2 50 0
241 87 0
195 241 0
240 50 0
114 0 0
147 239 0
60 5 0
63 7 0
30 239 0
240 53 0
239 51 0
238 50 0
241 56 0
240 163 0
241 39 0
140 2 0
1 155 0
240 51 0
192 240 0
23 0 0
142 239 0
94 0 0
238 27 0
17 0 0
0 208 0
241 228 0
241 133 0
90 241 0
241 235 0
2 228 0
3 181 0
240 48 0
1 227 0
19 241 0
1 111 0
161 238 0
240 161 0
231 1 0
237 66 0
1 74 0
29 241 0
241 161 0
238 64 0
236 0 0
240 162 0
2 166 0
1 112 0
0 154 0
240 164 0
241 26 0
238 159 0
0 172 0
239 163 0
60 3 0
84 5 0
239 63 0
60 4 0
239 171 0
239 49 0
239 174 0
241 58 0
64 5 0
65 2 0
238 194 0
130 238 0
171 0 0
129 235 0
62 0 0
65 1 0
180 1 0
0 150 0
74 240 0
1 65 0
0 19 0
240 98 0
2 181 0
1 147 0
3 72 0
241 221 0
59 2 0
117 241 0
5 63 0
89 0 0
150 5 0
151 5 0
85 5 0
88 1 0
240 187 0
134 236 0
1 144 0
170 2 0
2 155 0
83 5 0
241 144 0
239 56 0
0 37 0
180 4 0
238 28 0
135 236 0
2 36 0
237 61 0
228 6 0
53 0 0
136 235 0
241 203 0
134 235 0
18 1 0
1 239 0
241 195 0
0 94 0
165 240 0
0 80 0
239 4 0
4 6 0
60 6 0
241 169 0
140 3 0
227 3 0
39 241 0
19 1 0
0 74 0
241 91 0
4 66 0
0 115 0
83 4 0
241 165 0
0 68 0
2 52 0
81 241 0
26 1 0
241 237 0
127 237 0
228 2 0
3 66 0
139 241 0
0 127 0
239 59 0
2 74 0
0 42 0
205 2 0
240 140 0
179 1 0
241 140 0
239 194 0
182 4 0
31 241 0
3 118 0
130 241 0
186 241 0
0 34 0
241 213 0
238 163 0
1 180 0
138 239 0
122 0 0
66 0 0
174 0 0
182 0 0
67 1 0
179 2 0
1 75 0
239 215 0
140 238 0
0 157 0
12 2 0
241 152 0
226 241 0
241 157 0
139 0 0
241 166 0
109 237 0
0 61 0
133 239 0
0 83 0
240 166 0
241 139 0
136 236 0
135 237 0
223 2 0
14 240 0
0 153 0
137 238 0
227 0 0
241 164 0
216 241 0
219 0 0
133 238 0
64 6 0
85 3 0
87 1 0
191 3 0
69 241 0
192 2 0
148 7 0
6 4 0
240 99 0
0 167 0
0 46 0
93 0 0
2 171 0
56 1 0
1 160 0
30 238 0
0 20 0
129 238 0
109 238 0
241 44 0
240 67 0
233 0 0
110 238 0
240 146 0
144 0 0
1 177 0
240 147 0
228 5 0
139 1 0
137 235 0
36 1 0
191 4 0
241 59 0
239 161 0
64 0 0
2 122 0
193 3 0
73 241 0
241 115 0
241 168 0
58 1 0
120 241 0
153 241 0
84 1 0
3 12 0
192 3 0
0 30 0
0 135 0
85 4 0
239 199 0
2 241 0
241 196 0
0 47 0
146 1 0
241 227 0
131 239 0
1 182 0
137 241 0
134 241 0
69 240 0
50 0 0
239 50 0
70 239 0
15 3 0
0 66 0
241 126 0
152 5 0
1 230 0
193 4 0
32 241 0
137 234 0
238 5 0
61 5 0
69 238 0
19 240 0
227 6 0
1 127 0
238 61 0
145 5 0
82 4 0
84 2 0
60 0 0
1 59 0
240 160 0
71 2 0
230 241 0
2 69 0
55 0 0
4 53 0
2 68 0
1 73 0
107 241 0
191 5 0
208 2 0
1 71 0
90 1 0
29 3 0
3 31 0
132 238 0
101 241 0
82 2 0
27 2 0
4 72 0
121 240 0
140 0 0
0 138 0
1 222 0
2 223 0
190 0 0
3 29 0
241 4 0
58 6 0
32 1 0
241 60 0
6 0 0
0 156 0
0 211 0
241 97 0
221 241 0
126 240 0
1 29 0
109 1 0
0 96 0
1 213 0
241 109 0
1 28 0
212 241 0
135 0 0
63 240 0
81 1 0
1 221 0
197 0 0
9 241 0
57 2 0
3 222 0
0 75 0
163 239 0
125 1 0
3 30 0
1 67 0
240 121 0
0 225 0
0 144 0
0 21 0
189 2 0
241 64 0
167 239 0
241 156 0
146 3 0
67 2 0
241 104 0
1 66 0
159 240 0
92 0 0
240 58 0
2 29 0
123 0 0
29 5 0
141 4 0
99 1 0
30 5 0
29 240 0
136 0 0
163 240 0
236 1 0
179 3 0
241 123 0
0 199 0
63 241 0
1 9 0
41 241 0
18 3 0
187 241 0
3 64 0
23 1 0
23 2 0
241 229 0
241 207 0
27 6 0
30 4 0
0 16 0
192 0 0
238 58 0
101 240 0
240 59 0
207 1 0
12 241 0
241 135 0
3 67 0
146 4 0
157 2 0
151 0 0
2 164 0
54 241 0
2 53 0
238 130 0
241 191 0
1 223 0
1 53 0
2 57 0
135 241 0
3 55 0
194 3 0
240 102 0
0 155 0
32 4 0
9 239 0
109 239 0
1 11 0
86 241 0
183 1 0
151 6 0
2 59 0
1 24 0
2 49 0
1 187 0
68 241 0
2 72 0
239 146 0
36 2 0
239 99 0
139 240 0
29 4 0
239 191 0
45 241 0
115 239 0
40 0 0
1 72 0
143 1 0
8 0 0
30 3 0
241 71 0
0 137 0
240 100 0
109 2 0
158 239 0
78 1 0
231 241 0
240 214 0
110 1 0
129 240 0
241 48 0
239 58 0
0 219 0
1 152 0
34 3 0
62 241 0
241 96 0
1 8 0
54 240 0
163 0 0
240 27 0
16 2 0
206 241 0
71 0 0
1 84 0
33 2 0
5 0 0
31 4 0
102 0 0
111 238 0
239 151 0
52 0 0
229 5 0
137 237 0
132 237 0
240 197 0
147 3 0
241 80 0
0 98 0
230 0 0
174 241 0
144 238 0
128 238 0
241 163 0
0 65 0
220 241 0
240 125 0
1 191 0
157 0 0
68 240 0
227 4 0
241 224 0
0 72 0
33 5 0
241 189 0
138 237 0
93 241 0
28 4 0
159 239 0
5 5 0
0 231 0
239 227 0
199 0 0
3 58 0
55 240 0
181 4 0
0 184 0
1 122 0
200 240 0
166 240 0
3 99 0
3 189 0
157 240 0
148 5 0
158 240 0
22 1 0
15 4 0
34 4 0
0 190 0
2 63 0
134 240 0
27 5 0
239 124 0
240 12 0
85 1 0
144 3 0
28 0 0
1 190 0
77 240 0
3 50 0
127 240 0
241 147 0
23 241 0
61 0 0
126 238 0
202 0 0
241 74 0
54 239 0
0 173 0
3 100 0
241 18 0
241 89 0
6 241 0
1 64 0
3 59 0
241 151 0
109 241 0
0 73 0
1 189 0
100 0 0
8 241 0
18 2 0
240 148 0
16 241 0
125 240 0
161 239 0
222 0 0
0 191 0
135 238 0
1 57 0
24 0 0
70 2 0
142 2 0
240 191 0
114 240 0
241 12 0
201 240 0
240 205 0
28 241 0
26 240 0
0 239 0
4 65 0
87 2 0
130 240 0
26 241 0
0 188 0
169 240 0
5 239 0
84 4 0
240 85 0
8 240 0
82 6 0
1 241 0
238 49 0
12 0 0
1 124 0
82 0 0
143 236 0
113 0 0
232 239 0
83 2 0
1 69 0
169 1 0
3 53 0
181 241 0
1 51 0
118 0 0
2 173 0
115 241 0
190 241 0
14 1 0
0 203 0
168 241 0
26 2 0
24 1 0
171 1 0
2 28 0
8 238 0
239 158 0
1 60 0
73 0 0
1 109 0
141 3 0
241 35 0
0 125 0
2 30 0
125 239 0
10 240 0
0 24 0
2 12 0
241 219 0
1 224 0
0 181 0
110 237 0
228 0 0
134 1 0
170 4 0
130 237 0
241 10 0
112 241 0
1 172 0
0 186 0
2 145 0
9 240 0
240 190 0
101 239 0
152 6 0
180 0 0
0 147 0
1 183 0
7 0 0
10 239 0
239 60 0
93 1 0
159 241 0
240 47 0
68 2 0
16 0 0
136 240 0
35 2 0
240 230 0
24 3 0
2 123 0
238 6 0
14 2 0
87 3 0
133 2 0
14 3 0
226 3 0
25 1 0
164 240 0
25 241 0
24 2 0
71 240 0
239 196 0
1 23 0
149 3 0
241 222 0
37 1 0
108 241 0
31 2 0
0 133 0
241 206 0
10 2 0
227 5 0
190 3 0
95 241 0
82 5 0
0 9 0
6 240 0
201 241 0
1 212 0
30 1 0
7 4 0
13 1 0
0 195 0
13 3 0
153 6 0
86 2 0
241 148 0
240 90 0
83 240 0
204 0 0
3 144 0
144 1 0
11 2 0
238 172 0
0 202 0
179 241 0
203 0 0
61 6 0
144 6 0
168 239 0
241 173 0
4 73 0
32 240 0
150 0 0
62 239 0
58 7 0
0 49 0
240 25 0
240 0 0
225 241 0
3 68 0
84 3 0
239 125 0
240 193 0
237 0 0
57 1 0
55 241 0
2 190 0
3 182 0
64 2 0
241 16 0
68 0 0
241 177 0
33 1 0
65 3 0
1 22 0
239 98 0
1 121 0
240 126 0
1 7 0
0 6 0
238 48 0
241 38 0
134 237 0
239 123 0
13 239 0
142 237 0
238 192 0
1 140 0
6 67 0
3 237 0
156 2 0
27 0 0
169 241 0
240 123 0
1 70 0
142 236 0
181 0 0
3 125 0
189 0 0
60 7 0
0 93 0
4 70 0
3 62 0
129 237 0
224 241 0
240 30 0
130 0 0
240 124 0
108 0 0
71 239 0
204 241 0
241 153 0
34 2 0
88 3 0
0 131 0
240 4 0
5 67 0
0 146 0
58 241 0
241 176 0
20 0 0
1 192 0
4 99 0
3 241 0
166 238 0
33 3 0
238 60 0
197 241 0
132 1 0
21 241 0
57 4 0
141 240 0
66 1 0
110 241 0
240 206 0
1 6 0
224 1 0
0 92 0
170 241 0
238 193 0
130 239 0
1 186 0
78 240 0
208 1 0
27 4 0
29 2 0
142 241 0
241 142 0
0 91 0
83 7 0
57 5 0
5 64 0
189 241 0
176 241 0
116 0 0
225 3 0
30 0 0
155 240 0
70 0 0
240 129 0
0 67 0
179 0 0
236 2 0
240 227 0
4 63 0
141 238 0
240 131 0
1 194 0
62 5 0
61 3 0
128 234 0
3 60 0
143 3 0
240 49 0
0 14 0
4 144 0
241 240 0
218 0 0
70 240 0
1 139 0
156 4 0
180 2 0
137 0 0
162 238 0
133 241 0
226 4 0
0 193 0
2 99 0
160 0 0
193 240 0
209 1 0
0 194 0
0 43 0
0 78 0
240 159 0
162 239 0
241 216 0
95 0 0
32 0 0
110 236 0
77 241 0
0 206 0
144 235 0
164 0 0
239 192 0
240 69 0
240 108 0
182 2 0
1 33 0
1 179 0
0 107 0
0 39 0
67 241 0
109 0 0
2 140 0
241 98 0
1 98 0
241 231 0
0 237 0
2 124 0
2 213 0
54 2 0
158 0 0
241 199 0
38 0 0
2 111 0
15 0 0
239 200 0
7 66 0
241 50 0
124 0 0
135 240 0
2 0 0
120 239 0
140 239 0
129 241 0
211 0 0
129 239 0
69 1 0
240 199 0
27 240 0
3 238 0
85 2 0
133 237 0
62 7 0
139 2 0
71 1 0
241 200 0
239 178 0
4 64 0
59 3 0
6 64 0
6 1 0
1 83 0
0 240 0
157 239 0
5 6 0
72 1 0
190 1 0
239 190 0
0 105 0
163 238 0
1 68 0
241 188 0
0 121 0
30 2 0
96 241 0
241 218 0
237 241 0
127 239 0
240 122 0
0 204 0
8 3 0
193 1 0
196 241 0
148 0 0
0 60 0
3 56 0
241 22 0
241 34 0
238 51 0
228 4 0
59 5 0
138 241 0
240 156 0
1 31 0
1 49 0
181 1 0
170 240 0
68 1 0
0 95 0
3 98 0
2 125 0
106 241 0
63 5 0
123 241 0
240 194 0
1 238 0
238 177 0
32 3 0
2 110 0
240 28 0
84 0 0
156 240 0
99 2 0
156 239 0
0 140 0
219 241 0
134 234 0
1 151 0
240 192 0
63 8 0
144 240 0
0 15 0
238 190 0
156 0 0
240 68 0
89 1 0
241 100 0
0 101 0
3 23 0
108 236 0
194 241 0
240 228 0
225 1 0
183 2 0
141 5 0
1 173 0
165 241 0
79 0 0
1 46 0
97 241 0
241 17 0
3 190 0
238 195 0
128 240 0
72 0 0
238 63 0
239 97 0
64 241 0
131 240 0
239 229 0
1 97 0
237 163 0
21 240 0
0 56 0
66 2 0
240 167 0
77 239 0
149 6 0
46 241 0
240 165 0
0 77 0
240 139 0
2 55 0
79 240 0
210 0 0
51 0 0
239 230 0
14 0 0
2 26 0
235 0 0
0 141 0
105 240 0
26 239 0
73 240 0
0 8 0
0 192 0
157 241 0
13 2 0
133 236 0
224 0 0
76 241 0
151 2 0
155 0 0
234 239 0
27 3 0
34 241 0
10 241 0
192 4 0
0 51 0
163 237 0
241 134 0
32 2 0
241 210 0
0 158 0
3 2 0
240 232 0
182 5 0
241 84 0
35 0 0
2 117 0
1 99 0
158 241 0
136 239 0
241 29 0
241 57 0
222 241 0
240 103 0
239 156 0
0 224 0
241 190 0
136 241 0
141 0 0
56 2 0
1 56 0
1 100 0
100 240 0
241 88 0
238 131 0
241 132 0
1 27 0
20 241 0
20 239 0
240 86 0
240 33 0
153 0 0
141 236 0
138 236 0
3 101 0
240 200 0
134 239 0
0 111 0
215 0 0
72 240 0
3 5 0
0 222 0
148 241 0
28 2 0
0 84 0
239 109 0
126 239 0
0 126 0
136 234 0
241 99 0
100 241 0
153 5 0
31 239 0
135 239 0
6 65 0
1 188 0
0 234 0
4 7 0
10 0 0
0 165 0
222 1 0
51 241 0
41 0 0
213 241 0
184 241 0
0 33 0
238 176 0
237 60 0
59 6 0
1 167 0
56 241 0
33 241 0
58 0 0
3 65 0
241 215 0
29 1 0
241 154 0
239 48 0
3 188 0
240 158 0
91 241 0
169 0 0
0 22 0
240 109 0
58 2 0
6 5 0
241 2 0
1 142 0
0 220 0
3 187 0
240 172 0
2 84 0
2 240 0
25 240 0
166 239 0
76 239 0
240 188 0
239 29 0
107 0 0
0 110 0
94 241 0
0 123 0
69 0 0
0 90 0
2 152 0
208 241 0
70 238 0
239 7 0
2 98 0
4 190 0
193 241 0
238 161 0
241 185 0
204 1 0
3 32 0
119 240 0
167 240 0
241 108 0
240 3 0
240 201 0
135 235 0
214 0 0
132 239 0
138 1 0
0 70 0
1 170 0
238 59 0
1 178 0
34 1 0
240 231 0
3 143 0
240 113 0
0 13 0
103 241 0
104 0 0
239 189 0
0 151 0
138 240 0
239 193 0
0 176 0
93 240 0
0 223 0
148 3 0
240 178 0
141 234 0
134 2 0
0 216 0
241 61 0
59 0 0
213 0 0
147 241 0
235 1 0
82 1 0
3 145 0
238 191 0
15 2 0
241 197 0
118 241 0
1 113 0
0 64 0
105 236 0
128 239 0
26 0 0
239 165 0
241 128 0
2 187 0
27 1 0
112 238 0
241 23 0
3 70 0
161 241 0
0 215 0
240 52 0
28 3 0
26 4 0
241 101 0
26 3 0
30 240 0
229 241 0
156 1 0
241 54 0
224 3 0
151 241 0
134 238 0
0 59 0
218 241 0
240 62 0
0 28 0
3 71 0
1 35 0
225 4 0
129 236 0
3 61 0
0 25 0
240 196 0
240 96 0
241 223 0
241 65 0
3 180 0
3 63 0
103 239 0
1 156 0
3 7 0
82 3 0
128 235 0
2 222 0
83 6 0
1 214 0
146 240 0
101 0 0
5 70 0
133 240 0
2 64 0
3 52 0
147 5 0
3 4 0
143 2 0
53 1 0
55 1 0
1 52 0
4 188 0
101 1 0
1 50 0
241 209 0
1 45 0
2 188 0
2 2 0
58 5 0
2 60 0
238 156 0
241 42 0
2 70 0
160 241 0
241 86 0
4 5 0
127 235 0
240 31 0
241 180 0
1 32 0
196 0 0
178 0 0
2 189 0
224 2 0
227 1 0
140 240 0
139 237 0
137 236 0
193 2 0
241 3 0
241 186 0
154 6 0
239 3 0
226 1 0
241 6 0
238 162 0
148 240 0
141 1 0
240 212 0
241 70 0
5 65 0
44 0 0
141 2 0
61 2 0
80 0 0
0 232 0
241 103 0
55 2 0
89 2 0
164 241 0
1 55 0
35 3 0
241 1 0
75 240 0
134 0 0
128 236 0
0 102 0
240 70 0
241 33 0
76 240 0
14 241 0
0 205 0
98 241 0
0 104 0
225 2 0
40 241 0
0 71 0
239 69 0
2 58 0
108 237 0
0 201 0
83 3 0
62 4 0
62 3 0
1 16 0
74 0 0
59 4 0
10 1 0
240 171 0
240 155 0
58 4 0
31 240 0
239 159 0
5 4 0
0 228 0
186 2 0
13 238 0
136 237 0
6 3 0
238 3 0
2 236 0
240 57 0
188 2 0
1 21 0
241 136 0
233 238 0
81 0 0
241 232 0
241 120 0
233 240 0
241 187 0
105 237 0
233 241 0
234 240 0
209 241 0
233 239 0
241 234 0
155 5 0
240 233 0
85 241 0
241 90 0
61 4 0
240 91 0
241 146 0
232 240 0
93 2 0
102 239 0
0 229 0
200 241 0
240 26 0
0 79 0
165 0 0
239 128 0
94 240 0
191 2 0
190 2 0
93 239 0
92 240 0
8 239 0
0 196 0
239 213 0
189 1 0
119 0 0
49 0 0
241 40 0
231 2 0
185 0 0
36 0 0
240 2 0
1 237 0
98 1 0
69 2 0
1 4 0
240 77 0
5 238 0
239 241 0
200 239 0
188 1 0
239 2 0
0 100 0
240 1 0
188 4 0
238 1 0
187 1 0
152 0 0
192 1 0
1 5 0
119 241 0
239 1 0
1 14 0
56 6 0
147 2 0
240 127 0
111 0 0
22 241 0
4 3 0
0 143 0
4 4 0
1 3 0
47 0 0
240 204 0
84 241 0
241 204 0
125 3 0
165 2 0
125 2 0
124 1 0
19 0 0
126 1 0
149 241 0
149 4 0
31 0 0
240 170 0
127 0 0
0 162 0
128 241 0
127 1 0
0 207 0
240 213 0
3 239 0
29 239 0
126 2 0
3 3 0
1 206 0
1 1 0
1 2 0
235 241 0
48 241 0
188 0 0
31 1 0
241 205 0
241 172 0
2 31 0
0 76 0
1 154 0
184 3 0
176 0 0
0 197 0
241 107 0
102 241 0
200 0 0
64 1 0
185 241 0
149 1 0
0 221 0
0 3 0
238 123 0
12 238 0
128 237 0
0 4 0
12 239 0
61 240 0
79 241 0
14 239 0
133 1 0
0 97 0
149 240 0
47 241 0
147 1 0
0 189 0
186 0 0
2 179 0
229 3 0
205 240 0
90 0 0
0 108 0
0 29 0
33 4 0
238 171 0
206 240 0
60 2 0
135 1 0
206 239 0
0 38 0
2 33 0
100 1 0
205 239 0
239 170 0
34 0 0
241 171 0
241 92 0
152 241 0
205 241 0
35 241 0
0 23 0
241 72 0
2 146 0
205 238 0
23 3 0
58 8 0
148 239 0
4 239 0
44 241 0
150 241 0
241 45 0
241 41 0
12 240 0
11 239 0
2 100 0
1 181 0
22 240 0
12 237 0
5 3 0
240 189 0
2 5 0
2 128 0
185 1 0
25 3 0
2 23 0
2 7 0
142 3 0
187 2 0
3 6 0
125 238 0
180 3 0
0 69 0
240 208 0
112 0 0
188 3 0
0 45 0
160 240 0
2 1 0
239 129 0
238 174 0
239 172 0
170 3 0
207 2 0
169 2 0
0 119 0
56 3 0
157 1 0
237 65 0
241 15 0
241 114 0
0 177 0
201 0 0
241 225 0
240 209 0
86 3 0
12 1 0
238 68 0
13 240 0
87 4 0
241 193 0
87 0 0
4 69 0
241 28 0
7 241 0
209 3 0
239 101 0
171 2 0
7 3 0
155 241 0
217 241 0
1 171 0
75 239 0
108 239 0
240 174 0
239 175 0
113 239 0
241 55 0
191 0 0
154 240 0
239 177 0
109 236 0
240 66 0
240 176 0
193 5 0
4 240 0
2 46 0
240 13 0
240 177 0
240 65 0
0 50 0
5 240 0
220 0 0
63 0 0
0 130 0
240 114 0
60 241 0
13 4 0
241 198 0
0 52 0
240 175 0
2 118 0
0 238 0
241 8 0
9 0 0
113 240 0
206 2 0
112 239 0
35 1 0
240 112 0
137 239 0
241 158 0
0 174 0
109 240 0
239 228 0
173 0 0
0 55 0
1 146 0
1 0 0
138 0 0
169 3 0
239 173 0
239 176 0
240 173 0
5 143 0
241 27 0
132 241 0
5 2 0
120 0 0
5 1 0
3 1 0
0 118 0
171 3 0
240 130 0
180 5 0
206 5 0
1 175 0
64 4 0
63 4 0
2 6 0
60 8 0
240 141 0
63 3 0
199 240 0
240 150 0
186 1 0
4 2 0
65 4 0
145 237 0
63 2 0
62 2 0
154 1 0
4 71 0
57 6 0
6 2 0
6 6 0
2 231 0
187 3 0
239 162 0
56 4 0
239 52 0
204 3 0
66 3 0
0 210 0
2 62 0
0 40 0
239 188 0
241 192 0
127 236 0
239 195 0
1 63 0
241 49 0
81 5 0
3 69 0
152 1 0
207 0 0
144 5 0
59 7 0
239 122 0
3 51 0
143 233 0
38 241 0
152 4 0
151 4 0
149 5 0
206 1 0
142 238 0
207 5 0
99 0 0
207 6 0
153 1 0
0 136 0
241 66 0
241 7 0
240 61 0
170 1 0
1 163 0
121 241 0
148 4 0
238 65 0
3 240 0
239 66 0
237 62 0
241 11 0
2 238 0
239 68 0
236 63 0
239 67 0
1 145 0
236 64 0
240 78 0
198 241 0
241 143 0
241 63 0
143 234 0
154 241 0
240 73 0
241 76 0
78 241 0
0 26 0
1 161 0
206 6 0
238 175 0
241 77 0
106 238 0
20 240 0
37 241 0
241 25 0
1 15 0
241 131 0
241 67 0
2 66 0
234 0 0
0 86 0
19 239 0
241 138 0
2 126 0
1 125 0
240 97 0
240 95 0
89 241 0
2 239 0
0 106 0
151 3 0
239 26 0
1 126 0
227 2 0
27 241 0
241 53 0
164 1 0
208 3 0
241 110 0
241 105 0
177 0 0
182 3 0
241 155 0
154 0 0
88 2 0
2 237 0
124 2 0
240 9 0
183 0 0
142 234 0
238 67 0
240 63 0
132 236 0
1 236 0
53 241 0
69 3 0
240 84 0
1 240 0
130 236 0
152 3 0
148 2 0
0 142 0
151 1 0
150 2 0
2 183 0
227 241 0
1 162 0
2 182 0
1 120 0
240 45 0
29 0 0
0 182 0
85 0 0
2 127 0
241 181 0
240 76 0
11 0 0
0 62 0
238 188 0
179 4 0
240 10 0
86 0 0
0 2 0
241 127 0
241 24 0
110 2 0
241 150 0
239 160 0
238 57 0
11 237 0
116 240 0
149 2 0
106 237 0
240 241 0
2 51 0
151 7 0
117 240 0
57 3 0
143 239 0
116 241 0
114 241 0
2 67 0
236 241 0
4 62 0
238 4 0
223 241 0
56 0 0
239 166 0
148 1 0
149 0 0
71 241 0
150 1 0
228 241 0
0 113 0
3 22 0
4 1 0
0 32 0
2 13 0
22 2 0
1 20 0
21 1 0
180 241 0
2 22 0
0 134 0
241 13 0
22 0 0
102 238 0
239 155 0
99 240 0
66 241 0
1 13 0
125 0 0
0 81 0
0 160 0
162 0 0
0 12 0
241 129 0
0 139 0
165 239 0
2 25 0
150 3 0
147 4 0
4 67 0
2 20 0
84 239 0
239 64 0
2 21 0
2 24 0
241 201 0
240 32 0
0 217 0
154 3 0
152 2 0
1 10 0
239 62 0
241 182 0
238 173 0
153 4 0
239 140 0
207 4 0
2 71 0
205 5 0
210 2 0
204 2 0
75 238 0
107 2 0
184 2 0
205 1 0
101 2 0
206 3 0
3 57 0
107 240 0
240 74 0
240 72 0
241 95 0
78 2 0
168 240 0
241 73 0
241 32 0
0 166 0
239 153 0
1 30 0
43 241 0
113 241 0
158 1 0
4 52 0
140 4 0
3 230 0
156 3 0
152 7 0
67 0 0
75 241 0
203 241 0
140 241 0
241 83 0
146 241 0
57 0 0
215 241 0
181 2 0
240 60 0
142 1 0
0 57 0
54 1 0
182 1 0
173 241 0
240 7 0
241 178 0
99 241 0
0 200 0
39 0 0
1 229 0
5 144 0
143 0 0
192 241 0
24 4 0
11 238 0
143 241 0
108 1 0
22 3 0
108 2 0
0 88 0
237 154 0
0 87 0
107 1 0
223 0 0
241 122 0
206 4 0
132 2 0
210 1 0
238 155 0
184 1 0
105 239 0
239 152 0
239 27 0
240 23 0
92 1 0
82 240 0
198 0 0
240 24 0
85 240 0
240 182 0
240 153 0
1 184 0
64 3 0
1 165 0
241 31 0
241 160 0
37 0 0
1 185 0
189 3 0
30 241 0
208 0 0
84 240 0
111 240 0
107 238 0
240 56 0
225 0 0
240 229 0
189 4 0
241 85 0
128 0 0
237 64 0
83 239 0
4 181 0
142 240 0
239 100 0
83 241 0
240 120 0
131 241 0
142 0 0
238 25 0
239 154 0
240 151 0
240 154 0
17 241 0
77 1 0
240 152 0
10 238 0
115 0 0
241 116 0
28 1 0
241 106 0
78 0 0
67 240 0
239 57 0
76 0 0
70 241 0
15 241 0
0 129 0
192 239 0
241 111 0
46 0 0
239 24 0
237 153 0
232 241 0
2 121 0
238 152 0
239 25 0
147 0 0
126 0 0
209 2 0
238 153 0
195 0 0
205 4 0
69 239 0
163 241 0
205 3 0
31 3 0
240 157 0
183 3 0
181 3 0
234 241 0
207 3 0
155 1 0
2 65 0
4 143 0
208 4 0
110 0 0
153 2 0
0 218 0
205 6 0
237 152 0
204 4 0
241 68 0
140 235 0
170 0 0
141 235 0
21 239 0
104 238 0
116 239 0
104 239 0
240 134 0
241 112 0
108 240 0
107 239 0
5 66 0
3 37 0
3 35 0
239 121 0
239 126 0
0 109 0
56 7 0
21 0 0
131 238 0
4 238 0
147 6 0
229 0 0
238 122 0
241 124 0
0 103 0
241 37 0
164 239 0
161 240 0
161 0 0
241 211 0
238 241 0
17 1 0
237 67 0
241 230 0
75 0 0
202 241 0
2 34 0
156 238 0
204 240 0
239 130 0
1 34 0
2 178 0
143 237 0
59 1 0
0 122 0
223 1 0
0 35 0
2 9 0
239 0 0
241 175 0
1 58 0
0 227 0
154 5 0
2 35 0
0 179 0
241 14 0
104 236 0
166 237 0
241 5 0
167 238 0
108 3 0
168 238 0
36 241 0
241 130 0
0 48 0
11 1 0
240 128 0
166 241 0
1 148 0
238 125 0
33 0 0
3 36 0
106 236 0
183 241 0
161 237 0
239 61 0
240 133 0
164 238 0
0 235 0
240 132 0
240 6 0
228 3 0
165 238 0
229 4 0
241 183 0
4 237 0
74 238 0
0 183 0
1 166 0
106 239 0
229 2 0
7 240 0
78 239 0
18 0 0
239 164 0
80 240 0
241 217 0
110 240 0
5 241 0
241 220 0
241 184 0
1 164 0
162 241 0
0 120 0
239 8 0
238 154 0
241 82 0
67 3 0
63 6 0
141 241 0
135 234 0
238 7 0
241 149 0
0 54 0
232 1 0
106 240 0
241 51 0
230 3 0
230 1 0
4 68 0
228 1 0
230 2 0
226 2 0
11 241 0
2 32 0
172 0 0
88 241 0
241 94 0
240 179 0
146 0 0
241 93 0
240 54 0
0 214 0
0 198 0
2 230 0
2 56 0
1 12 0
239 11 0
2 191 0
214 241 0
0 10 0
5 72 0
87 241 0
241 52 0
237 63 0
1 168 0
141 239 0
2 8 0
238 124 0
1 169 0
239 167 0
2 163 0
175 0 0
104 240 0
238 62 0
241 194 0
103 240 0
111 239 0
240 240 0
110 239 0
83 1 0
241 102 0
239 132 0
108 238 0
239 127 0
160 239 0
143 238 0
2 229 0
2 120 0
164 237 0
3 146 0
240 11 0
1 143 0
240 207 0
2 143 0
45 0 0
2 144 0
168 2 0
239 214 0
156 241 0
241 214 0
97 0 0
142 235 0
207 241 0
241 20 0
131 0 0
43 0 0
2 180 0
241 137 0
145 0 0
0 230 0
205 0 0
0 99 0
1 228 0
0 164 0
2 3 0
133 0 0
0 168 0
103 237 0
1 117 0
4 0 0
217 0 0
104 237 0
240 71 0
150 4 0
1 119 0
1 118 0
238 69 0
2 119 0
241 78 0
0 236 0
2 142 0
240 64 0
240 5 0
0 7 0
239 198 0
4 189 0
239 6 0
74 241 0
241 162 0
0 148 0
6 66 0
1 36 0
241 208 0
4 32 0
210 241 0
74 239 0
54 0 0
0 1 0
194 0 0
131 237 0
241 121 0
13 0 0
141 237 0
240 210 0
240 211 0
145 241 0
2 16 0
204 239 0
241 212 0
1 141 0
0 185 0
0 114 0
102 1 0
80 241 0
65 0 0
52 241 0
241 174 0
0 209 0
239 5 0
143 240 0
240 101 0
240 8 0
239 65 0
2 148 0
238 26 0
136 238 0
144 237 0
3 142 0
137 240 0
139 238 0
2 147 0
112 240 0
142 233 0
143 235 0
145 238 0
25 2 0
150 6 0
138 238 0
231 3 0
231 4 0
240 198 0
153 3 0
186 3 0
146 2 0
146 5 0
2 172 0
144 4 0
229 1 0
154 2 0
111 241 0
145 3 0
104 241 0
145 4 0
61 1 0
63 1 0
140 237 0
140 236 0
155 4 0
1 61 0
121 0 0
0 63 0
129 0 0
184 0 0
106 0 0
241 62 0
241 46 0
241 125 0
182 241 0
0 159 0
241 167 0
0 161 0
241 236 0
3 0 0
103 0 0
0 128 0
241 170 0
91 0 0
72 241 0
61 241 0
122 241 0
221 0 0
177 241 0
24 241 0
0 17 0
0 58 0
13 241 0
0 169 0
172 241 0
241 179 0
0 5 0
117 0 0
0 44 0
126 241 0
96 0 0
0 171 0
0 27 0
0 53 0
0 31 0
4 241 0
25 0 0
241 238 0
132 0 0
231 0 0
167 241 0
241 141 0
0 187 0
65 241 0
0 82 0
0 89 0
125 241 0
212 0 0
144 241 0
241 202 0
0 116 0
0 226 0
105 0 0
0 124 0
42 0 0
98 0 0
0 117 0
241 233 0
0 163 0
0 233 0
77 0 0
241 9 0
241 118 0
241 43 0
206 0 0
0 170 0
0 132 0
241 239 0
124 241 0
0 11 0
241 79 0
241 30 0
171 241 0
241 75 0
88 0 0
83 0 0
241 21 0
59 241 0
159 0 0
191 241 0
232 0 0
211 241 0
0 85 0
226 0 0
42 241 0
193 0 0
241 47 0
241 69 0
0 175 0
166 0 0
82 241 0
187 0 0
0 149 0
0 152 0
0 41 0
241 81 0
241 36 0
209 0 0
105 241 0
199 241 0
92 241 0
188 241 0
0 178 0
0 180 0
178 241 0
0 145 0
241 19 0
241 226 0
127 241 0
241 145 0
low, high, current -1 -1 8
Confirming Router Algorithm: TIMING_DRIVEN.
T_crit: 1.26588e-07.
T_crit: 1.26206e-07.
T_crit: 1.26425e-07.
T_crit: 1.26313e-07.
T_crit: 1.26312e-07.
T_crit: 1.26313e-07.
T_crit: 1.26319e-07.
T_crit: 1.26319e-07.
T_crit: 1.2632e-07.
T_crit: 1.26322e-07.
T_crit: 1.26322e-07.
T_crit: 1.2653e-07.
T_crit: 1.26579e-07.
T_crit: 1.26842e-07.
T_crit: 1.27156e-07.
T_crit: 1.27275e-07.
T_crit: 1.27472e-07.
T_crit: 1.28309e-07.
T_crit: 1.28516e-07.
T_crit: 1.28101e-07.
T_crit: 1.3029e-07.
T_crit: 1.29346e-07.
T_crit: 1.30707e-07.
T_crit: 1.31335e-07.
T_crit: 1.31536e-07.
T_crit: 1.32683e-07.
T_crit: 1.32898e-07.
T_crit: 1.33502e-07.
T_crit: 1.3341e-07.
T_crit: 1.33403e-07.
T_crit: 1.34336e-07.
T_crit: 1.33598e-07.
T_crit: 1.35045e-07.
T_crit: 1.35684e-07.
T_crit: 1.35566e-07.
T_crit: 1.35779e-07.
T_crit: 1.35595e-07.
T_crit: 1.35389e-07.
T_crit: 1.35267e-07.
T_crit: 1.35692e-07.
T_crit: 1.35457e-07.
T_crit: 1.36716e-07.
T_crit: 1.36627e-07.
T_crit: 1.35376e-07.
T_crit: 1.3725e-07.
T_crit: 1.35984e-07.
T_crit: 1.39424e-07.
T_crit: 1.37778e-07.
T_crit: 1.36318e-07.
T_crit: 1.3629e-07.
Routing failed.
low, high, current 8 -1 16
Confirming Router Algorithm: TIMING_DRIVEN.
T_crit: 1.26633e-07.
T_crit: 1.2621e-07.
T_crit: 1.26408e-07.
T_crit: 1.26418e-07.
T_crit: 1.26417e-07.
T_crit: 1.26313e-07.
T_crit: 1.26313e-07.
T_crit: 1.26417e-07.
T_crit: 1.26417e-07.
T_crit: 1.26417e-07.
T_crit: 1.26417e-07.
T_crit: 1.26417e-07.
T_crit: 1.26417e-07.
T_crit: 1.26417e-07.
T_crit: 1.26417e-07.
T_crit: 1.26521e-07.
T_crit: 1.26626e-07.
T_crit: 1.26626e-07.
T_crit: 1.26626e-07.
T_crit: 1.26626e-07.
T_crit: 1.27009e-07.
T_crit: 1.26626e-07.
T_crit: 1.26626e-07.
T_crit: 1.26626e-07.
T_crit: 1.27292e-07.
T_crit: 1.26778e-07.
T_crit: 1.26852e-07.
T_crit: 1.2705e-07.
T_crit: 1.27088e-07.
T_crit: 1.26949e-07.
T_crit: 1.27677e-07.
T_crit: 1.27572e-07.
T_crit: 1.27885e-07.
T_crit: 1.28131e-07.
T_crit: 1.28131e-07.
T_crit: 1.28353e-07.
T_crit: 1.28133e-07.
T_crit: 1.2772e-07.
T_crit: 1.27829e-07.
T_crit: 1.27792e-07.
T_crit: 1.28519e-07.
T_crit: 1.2779e-07.
T_crit: 1.28038e-07.
T_crit: 1.27811e-07.
T_crit: 1.27802e-07.
T_crit: 1.27796e-07.
T_crit: 1.27796e-07.
T_crit: 1.27793e-07.
T_crit: 1.27799e-07.
T_crit: 1.27799e-07.
Routing failed.
low, high, current 16 -1 32
Confirming Router Algorithm: TIMING_DRIVEN.
T_crit: 1.26633e-07.
T_crit: 1.26217e-07.
T_crit: 1.26312e-07.
T_crit: 1.26305e-07.
T_crit: 1.26305e-07.
T_crit: 1.26313e-07.
T_crit: 1.26313e-07.
T_crit: 1.26322e-07.
T_crit: 1.26313e-07.
T_crit: 1.26305e-07.
T_crit: 1.26305e-07.
T_crit: 1.26305e-07.
T_crit: 1.26305e-07.
T_crit: 1.26305e-07.
T_crit: 1.26305e-07.
T_crit: 1.26305e-07.
Successfully routed after 17 routing iterations.
Completed net delay value cross check successfully.
low, high, current 16 32 24
Confirming Router Algorithm: TIMING_DRIVEN.
T_crit: 1.26483e-07.
T_crit: 1.26216e-07.
T_crit: 1.26218e-07.
T_crit: 1.26304e-07.
T_crit: 1.26521e-07.
T_crit: 1.26417e-07.
T_crit: 1.26417e-07.
T_crit: 1.26417e-07.
T_crit: 1.26417e-07.
T_crit: 1.26417e-07.
T_crit: 1.26417e-07.
T_crit: 1.26417e-07.
T_crit: 1.26417e-07.
T_crit: 1.26417e-07.
T_crit: 1.26417e-07.
T_crit: 1.2652e-07.
T_crit: 1.26417e-07.
T_crit: 1.26633e-07.
T_crit: 1.26738e-07.
T_crit: 1.26738e-07.
Successfully routed after 21 routing iterations.
Completed net delay value cross check successfully.
low, high, current 16 24 20
Confirming Router Algorithm: TIMING_DRIVEN.
T_crit: 1.26215e-07.
T_crit: 1.26177e-07.
T_crit: 1.26306e-07.
T_crit: 1.26152e-07.
T_crit: 1.26151e-07.
T_crit: 1.26256e-07.
T_crit: 1.26152e-07.
T_crit: 1.26393e-07.
T_crit: 1.26153e-07.
T_crit: 1.26364e-07.
T_crit: 1.26365e-07.
T_crit: 1.26153e-07.
T_crit: 1.26257e-07.
T_crit: 1.26255e-07.
T_crit: 1.26259e-07.
T_crit: 1.26258e-07.
T_crit: 1.26257e-07.
T_crit: 1.26257e-07.
T_crit: 1.26257e-07.
T_crit: 1.26257e-07.
T_crit: 1.26257e-07.
Successfully routed after 22 routing iterations.
Completed net delay value cross check successfully.
low, high, current 16 20 18
Warning (check_all_tracks_reach_pins):  track 16 does not 
	connect to any FB IPINs.
Warning (check_all_tracks_reach_pins):  track 17 does not 
	connect to any FB IPINs.
Confirming Router Algorithm: TIMING_DRIVEN.
T_crit: 1.26114e-07.
T_crit: 1.25542e-07.
T_crit: 1.25905e-07.
T_crit: 1.25968e-07.
T_crit: 1.26221e-07.
T_crit: 1.26046e-07.
T_crit: 1.25805e-07.
T_crit: 1.25597e-07.
T_crit: 1.25805e-07.
T_crit: 1.25898e-07.
T_crit: 1.25898e-07.
T_crit: 1.25898e-07.
T_crit: 1.25884e-07.
T_crit: 1.25883e-07.
T_crit: 1.25881e-07.
T_crit: 1.2578e-07.
T_crit: 1.2578e-07.
T_crit: 1.2578e-07.
T_crit: 1.2578e-07.
T_crit: 1.25776e-07.
T_crit: 1.25776e-07.
T_crit: 1.25776e-07.
T_crit: 1.25776e-07.
T_crit: 1.25776e-07.
T_crit: 1.25776e-07.
T_crit: 1.25776e-07.
T_crit: 1.25776e-07.
T_crit: 1.25776e-07.
T_crit: 1.25776e-07.
T_crit: 1.25776e-07.
T_crit: 1.25776e-07.
T_crit: 1.25776e-07.
T_crit: 1.25776e-07.
T_crit: 1.25776e-07.
T_crit: 1.25776e-07.
T_crit: 1.25776e-07.
T_crit: 1.25776e-07.
T_crit: 1.25776e-07.
Successfully routed after 39 routing iterations.
Completed net delay value cross check successfully.
Warning (check_all_tracks_reach_pins):  track 16 does not 
	connect to any FB IPINs.
Warning (check_all_tracks_reach_pins):  track 17 does not 
	connect to any FB IPINs.

Checking to ensure routing is legal ...
Completed routing consistency check successfully.

Serial number (magic cookie) for the routing is: 550468265
Best routing used a channel width factor of 18.


Average number of bends per net: 8.21618  Maximum # of bends: 41


The number of routed nets (nonglobal): 2373
Wirelength results (all in units of 1 clb segments):
	Total wirelength: 391916   Average net length: 165.156
	Maximum net length: 744

Wirelength results in terms of physical segments:
	Total wiring segments used: 196706   Av. wire segments per net: 82.8934
	Maximum segments used by a net: 372


X - Directed channels:

j	max occ	av_occ		capacity
0	18	11.1042  	18
1	18	12.7583  	18
2	18	11.8458  	18
3	18	11.1292  	18
4	18	12.7917  	18
5	18	12.3167  	18
6	18	12.1208  	18
7	17	12.3792  	18
8	17	12.5417  	18
9	16	11.7125  	18
10	17	12.4792  	18
11	17	10.6000  	18
12	18	11.7083  	18
13	16	10.0000  	18
14	18	8.72500  	18
15	15	8.20417  	18
16	10	5.32917  	18
17	6	2.45833  	18
18	9	3.39167  	18
19	7	2.75417  	18
20	8	1.47500  	18
21	11	3.47917  	18
22	11	3.71250  	18
23	6	0.995833 	18
24	9	1.13750  	18
25	10	0.262500 	18
26	9	2.98333  	18
27	7	0.504167 	18
28	10	3.22083  	18
29	9	2.84583  	18
30	6	4.36250  	18
31	13	4.72500  	18
32	9	3.81667  	18
33	7	2.98333  	18
34	7	2.62083  	18
35	11	5.13750  	18
36	5	3.02083  	18
37	6	0.116667 	18
38	4	1.30833  	18
39	2	0.0791667	18
40	2	0.975000 	18
41	2	0.0416667	18
42	3	1.02500  	18
43	5	2.21250  	18
44	8	1.84583  	18
45	7	4.00000  	18
46	9	3.59167  	18
47	11	4.51250  	18
48	8	0.908333 	18
49	12	2.82083  	18
50	9	4.39583  	18
51	8	1.63333  	18
52	11	2.20833  	18
53	7	2.30000  	18
54	7	2.18750  	18
55	12	0.504167 	18
56	12	5.85417  	18
57	11	4.29583  	18
58	13	2.86667  	18
59	13	2.99167  	18
60	9	2.82083  	18
61	12	4.31250  	18
62	12	1.53333  	18
63	15	3.62500  	18
64	13	5.06250  	18
65	13	6.10833  	18
66	14	4.02917  	18
67	12	1.75833  	18
68	12	5.22500  	18
69	14	2.51250  	18
70	9	3.65000  	18
71	12	2.44167  	18
72	7	2.22083  	18
73	8	1.25000  	18
74	5	0.854167 	18
75	5	0.250000 	18
76	4	0.725000 	18
77	6	1.12083  	18
78	4	1.61667  	18
79	3	0.983333 	18
80	4	0.804167 	18
81	2	0.725000 	18
82	6	0.725000 	18
83	8	1.12917  	18
84	7	3.30000  	18
85	3	1.12917  	18
86	4	2.47500  	18
87	1	0.429167 	18
88	3	1.97083  	18
89	3	0.425000 	18
90	3	2.12500  	18
91	4	0.937500 	18
92	3	0.150000 	18
93	1	0.0166667	18
94	3	0.708333 	18
95	5	1.15000  	18
96	6	2.49583  	18
97	9	1.33333  	18
98	9	4.26250  	18
99	12	2.93750  	18
100	10	3.55833  	18
101	7	1.10000  	18
102	5	0.250000 	18
103	4	1.50833  	18
104	3	1.10417  	18
105	3	0.0416667	18
106	6	2.14583  	18
107	4	1.80000  	18
108	10	4.07083  	18
109	8	4.71250  	18
110	9	2.03333  	18
111	7	3.56250  	18
112	5	1.93750  	18
113	7	0.287500 	18
114	3	1.47917  	18
115	5	1.68333  	18
116	5	1.03333  	18
117	7	2.49167  	18
118	7	4.67500  	18
119	9	2.33333  	18
120	9	2.60417  	18
121	11	5.05833  	18
122	11	6.22083  	18
123	13	5.80833  	18
124	13	6.57500  	18
125	9	4.68333  	18
126	8	2.33750  	18
127	9	2.57917  	18
128	8	0.670833 	18
129	9	1.29167  	18
130	10	2.49583  	18
131	7	0.220833 	18
132	4	2.25417  	18
133	6	1.81250  	18
134	5	2.49167  	18
135	3	0.733333 	18
136	4	1.34583  	18
137	5	2.34167  	18
138	9	3.97917  	18
139	6	1.82917  	18
140	8	2.70000  	18
141	9	1.19583  	18
142	12	1.98750  	18
143	10	2.46250  	18
144	11	4.67500  	18
145	7	2.51250  	18
146	11	2.48333  	18
147	8	1.41667  	18
148	5	1.38750  	18
149	6	2.24167  	18
150	9	1.58750  	18
151	9	1.92500  	18
152	12	3.54167  	18
153	10	4.25000  	18
154	11	2.99167  	18
155	7	2.26250  	18
156	7	1.65417  	18
157	6	0.895833 	18
158	11	2.65833  	18
159	9	2.04167  	18
160	9	4.88750  	18
161	10	1.97917  	18
162	12	4.75417  	18
163	11	3.47917  	18
164	8	4.66250  	18
165	9	3.93750  	18
166	9	3.58750  	18
167	5	3.04583  	18
168	3	0.566667 	18
169	7	4.18750  	18
170	10	3.33333  	18
171	9	1.79583  	18
172	9	4.90000  	18
173	11	3.91250  	18
174	8	4.15000  	18
175	7	1.86667  	18
176	12	3.54167  	18
177	8	2.32500  	18
178	8	3.45833  	18
179	12	1.94167  	18
180	12	4.13333  	18
181	13	5.45000  	18
182	11	4.19583  	18
183	8	3.00417  	18
184	7	1.16250  	18
185	7	0.225000 	18
186	8	3.28333  	18
187	13	7.91250  	18
188	10	5.94167  	18
189	10	4.58333  	18
190	8	7.02083  	18
191	12	3.41250  	18
192	9	4.43750  	18
193	12	5.22083  	18
194	10	4.81667  	18
195	7	3.95417  	18
196	7	1.91250  	18
197	8	1.84167  	18
198	5	2.82083  	18
199	8	1.42500  	18
200	5	1.43333  	18
201	3	1.90000  	18
202	5	1.96250  	18
203	3	0.0583333	18
204	6	1.07500  	18
205	7	2.16667  	18
206	8	3.85000  	18
207	8	2.65000  	18
208	7	2.92917  	18
209	4	1.45000  	18
210	3	0.879167 	18
211	6	1.45417  	18
212	6	1.58333  	18
213	8	3.03750  	18
214	4	1.84167  	18
215	1	0.0333333	18
216	1	0.266667 	18
217	2	0.275000 	18
218	4	0.545833 	18
219	3	1.12083  	18
220	7	1.54167  	18
221	9	0.625000 	18
222	6	3.24583  	18
223	5	1.78333  	18
224	11	2.98333  	18
225	12	6.23333  	18
226	12	5.70833  	18
227	14	7.96250  	18
228	14	8.02500  	18
229	16	8.41667  	18
230	18	10.7667  	18
231	15	8.53750  	18
232	17	10.3292  	18
233	17	9.27083  	18
234	18	9.49167  	18
235	18	9.94583  	18
236	18	9.27083  	18
237	18	7.67500  	18
238	17	9.88750  	18
239	18	9.45833  	18
240	17	10.2500  	18

Y - Directed channels:

i	max occ	av_occ		capacity
0	17	10.6292  	18
1	17	9.03333  	18
2	17	9.57500  	18
3	17	10.5333  	18
4	17	11.4000  	18
5	17	11.9875  	18
6	18	12.8458  	18
7	18	11.7417  	18
8	17	12.6333  	18
9	16	9.80000  	18
10	16	10.5333  	18
11	13	8.76667  	18
12	14	9.33333  	18
13	11	7.04583  	18
14	9	5.53750  	18
15	7	4.06667  	18
16	9	6.92917  	18
17	9	4.50417  	18
18	6	4.02917  	18
19	8	2.45000  	18
20	9	2.74167  	18
21	7	3.20833  	18
22	11	3.64583  	18
23	12	1.90417  	18
24	13	3.23333  	18
25	12	3.17917  	18
26	12	1.40000  	18
27	12	0.725000 	18
28	11	3.09583  	18
29	12	4.35833  	18
30	11	3.94583  	18
31	10	4.17500  	18
32	14	3.92917  	18
33	12	4.64167  	18
34	14	1.42500  	18
35	8	0.933333 	18
36	8	2.50833  	18
37	3	1.29167  	18
38	3	0.820833 	18
39	1	0.0166667	18
40	3	1.17917  	18
41	1	0.975000 	18
42	2	0.183333 	18
43	2	0.0458333	18
44	3	0.0666667	18
45	3	2.02917  	18
46	3	2.35833  	18
47	4	1.27500  	18
48	2	0.0833333	18
49	3	0.412500 	18
50	2	0.0791667	18
51	4	0.312500 	18
52	5	1.43750  	18
53	8	1.96667  	18
54	9	5.71667  	18
55	11	2.61250  	18
56	14	2.34583  	18
57	13	2.90833  	18
58	14	1.80000  	18
59	15	3.35417  	18
60	15	2.90833  	18
61	14	2.41667  	18
62	14	2.29583  	18
63	13	1.92917  	18
64	14	3.35417  	18
65	12	0.795833 	18
66	11	4.32083  	18
67	12	1.52500  	18
68	12	4.46250  	18
69	10	5.04167  	18
70	9	1.99583  	18
71	9	3.77083  	18
72	6	3.62083  	18
73	9	2.41250  	18
74	11	3.28333  	18
75	9	3.13333  	18
76	9	3.40417  	18
77	9	3.98750  	18
78	6	2.51667  	18
79	7	1.34167  	18
80	8	1.74167  	18
81	8	1.74167  	18
82	10	2.65417  	18
83	11	1.77500  	18
84	10	2.35000  	18
85	11	2.92500  	18
86	12	1.65417  	18
87	10	0.400000 	18
88	8	1.42917  	18
89	7	1.22500  	18
90	7	2.09583  	18
91	5	0.208333 	18
92	7	2.85833  	18
93	9	2.12500  	18
94	5	1.34167  	18
95	4	1.18333  	18
96	4	0.558333 	18
97	6	2.62500  	18
98	5	0.370833 	18
99	9	1.89583  	18
100	7	1.48333  	18
101	8	3.19583  	18
102	10	3.73750  	18
103	10	1.95833  	18
104	12	1.42500  	18
105	12	3.83333  	18
106	10	1.95833  	18
107	11	1.59583  	18
108	14	1.35833  	18
109	9	1.73333  	18
110	15	3.95000  	18
111	11	3.52917  	18
112	7	1.88333  	18
113	10	2.44583  	18
114	10	2.57917  	18
115	9	0.645833 	18
116	10	2.69583  	18
117	6	2.91667  	18
118	3	1.98750  	18
119	6	2.14167  	18
120	7	4.52083  	18
121	3	0.133333 	18
122	4	1.38750  	18
123	5	0.845833 	18
124	10	2.80833  	18
125	10	2.30417  	18
126	8	3.92500  	18
127	9	0.737500 	18
128	10	2.69167  	18
129	12	2.91667  	18
130	12	3.44583  	18
131	12	3.29167  	18
132	14	5.25000  	18
133	14	6.09167  	18
134	10	5.00000  	18
135	12	2.29167  	18
136	12	3.30833  	18
137	11	3.97500  	18
138	11	3.72083  	18
139	12	4.41667  	18
140	14	5.42500  	18
141	15	4.69167  	18
142	15	4.30833  	18
143	13	3.42917  	18
144	15	6.29583  	18
145	14	4.56250  	18
146	13	3.18333  	18
147	16	2.90000  	18
148	15	1.75000  	18
149	15	2.62500  	18
150	14	3.10000  	18
151	16	1.80000  	18
152	16	3.83750  	18
153	16	3.20417  	18
154	18	5.64583  	18
155	14	6.06250  	18
156	12	4.99583  	18
157	10	4.04583  	18
158	9	1.69583  	18
159	9	1.88333  	18
160	12	3.00000  	18
161	13	6.32083  	18
162	12	3.61250  	18
163	12	1.36667  	18
164	11	1.78750  	18
165	8	3.41667  	18
166	8	1.02083  	18
167	10	1.46250  	18
168	11	3.84583  	18
169	9	1.34167  	18
170	8	1.86250  	18
171	9	1.01667  	18
172	5	0.766667 	18
173	3	0.520833 	18
174	5	1.55833  	18
175	2	0.966667 	18
176	2	0.154167 	18
177	3	0.120833 	18
178	4	1.25417  	18
179	11	2.03750  	18
180	13	0.866667 	18
181	11	3.40833  	18
182	10	1.17917  	18
183	10	1.14167  	18
184	9	0.195833 	18
185	9	1.09583  	18
186	10	0.279167 	18
187	8	2.09167  	18
188	11	0.266667 	18
189	13	1.49167  	18
190	12	1.06667  	18
191	13	1.67083  	18
192	12	4.00000  	18
193	7	0.250000 	18
194	7	0.325000 	18
195	4	1.02500  	18
196	5	0.0916667	18
197	3	1.10833  	18
198	6	2.61250  	18
199	6	1.62500  	18
200	5	2.11667  	18
201	2	0.0625000	18
202	5	0.279167 	18
203	10	3.19167  	18
204	10	1.60000  	18
205	10	3.76667  	18
206	13	3.26667  	18
207	10	2.02083  	18
208	9	1.66667  	18
209	8	0.966667 	18
210	6	3.17500  	18
211	4	1.60417  	18
212	3	1.53333  	18
213	1	0.0416667	18
214	1	0.0666667	18
215	2	0.316667 	18
216	3	0.775000 	18
217	2	0.0666667	18
218	1	0.0166667	18
219	2	1.10000  	18
220	5	1.99167  	18
221	4	1.20000  	18
222	7	1.99167  	18
223	9	3.29583  	18
224	10	4.28750  	18
225	11	4.44583  	18
226	13	8.06250  	18
227	12	6.97083  	18
228	14	7.68750  	18
229	17	10.7833  	18
230	17	10.8542  	18
231	17	10.5708  	18
232	16	9.92083  	18
233	17	11.6750  	18
234	18	11.5833  	18
235	16	10.5750  	18
236	17	10.7000  	18
237	16	8.16667  	18
238	15	7.57917  	18
239	17	8.98333  	18
240	16	9.23333  	18

Total Tracks in X-direction: 4338  in Y-direction: 4338

Logic Area (in minimum width transistor areas):
Total Logic Area: 1.728e+09  Per 1x1 logic tile: 30000

Routing area (in minimum width transistor areas):
Total Routing Area: 1.28301e+08  Per logic tile: 2227.44

Segment usage by type (index):
Segment type       Fractional utilization
------------       ----------------------
       0                  0.188

Segment usage by length:
Segment length       Fractional utilization
--------------       ----------------------
        2                   0.188

Critical Path: 1.25879e-07 (s)

Time elapsed (PLACE&ROUTE): 35839619.774000 ms


Time elapsed (Fernando): 35839619.787000 ms

