
VPR FPGA Placement and Routing.
Version: Version 5.0.2
Compiled: Dec 11 2020.
Original VPR by V. Betz.
Timing-driven placement enhancements by A. Marquardt.
Single-drivers enhancements by Andy Ye with additions by.
Mark Fang, Jason Luu, Ted Campbell
Heterogeneous stucture support by Jason Luu and Ted Campbell.
This code is licensed only for non-commercial use.

Auto-sizing FPGA, try x = 25 y = 25
Auto-sizing FPGA, try x = 50 y = 50
Auto-sizing FPGA, try x = 100 y = 100
Auto-sizing FPGA, try x = 50 y = 50
Auto-sizing FPGA, try x = 75 y = 75
Auto-sizing FPGA, try x = 87 y = 87
Auto-sizing FPGA, try x = 93 y = 93
Auto-sizing FPGA, try x = 96 y = 96
Auto-sizing FPGA, try x = 98 y = 98
Auto-sizing FPGA, try x = 99 y = 99
Auto-sizing FPGA, try x = 99 y = 99
FPGA auto-sized to, x = 100 y = 100

Resource Usage:
Netlist      0	blocks of type <EMPTY>
Architecture 4	blocks of type <EMPTY>
Netlist      400	blocks of type .io
Architecture 400	blocks of type .io
Netlist      236	blocks of type .clb
Architecture 10000	blocks of type .clb

Timing analysis: ON

Operation:  ROUTE_ONLY

PlacerOpts.place_freq:  PLACE_NEVER

RouterOpts.route_type:  DETAILED
RouterOpts.router_algorithm:  TIMING_DRIVEN
RouterOpts.base_cost_type:  DELAY_NORMALIZED
RouterOpts.fixed_channel_width:  NO_FIXED_CHANNEL_WIDTH
RouterOpts.acc_fac:  1.000000
RouterOpts.bb_factor:  3
RouterOpts.bend_cost:  0.000000
RouterOpts.first_iter_pres_fac:  0.500000
RouterOpts.initial_pres_fac:  0.500000
RouterOpts.pres_fac_mult:  1.300000
RouterOpts.max_router_iterations:  50
RouterOpts.astar_fac:  1.200000
RouterOpts.criticality_exp:  1.000000
RouterOpts.max_criticality:  0.990000

RoutingArch.directionality:  UNI_DIRECTIONAL
RoutingArch.switch_block_type:  WILTON
RoutingArch.Fs:  3

The circuit will be mapped into a 100 x 100 array of clbs.

Netlist num_nets:  468
Netlist num_blocks:  636
Netlist inputs pins:  232
Netlist output pins:  168

42 100 0
12 1 0
13 1 0
85 0 0
94 0 0
61 0 0
76 1 0
48 0 0
48 1 0
2 100 0
3 100 0
76 0 0
2 30 0
0 76 0
74 1 0
75 0 0
0 53 0
2 29 0
0 70 0
84 0 0
16 0 0
7 100 0
38 101 0
100 57 0
101 76 0
75 101 0
46 100 0
101 18 0
100 18 0
101 80 0
40 101 0
47 100 0
46 1 0
1 69 0
7 101 0
0 69 0
45 1 0
43 101 0
47 1 0
101 45 0
78 0 0
35 101 0
98 99 0
101 8 0
100 8 0
1 43 0
88 100 0
88 101 0
0 43 0
100 37 0
101 37 0
1 38 0
44 0 0
100 67 0
101 79 0
61 1 0
0 77 0
99 32 0
42 101 0
101 67 0
0 42 0
87 0 0
18 101 0
100 29 0
0 62 0
99 30 0
100 30 0
100 31 0
75 100 0
100 32 0
1 28 0
23 0 0
0 5 0
63 100 0
25 0 0
25 1 0
0 28 0
0 97 0
1 51 0
20 1 0
67 0 0
0 51 0
30 101 0
101 14 0
19 1 0
35 100 0
20 0 0
43 100 0
3 0 0
1 52 0
23 101 0
23 100 0
29 100 0
1 5 0
100 72 0
92 1 0
91 0 0
91 2 0
30 100 0
29 101 0
101 26 0
101 75 0
30 0 0
30 1 0
101 22 0
21 1 0
34 1 0
64 101 0
101 93 0
54 2 0
2 101 0
33 1 0
1 29 0
101 24 0
35 1 0
28 1 0
8 100 0
79 1 0
101 86 0
28 0 0
99 100 0
4 0 0
0 52 0
0 16 0
15 2 0
15 1 0
24 101 0
16 1 0
70 1 0
2 58 0
101 92 0
1 19 0
79 101 0
56 100 0
100 100 0
11 1 0
12 2 0
56 101 0
9 0 0
101 85 0
21 101 0
1 86 0
1 50 0
101 34 0
2 60 0
13 2 0
69 1 0
101 1 0
42 1 0
33 100 0
100 33 0
10 1 0
99 31 0
101 32 0
1 27 0
0 46 0
101 96 0
101 71 0
45 101 0
66 100 0
101 42 0
0 26 0
101 54 0
50 101 0
0 90 0
54 0 0
63 0 0
18 0 0
101 74 0
62 101 0
63 101 0
52 100 0
29 99 0
100 82 0
22 100 0
42 0 0
67 100 0
76 100 0
1 96 0
34 0 0
11 100 0
90 0 0
0 73 0
16 98 0
12 101 0
90 101 0
18 1 0
101 82 0
101 38 0
17 1 0
100 9 0
53 1 0
1 71 0
98 100 0
0 57 0
68 0 0
13 0 0
33 101 0
44 100 0
2 96 0
96 101 0
100 11 0
97 100 0
8 0 0
99 101 0
0 39 0
91 101 0
74 101 0
100 68 0
0 37 0
45 100 0
101 89 0
22 101 0
57 0 0
11 101 0
95 0 0
68 100 0
0 59 0
1 95 0
14 2 0
1 73 0
0 96 0
99 99 0
101 83 0
31 0 0
16 101 0
101 87 0
0 88 0
101 11 0
2 51 0
100 46 0
101 30 0
100 44 0
101 95 0
101 3 0
27 0 0
100 95 0
9 1 0
1 48 0
24 1 0
68 1 0
44 101 0
101 97 0
101 55 0
8 1 0
101 9 0
101 52 0
38 1 0
14 1 0
1 13 0
101 21 0
97 99 0
0 93 0
0 44 0
1 57 0
78 1 0
52 101 0
0 67 0
101 98 0
48 100 0
1 10 0
2 68 0
2 59 0
55 101 0
1 93 0
52 0 0
92 101 0
0 86 0
22 99 0
93 101 0
1 39 0
1 61 0
20 2 0
2 93 0
100 28 0
34 100 0
2 43 0
101 62 0
60 101 0
0 29 0
34 99 0
100 43 0
0 30 0
24 0 0
19 101 0
14 0 0
2 57 0
46 101 0
1 92 0
34 101 0
100 10 0
12 100 0
100 50 0
38 100 0
89 2 0
38 0 0
27 1 0
1 64 0
100 62 0
99 44 0
0 65 0
101 73 0
0 11 0
101 15 0
61 101 0
101 44 0
2 10 0
100 63 0
36 100 0
72 101 0
100 83 0
74 0 0
79 0 0
66 101 0
1 58 0
1 47 0
0 98 0
89 1 0
86 0 0
101 7 0
1 97 0
70 99 0
100 27 0
2 28 0
51 0 0
6 100 0
6 101 0
75 1 0
67 101 0
101 50 0
89 3 0
70 0 0
1 63 0
2 73 0
8 101 0
0 20 0
33 99 0
0 61 0
101 6 0
2 61 0
1 56 0
68 101 0
55 100 0
69 100 0
101 10 0
100 101 0
51 1 0
73 0 0
71 101 0
0 33 0
62 100 0
100 22 0
76 101 0
100 65 0
101 90 0
100 49 0
39 100 0
26 101 0
2 27 0
100 23 0
1 15 0
69 0 0
71 1 0
16 100 0
1 68 0
33 0 0
101 63 0
0 36 0
100 51 0
100 58 0
101 53 0
101 2 0
82 0 0
49 101 0
101 47 0
0 22 0
100 47 0
101 13 0
98 0 0
98 1 0
99 64 0
55 1 0
69 101 0
100 48 0
94 101 0
88 1 0
55 0 0
90 1 0
90 2 0
0 19 0
1 35 0
83 2 0
91 1 0
100 70 0
77 1 0
11 0 0
68 99 0
101 70 0
9 101 0
100 56 0
1 9 0
101 57 0
54 1 0
100 75 0
1 20 0
2 49 0
47 101 0
1 72 0
101 100 0
2 69 0
5 101 0
101 58 0
0 68 0
17 100 0
2 39 0
0 60 0
1 60 0
71 0 0
0 35 0
16 99 0
12 0 0
89 101 0
0 47 0
100 38 0
51 101 0
82 1 0
1 42 0
60 1 0
24 100 0
56 0 0
81 1 0
49 100 0
101 28 0
0 45 0
0 94 0
2 9 0
46 0 0
0 9 0
0 63 0
101 29 0
97 101 0
83 1 0
17 0 0
75 99 0
2 13 0
0 6 0
39 101 0
101 61 0
100 66 0
1 59 0
1 12 0
101 39 0
0 10 0
50 100 0
99 63 0
0 58 0
100 64 0
101 19 0
71 100 0
65 101 0
1 14 0
0 13 0
72 100 0
0 41 0
71 99 0
100 45 0
0 92 0
100 71 0
101 51 0
26 0 0
10 0 0
0 49 0
48 101 0
1 49 0
70 100 0
1 0 0
2 0 0
49 0 0
0 31 0
0 85 0
3 101 0
41 101 0
101 17 0
53 101 0
45 0 0
47 0 0
98 101 0
0 8 0
101 40 0
87 101 0
0 75 0
62 0 0
101 33 0
0 34 0
0 32 0
81 101 0
101 31 0
84 101 0
21 0 0
43 0 0
41 0 0
37 101 0
0 78 0
20 101 0
0 4 0
0 80 0
31 101 0
37 0 0
40 0 0
36 0 0
101 27 0
35 0 0
32 0 0
4 101 0
101 20 0
96 0 0
66 0 0
0 18 0
6 0 0
0 2 0
0 87 0
0 50 0
0 1 0
72 0 0
97 0 0
101 81 0
7 0 0
101 25 0
85 101 0
28 101 0
0 83 0
95 101 0
80 101 0
10 101 0
15 101 0
19 0 0
15 0 0
0 71 0
101 94 0
101 16 0
0 95 0
5 0 0
0 74 0
101 46 0
101 84 0
100 0 0
0 48 0
22 0 0
59 0 0
0 3 0
39 0 0
0 14 0
101 99 0
77 0 0
58 101 0
0 17 0
0 82 0
0 54 0
101 91 0
0 89 0
0 40 0
101 78 0
0 91 0
1 101 0
101 41 0
101 88 0
101 56 0
13 101 0
27 101 0
29 0 0
0 64 0
101 60 0
101 43 0
101 4 0
101 64 0
36 101 0
0 84 0
0 55 0
0 25 0
0 99 0
70 101 0
0 100 0
64 0 0
89 0 0
0 72 0
59 101 0
0 79 0
0 56 0
83 101 0
50 0 0
86 101 0
0 23 0
0 66 0
101 35 0
32 101 0
0 27 0
101 23 0
0 15 0
14 101 0
101 68 0
101 49 0
99 0 0
101 65 0
58 0 0
101 48 0
88 0 0
93 0 0
0 81 0
83 0 0
92 0 0
101 69 0
65 0 0
82 101 0
101 5 0
53 0 0
101 77 0
0 21 0
17 101 0
0 38 0
0 24 0
80 0 0
101 36 0
60 0 0
25 101 0
81 0 0
57 101 0
0 7 0
101 12 0
101 66 0
101 59 0
0 12 0
54 101 0
78 101 0
77 101 0
73 101 0
101 72 0
low, high, current -1 -1 8
Confirming Router Algorithm: TIMING_DRIVEN.
T_crit: 2.58769e-08.
T_crit: 2.58769e-08.
T_crit: 2.58769e-08.
T_crit: 2.57873e-08.
T_crit: 2.57722e-08.
T_crit: 2.57722e-08.
T_crit: 2.57722e-08.
T_crit: 2.57722e-08.
T_crit: 2.57722e-08.
T_crit: 2.57722e-08.
Successfully routed after 11 routing iterations.
Completed net delay value cross check successfully.
low, high, current -1 8 4
Confirming Router Algorithm: TIMING_DRIVEN.
T_crit: 2.59684e-08.
T_crit: 2.59684e-08.
T_crit: 2.59684e-08.
T_crit: 2.59589e-08.
T_crit: 2.59589e-08.
T_crit: 2.59589e-08.
T_crit: 2.59684e-08.
T_crit: 2.59589e-08.
T_crit: 2.59684e-08.
T_crit: 2.59589e-08.
T_crit: 2.59589e-08.
T_crit: 2.59589e-08.
T_crit: 2.59589e-08.
T_crit: 2.59589e-08.
T_crit: 2.59589e-08.
T_crit: 2.59589e-08.
T_crit: 2.59589e-08.
T_crit: 2.59589e-08.
T_crit: 2.59589e-08.
T_crit: 2.59589e-08.
T_crit: 2.59589e-08.
T_crit: 2.59589e-08.
T_crit: 2.59589e-08.
T_crit: 2.59589e-08.
T_crit: 2.59589e-08.
T_crit: 2.59589e-08.
T_crit: 2.59589e-08.
T_crit: 2.59589e-08.
T_crit: 2.59589e-08.
T_crit: 2.59589e-08.
T_crit: 2.59589e-08.
T_crit: 2.59589e-08.
T_crit: 2.59589e-08.
T_crit: 2.59589e-08.
T_crit: 2.59589e-08.
T_crit: 2.59589e-08.
T_crit: 2.59589e-08.
T_crit: 2.59589e-08.
T_crit: 2.59589e-08.
T_crit: 2.59589e-08.
T_crit: 2.59589e-08.
T_crit: 2.59589e-08.
T_crit: 2.59589e-08.
T_crit: 2.59589e-08.
T_crit: 2.59589e-08.
T_crit: 2.59589e-08.
T_crit: 2.59589e-08.
T_crit: 2.59589e-08.
T_crit: 2.59589e-08.
T_crit: 2.59589e-08.
Routing failed.
low, high, current 4 8 6
Confirming Router Algorithm: TIMING_DRIVEN.
T_crit: 2.581e-08.
T_crit: 2.58018e-08.
T_crit: 2.59147e-08.
T_crit: 2.57067e-08.
T_crit: 2.581e-08.
T_crit: 2.581e-08.
T_crit: 2.581e-08.
T_crit: 2.581e-08.
T_crit: 2.581e-08.
T_crit: 2.581e-08.
T_crit: 2.581e-08.
T_crit: 2.581e-08.
T_crit: 2.581e-08.
T_crit: 2.581e-08.
T_crit: 2.581e-08.
T_crit: 2.581e-08.
T_crit: 2.581e-08.
T_crit: 2.581e-08.
T_crit: 2.581e-08.
T_crit: 2.581e-08.
T_crit: 2.581e-08.
T_crit: 2.581e-08.
T_crit: 2.581e-08.
T_crit: 2.581e-08.
T_crit: 2.581e-08.
T_crit: 2.581e-08.
T_crit: 2.581e-08.
T_crit: 2.581e-08.
T_crit: 2.581e-08.
T_crit: 2.581e-08.
T_crit: 2.581e-08.
T_crit: 2.581e-08.
T_crit: 2.581e-08.
T_crit: 2.581e-08.
Successfully routed after 35 routing iterations.
Completed net delay value cross check successfully.

Checking to ensure routing is legal ...
Completed routing consistency check successfully.

Serial number (magic cookie) for the routing is: 876737773
Best routing used a channel width factor of 6.


Average number of bends per net: 5.92949  Maximum # of bends: 23


The number of routed nets (nonglobal): 468
Wirelength results (all in units of 1 clb segments):
	Total wirelength: 32518   Average net length: 69.4829
	Maximum net length: 286

Wirelength results in terms of physical segments:
	Total wiring segments used: 16467   Av. wire segments per net: 35.1859
	Maximum segments used by a net: 144


X - Directed channels:

j	max occ	av_occ		capacity
0	6	4.26000  	6
1	6	3.06000  	6
2	6	3.26000  	6
3	6	3.65000  	6
4	6	3.35000  	6
5	6	3.78000  	6
6	6	3.74000  	6
7	4	2.01000  	6
8	5	2.58000  	6
9	5	3.82000  	6
10	4	1.84000  	6
11	4	1.12000  	6
12	4	1.96000  	6
13	4	0.680000 	6
14	4	2.61000  	6
15	2	1.01000  	6
16	3	1.06000  	6
17	3	0.420000 	6
18	2	0.110000 	6
19	4	1.33000  	6
20	3	1.00000  	6
21	4	1.54000  	6
22	3	1.45000  	6
23	2	0.320000 	6
24	3	2.09000  	6
25	3	1.20000  	6
26	5	2.03000  	6
27	4	1.20000  	6
28	5	2.67000  	6
29	5	2.36000  	6
30	4	1.01000  	6
31	6	1.35000  	6
32	3	0.660000 	6
33	3	0.210000 	6
34	4	2.28000  	6
35	2	0.200000 	6
36	5	1.26000  	6
37	3	1.20000  	6
38	5	1.42000  	6
39	4	0.690000 	6
40	5	1.84000  	6
41	5	2.93000  	6
42	6	2.02000  	6
43	4	1.38000  	6
44	4	1.26000  	6
45	4	0.310000 	6
46	4	0.700000 	6
47	3	0.170000 	6
48	4	2.06000  	6
49	5	0.880000 	6
50	4	1.03000  	6
51	5	1.18000  	6
52	2	0.650000 	6
53	2	0.0300000	6
54	3	1.70000  	6
55	4	0.840000 	6
56	5	2.43000  	6
57	5	2.12000  	6
58	5	2.91000  	6
59	5	1.85000  	6
60	5	2.29000  	6
61	4	0.720000 	6
62	6	2.28000  	6
63	4	1.77000  	6
64	5	2.44000  	6
65	4	0.930000 	6
66	3	0.720000 	6
67	4	2.20000  	6
68	5	2.72000  	6
69	5	1.56000  	6
70	4	2.56000  	6
71	4	2.61000  	6
72	4	0.250000 	6
73	3	0.560000 	6
74	4	2.60000  	6
75	3	1.95000  	6
76	3	0.790000 	6
77	1	0.0400000	6
78	2	0.150000 	6
79	2	1.22000  	6
80	2	0.530000 	6
81	2	1.49000  	6
82	3	1.51000  	6
83	2	1.36000  	6
84	2	1.47000  	6
85	3	0.710000 	6
86	3	1.46000  	6
87	1	0.480000 	6
88	4	3.17000  	6
89	3	0.750000 	6
90	3	1.25000  	6
91	5	2.53000  	6
92	5	3.68000  	6
93	5	3.21000  	6
94	6	3.40000  	6
95	6	3.32000  	6
96	6	4.02000  	6
97	6	3.59000  	6
98	6	3.32000  	6
99	6	3.55000  	6
100	5	3.87000  	6

Y - Directed channels:

i	max occ	av_occ		capacity
0	6	3.71000  	6
1	6	3.26000  	6
2	6	2.41000  	6
3	6	2.70000  	6
4	6	3.06000  	6
5	6	3.73000  	6
6	6	2.92000  	6
7	6	2.71000  	6
8	6	3.88000  	6
9	4	2.32000  	6
10	5	3.06000  	6
11	5	1.89000  	6
12	5	3.13000  	6
13	6	3.01000  	6
14	6	2.48000  	6
15	5	2.90000  	6
16	4	1.37000  	6
17	4	0.570000 	6
18	5	1.21000  	6
19	5	0.610000 	6
20	4	2.74000  	6
21	4	1.46000  	6
22	5	0.610000 	6
23	4	0.730000 	6
24	4	2.04000  	6
25	4	1.42000  	6
26	4	0.740000 	6
27	3	0.740000 	6
28	5	2.06000  	6
29	4	2.11000  	6
30	4	0.860000 	6
31	2	0.0900000	6
32	5	0.200000 	6
33	4	0.880000 	6
34	5	1.76000  	6
35	5	0.900000 	6
36	4	1.14000  	6
37	5	1.26000  	6
38	5	0.340000 	6
39	2	0.700000 	6
40	4	0.700000 	6
41	3	1.38000  	6
42	3	1.82000  	6
43	3	0.160000 	6
44	4	1.13000  	6
45	3	0.800000 	6
46	5	2.74000  	6
47	4	0.520000 	6
48	5	0.820000 	6
49	3	0.580000 	6
50	4	3.34000  	6
51	3	1.68000  	6
52	5	0.430000 	6
53	4	0.970000 	6
54	4	1.50000  	6
55	4	1.01000  	6
56	3	0.210000 	6
57	2	0.0500000	6
58	1	0.0700000	6
59	1	0.0700000	6
60	4	0.170000 	6
61	2	0.130000 	6
62	4	1.39000  	6
63	4	0.170000 	6
64	3	0.790000 	6
65	3	1.25000  	6
66	3	1.42000  	6
67	4	0.630000 	6
68	6	3.54000  	6
69	5	1.21000  	6
70	5	1.90000  	6
71	5	1.32000  	6
72	4	1.47000  	6
73	4	0.710000 	6
74	5	1.22000  	6
75	4	0.770000 	6
76	6	1.18000  	6
77	3	0.260000 	6
78	4	0.520000 	6
79	5	0.990000 	6
80	3	0.190000 	6
81	4	0.330000 	6
82	4	0.290000 	6
83	5	0.520000 	6
84	5	0.220000 	6
85	1	0.0200000	6
86	2	0.690000 	6
87	2	0.570000 	6
88	5	0.480000 	6
89	5	1.62000  	6
90	4	2.78000  	6
91	3	0.880000 	6
92	4	0.410000 	6
93	4	0.420000 	6
94	4	2.41000  	6
95	5	2.63000  	6
96	6	3.68000  	6
97	6	3.42000  	6
98	6	3.21000  	6
99	6	3.10000  	6
100	6	3.47000  	6

Total Tracks in X-direction: 606  in Y-direction: 606

Logic Area (in minimum width transistor areas):
Total Logic Area: 3e+08  Per 1x1 logic tile: 30000

Routing area (in minimum width transistor areas):
Total Routing Area: 7.72950e+06  Per logic tile: 772.950

Segment usage by type (index):
Segment type       Fractional utilization
------------       ----------------------
       0                  0.269

Segment usage by length:
Segment length       Fractional utilization
--------------       ----------------------
        2                   0.269

Critical Path: 2.60086e-08 (s)

Time elapsed (PLACE&ROUTE): 30366.577000 ms


Time elapsed (Fernando): 30366.599000 ms

