
VPR FPGA Placement and Routing.
Version: Version 5.0.2
Compiled: Dec 11 2020.
Original VPR by V. Betz.
Timing-driven placement enhancements by A. Marquardt.
Single-drivers enhancements by Andy Ye with additions by.
Mark Fang, Jason Luu, Ted Campbell
Heterogeneous stucture support by Jason Luu and Ted Campbell.
This code is licensed only for non-commercial use.

Auto-sizing FPGA, try x = 29 y = 29
Auto-sizing FPGA, try x = 58 y = 58
Auto-sizing FPGA, try x = 116 y = 116
Auto-sizing FPGA, try x = 58 y = 58
Auto-sizing FPGA, try x = 87 y = 87
Auto-sizing FPGA, try x = 101 y = 101
Auto-sizing FPGA, try x = 94 y = 94
Auto-sizing FPGA, try x = 90 y = 90
Auto-sizing FPGA, try x = 88 y = 88
Auto-sizing FPGA, try x = 87 y = 87
FPGA auto-sized to, x = 88 y = 88

Resource Usage:
Netlist      0	blocks of type <EMPTY>
Architecture 4	blocks of type <EMPTY>
Netlist      349	blocks of type .io
Architecture 352	blocks of type .io
Netlist      512	blocks of type .clb
Architecture 7744	blocks of type .clb

Timing analysis: ON

Operation:  ROUTE_ONLY

PlacerOpts.place_freq:  PLACE_NEVER

RouterOpts.route_type:  DETAILED
RouterOpts.router_algorithm:  TIMING_DRIVEN
RouterOpts.base_cost_type:  DELAY_NORMALIZED
RouterOpts.fixed_channel_width:  NO_FIXED_CHANNEL_WIDTH
RouterOpts.acc_fac:  1.000000
RouterOpts.bb_factor:  3
RouterOpts.bend_cost:  0.000000
RouterOpts.first_iter_pres_fac:  0.500000
RouterOpts.initial_pres_fac:  0.500000
RouterOpts.pres_fac_mult:  1.300000
RouterOpts.max_router_iterations:  50
RouterOpts.astar_fac:  1.200000
RouterOpts.criticality_exp:  1.000000
RouterOpts.max_criticality:  0.990000

RoutingArch.directionality:  UNI_DIRECTIONAL
RoutingArch.switch_block_type:  WILTON
RoutingArch.Fs:  3

The circuit will be mapped into a 88 x 88 array of clbs.

Netlist num_nets:  646
Netlist num_blocks:  861
Netlist inputs pins:  134
Netlist output pins:  215

47 13 0
34 4 0
36 3 0
49 14 0
58 3 0
32 8 0
40 11 0
57 9 0
35 7 0
42 13 0
39 5 0
62 3 0
34 1 0
58 10 0
60 3 0
33 9 0
68 3 0
61 5 0
35 11 0
39 13 0
60 7 0
31 6 0
44 13 0
60 9 0
61 6 0
36 2 0
42 8 0
44 10 0
41 9 0
30 7 0
61 8 0
55 12 0
54 15 0
55 7 0
40 14 0
53 9 0
30 1 0
65 4 0
62 5 0
41 7 0
45 11 0
43 11 0
31 7 0
49 19 0
59 12 0
55 8 0
36 6 0
45 14 0
47 14 0
40 4 0
41 5 0
58 12 0
37 4 0
43 6 0
46 14 0
37 11 0
38 11 0
44 11 0
59 4 0
29 5 0
33 8 0
51 9 0
51 4 0
64 5 0
41 4 0
39 7 0
54 2 0
62 1 0
61 1 0
26 89 0
59 3 0
41 1 0
65 2 0
68 1 0
48 8 0
53 5 0
55 1 0
50 19 0
44 2 0
27 2 0
62 6 0
39 2 0
64 7 0
49 11 0
89 80 0
50 7 0
33 5 0
39 3 0
67 3 0
27 89 0
48 7 0
51 11 0
55 5 0
26 0 0
49 7 0
36 0 0
44 7 0
47 10 0
89 84 0
46 9 0
40 1 0
54 4 0
56 14 0
47 8 0
51 13 0
32 4 0
43 13 0
67 2 0
40 7 0
48 6 0
38 5 0
45 7 0
0 20 0
48 11 0
55 14 0
76 0 0
56 4 0
43 4 0
39 1 0
48 16 0
40 6 0
89 38 0
53 6 0
54 5 0
64 4 0
89 15 0
45 3 0
55 4 0
48 10 0
46 4 0
89 60 0
46 89 0
55 6 0
48 12 0
50 6 0
37 9 0
55 11 0
47 11 0
0 2 0
52 4 0
47 5 0
89 87 0
0 81 0
63 7 0
25 0 0
51 5 0
67 89 0
42 15 0
0 32 0
53 3 0
57 89 0
89 21 0
53 1 0
56 9 0
33 1 0
39 14 0
49 18 0
71 0 0
54 16 0
51 17 0
52 6 0
43 12 0
49 10 0
46 2 0
53 17 0
37 89 0
7 89 0
0 30 0
58 13 0
50 9 0
31 4 0
43 16 0
39 11 0
24 89 0
54 11 0
45 19 0
42 3 0
89 71 0
16 89 0
0 60 0
51 2 0
89 45 0
57 2 0
55 0 0
60 6 0
89 28 0
34 7 0
5 89 0
75 89 0
52 1 0
57 3 0
49 4 0
54 9 0
0 53 0
0 79 0
89 26 0
41 3 0
0 76 0
35 4 0
9 89 0
62 7 0
52 7 0
89 78 0
47 12 0
66 89 0
63 5 0
48 89 0
77 89 0
87 89 0
53 7 0
30 0 0
34 2 0
46 18 0
36 9 0
65 6 0
46 8 0
48 19 0
51 8 0
61 0 0
46 7 0
37 5 0
53 10 0
47 2 0
89 34 0
46 17 0
89 18 0
10 0 0
50 3 0
81 0 0
33 7 0
53 16 0
48 9 0
35 2 0
29 3 0
69 1 0
63 0 0
52 8 0
15 89 0
51 89 0
28 0 0
48 3 0
0 48 0
47 16 0
36 89 0
30 2 0
89 50 0
59 0 0
25 89 0
89 6 0
37 6 0
36 10 0
0 5 0
89 49 0
0 40 0
49 1 0
3 0 0
50 2 0
0 61 0
52 17 0
38 1 0
49 3 0
63 1 0
10 89 0
78 0 0
42 4 0
53 8 0
6 89 0
51 1 0
23 0 0
54 7 0
63 6 0
89 13 0
61 7 0
34 9 0
88 89 0
41 2 0
58 1 0
72 0 0
48 2 0
56 3 0
47 1 0
58 2 0
47 9 0
44 0 0
53 14 0
43 14 0
59 5 0
50 1 0
38 10 0
47 89 0
51 15 0
24 0 0
89 17 0
51 18 0
48 1 0
22 89 0
89 52 0
64 1 0
45 6 0
35 6 0
41 15 0
89 65 0
60 12 0
49 2 0
46 1 0
0 83 0
52 11 0
44 5 0
57 6 0
47 4 0
48 13 0
33 0 0
89 10 0
0 88 0
46 3 0
35 10 0
0 31 0
56 1 0
68 2 0
14 89 0
51 6 0
61 10 0
46 19 0
45 5 0
63 8 0
59 1 0
89 74 0
32 2 0
89 66 0
0 46 0
0 13 0
77 0 0
64 3 0
46 5 0
53 13 0
45 4 0
56 10 0
13 89 0
39 6 0
48 5 0
81 89 0
53 4 0
0 77 0
43 1 0
29 2 0
69 89 0
29 1 0
89 46 0
45 18 0
0 49 0
45 10 0
50 18 0
61 4 0
32 6 0
49 6 0
89 14 0
54 1 0
38 12 0
89 86 0
49 17 0
28 5 0
73 0 0
50 10 0
4 0 0
59 6 0
40 0 0
40 2 0
0 12 0
87 0 0
36 7 0
47 6 0
58 6 0
89 55 0
50 11 0
89 24 0
50 5 0
60 89 0
89 64 0
62 4 0
0 43 0
89 56 0
37 1 0
50 17 0
12 89 0
43 5 0
54 3 0
34 3 0
60 11 0
52 16 0
56 8 0
52 5 0
29 6 0
59 2 0
36 8 0
28 1 0
32 5 0
56 7 0
53 2 0
44 1 0
42 1 0
51 3 0
89 31 0
44 3 0
44 6 0
54 6 0
58 7 0
45 2 0
54 14 0
42 10 0
52 3 0
89 63 0
56 13 0
46 6 0
50 15 0
49 9 0
34 6 0
46 13 0
34 8 0
56 6 0
57 1 0
65 5 0
55 2 0
45 8 0
34 5 0
63 2 0
47 3 0
43 3 0
38 9 0
51 7 0
60 1 0
49 5 0
62 9 0
89 19 0
45 1 0
39 10 0
63 4 0
43 2 0
0 72 0
44 9 0
57 12 0
35 3 0
45 15 0
66 2 0
34 0 0
39 12 0
60 10 0
61 2 0
45 17 0
54 12 0
1 0 0
46 11 0
46 10 0
89 33 0
49 15 0
44 18 0
89 29 0
42 7 0
89 76 0
55 10 0
42 6 0
43 7 0
33 2 0
50 16 0
47 7 0
1 89 0
48 17 0
58 4 0
28 2 0
66 1 0
51 10 0
36 1 0
56 2 0
30 3 0
50 14 0
51 14 0
52 0 0
37 12 0
42 16 0
89 72 0
37 2 0
66 5 0
42 9 0
35 5 0
46 12 0
41 10 0
47 18 0
40 8 0
66 4 0
42 2 0
47 17 0
44 12 0
56 5 0
45 13 0
53 15 0
52 2 0
58 11 0
33 3 0
55 9 0
44 4 0
43 17 0
31 1 0
39 4 0
52 12 0
49 12 0
0 3 0
48 18 0
37 7 0
42 5 0
38 3 0
37 3 0
89 43 0
33 89 0
41 6 0
0 41 0
52 9 0
47 20 0
50 4 0
64 6 0
67 1 0
44 16 0
64 2 0
55 3 0
59 8 0
45 12 0
50 12 0
54 10 0
33 6 0
54 8 0
58 9 0
43 15 0
36 5 0
49 0 0
41 8 0
58 8 0
33 4 0
48 4 0
60 8 0
48 14 0
58 5 0
41 11 0
70 1 0
89 25 0
49 13 0
59 11 0
48 15 0
40 9 0
41 16 0
40 3 0
32 1 0
38 8 0
40 12 0
41 13 0
59 9 0
45 16 0
47 19 0
38 4 0
67 4 0
52 10 0
53 12 0
54 13 0
43 8 0
66 3 0
57 13 0
83 0 0
59 10 0
55 13 0
45 9 0
36 4 0
0 65 0
31 5 0
47 15 0
50 8 0
60 13 0
57 5 0
42 11 0
40 10 0
51 16 0
40 13 0
42 14 0
52 14 0
27 1 0
38 7 0
54 17 0
57 7 0
38 6 0
55 15 0
55 16 0
50 13 0
51 12 0
56 12 0
52 13 0
62 8 0
41 14 0
44 14 0
37 8 0
44 8 0
38 2 0
30 5 0
60 5 0
52 15 0
61 9 0
89 54 0
53 11 0
65 3 0
49 16 0
46 15 0
0 68 0
32 7 0
39 8 0
39 0 0
46 16 0
59 7 0
32 3 0
44 17 0
61 3 0
69 2 0
38 13 0
65 1 0
34 10 0
39 9 0
30 6 0
57 4 0
60 2 0
62 2 0
43 10 0
57 10 0
89 67 0
44 15 0
35 8 0
43 9 0
35 1 0
49 8 0
30 4 0
63 3 0
40 5 0
42 12 0
31 3 0
57 8 0
35 9 0
41 12 0
37 10 0
60 4 0
0 26 0
31 2 0
56 11 0
57 11 0
0 23 0
89 3 0
38 0 0
50 89 0
80 0 0
89 82 0
0 29 0
89 39 0
0 1 0
0 33 0
14 0 0
89 44 0
32 0 0
0 55 0
75 0 0
89 81 0
0 80 0
0 38 0
0 85 0
30 89 0
89 42 0
21 89 0
41 89 0
0 57 0
89 48 0
31 0 0
46 0 0
64 0 0
19 0 0
0 74 0
89 69 0
0 52 0
78 89 0
89 1 0
31 89 0
85 0 0
89 62 0
0 67 0
89 47 0
48 0 0
58 0 0
17 0 0
0 75 0
82 89 0
84 89 0
89 12 0
43 89 0
0 22 0
12 0 0
72 89 0
37 0 0
42 0 0
89 59 0
21 0 0
79 0 0
17 89 0
61 89 0
0 66 0
50 0 0
89 70 0
67 0 0
29 89 0
8 0 0
73 89 0
0 25 0
54 0 0
76 89 0
0 62 0
42 89 0
13 0 0
66 0 0
52 89 0
15 0 0
0 47 0
56 0 0
0 18 0
57 0 0
59 89 0
27 0 0
53 89 0
89 85 0
0 87 0
8 89 0
28 89 0
54 89 0
0 37 0
0 19 0
0 4 0
29 0 0
89 68 0
0 34 0
0 84 0
35 0 0
19 89 0
49 89 0
0 63 0
89 5 0
89 83 0
63 89 0
53 0 0
65 0 0
0 42 0
39 89 0
62 89 0
0 16 0
32 89 0
89 27 0
89 2 0
89 22 0
85 89 0
70 89 0
58 89 0
6 0 0
0 64 0
80 89 0
89 58 0
0 73 0
69 0 0
0 36 0
86 0 0
84 0 0
89 73 0
2 0 0
56 89 0
20 0 0
89 51 0
0 15 0
89 79 0
0 6 0
34 89 0
60 0 0
0 69 0
35 89 0
0 45 0
0 56 0
44 89 0
70 0 0
89 53 0
47 0 0
74 89 0
89 9 0
71 89 0
0 78 0
89 4 0
51 0 0
89 11 0
0 8 0
18 0 0
82 0 0
5 0 0
89 35 0
4 89 0
89 32 0
0 21 0
9 0 0
16 0 0
86 89 0
68 89 0
64 89 0
0 39 0
89 20 0
0 14 0
89 41 0
38 89 0
89 40 0
0 24 0
89 23 0
0 9 0
0 58 0
0 10 0
0 59 0
0 50 0
11 0 0
55 89 0
0 54 0
62 0 0
7 0 0
83 89 0
0 11 0
89 30 0
0 7 0
0 86 0
88 0 0
89 77 0
0 27 0
0 71 0
45 0 0
41 0 0
89 75 0
89 57 0
0 35 0
0 70 0
23 89 0
89 7 0
45 89 0
89 37 0
11 89 0
79 89 0
65 89 0
0 82 0
89 8 0
18 89 0
68 0 0
74 0 0
22 0 0
40 89 0
89 16 0
43 0 0
20 89 0
0 44 0
89 61 0
0 28 0
0 17 0
89 36 0
0 51 0
low, high, current -1 -1 8
Confirming Router Algorithm: TIMING_DRIVEN.
T_crit: 1.92466e-08.
T_crit: 1.90424e-08.
T_crit: 1.91458e-08.
T_crit: 1.90424e-08.
T_crit: 1.90424e-08.
T_crit: 1.90424e-08.
T_crit: 1.90424e-08.
T_crit: 1.90424e-08.
T_crit: 1.90424e-08.
T_crit: 1.9403e-08.
T_crit: 1.92996e-08.
T_crit: 1.97238e-08.
T_crit: 2.01305e-08.
T_crit: 2.11308e-08.
T_crit: 2.03982e-08.
T_crit: 2.13446e-08.
T_crit: 2.13553e-08.
T_crit: 2.16586e-08.
T_crit: 2.11737e-08.
T_crit: 2.18551e-08.
T_crit: 2.21036e-08.
T_crit: 2.11062e-08.
T_crit: 2.08011e-08.
T_crit: 2.19826e-08.
T_crit: 2.20052e-08.
T_crit: 2.199e-08.
T_crit: 2.3331e-08.
T_crit: 2.32283e-08.
T_crit: 2.24951e-08.
T_crit: 2.29206e-08.
T_crit: 2.17733e-08.
T_crit: 2.22764e-08.
T_crit: 2.23848e-08.
T_crit: 2.22871e-08.
T_crit: 2.18817e-08.
T_crit: 2.20847e-08.
T_crit: 2.19662e-08.
T_crit: 2.21899e-08.
T_crit: 2.20872e-08.
T_crit: 2.22814e-08.
T_crit: 2.32182e-08.
T_crit: 2.24679e-08.
T_crit: 2.27793e-08.
T_crit: 2.26105e-08.
T_crit: 2.22852e-08.
T_crit: 2.25127e-08.
T_crit: 2.29313e-08.
T_crit: 2.34363e-08.
T_crit: 2.28122e-08.
T_crit: 2.3744e-08.
Routing failed.
low, high, current 8 -1 16
Confirming Router Algorithm: TIMING_DRIVEN.
T_crit: 1.92466e-08.
T_crit: 1.91458e-08.
T_crit: 1.90424e-08.
T_crit: 1.91458e-08.
T_crit: 1.90424e-08.
T_crit: 1.91458e-08.
T_crit: 1.91458e-08.
T_crit: 1.91458e-08.
T_crit: 1.91458e-08.
T_crit: 1.91458e-08.
T_crit: 1.91458e-08.
T_crit: 1.90424e-08.
T_crit: 1.90424e-08.
T_crit: 1.90424e-08.
T_crit: 1.91458e-08.
T_crit: 1.91458e-08.
T_crit: 1.91458e-08.
T_crit: 1.93525e-08.
T_crit: 2.00188e-08.
T_crit: 2.08542e-08.
T_crit: 1.99157e-08.
T_crit: 2.05276e-08.
T_crit: 2.01292e-08.
T_crit: 2.04335e-08.
T_crit: 2.01352e-08.
T_crit: 2.12696e-08.
T_crit: 2.05849e-08.
T_crit: 2.12063e-08.
T_crit: 2.14751e-08.
T_crit: 2.18248e-08.
T_crit: 2.18349e-08.
T_crit: 2.14763e-08.
T_crit: 2.09487e-08.
T_crit: 2.13717e-08.
T_crit: 2.11722e-08.
T_crit: 2.09677e-08.
T_crit: 2.14776e-08.
T_crit: 2.14681e-08.
T_crit: 2.1383e-08.
T_crit: 2.07647e-08.
T_crit: 2.14831e-08.
T_crit: 2.17328e-08.
T_crit: 2.19952e-08.
T_crit: 2.15671e-08.
T_crit: 2.17884e-08.
T_crit: 2.24006e-08.
T_crit: 2.17859e-08.
T_crit: 2.13711e-08.
T_crit: 2.13837e-08.
T_crit: 2.12665e-08.
Routing failed.
low, high, current 16 -1 32
Confirming Router Algorithm: TIMING_DRIVEN.
T_crit: 1.92466e-08.
T_crit: 1.91458e-08.
T_crit: 1.90424e-08.
T_crit: 1.90424e-08.
T_crit: 1.90424e-08.
T_crit: 1.8939e-08.
T_crit: 1.91458e-08.
T_crit: 1.91458e-08.
T_crit: 1.91458e-08.
T_crit: 1.91458e-08.
T_crit: 1.91458e-08.
T_crit: 1.91458e-08.
T_crit: 1.91458e-08.
T_crit: 1.91458e-08.
T_crit: 1.91458e-08.
Successfully routed after 16 routing iterations.
Completed net delay value cross check successfully.
low, high, current 16 32 24
Confirming Router Algorithm: TIMING_DRIVEN.
T_crit: 1.92466e-08.
T_crit: 1.90424e-08.
T_crit: 1.91458e-08.
T_crit: 1.90424e-08.
T_crit: 1.90424e-08.
T_crit: 1.90424e-08.
T_crit: 1.90424e-08.
T_crit: 1.90424e-08.
T_crit: 1.90424e-08.
T_crit: 1.90424e-08.
T_crit: 1.90424e-08.
T_crit: 1.90424e-08.
T_crit: 1.90424e-08.
T_crit: 1.90424e-08.
T_crit: 1.90424e-08.
T_crit: 1.90424e-08.
T_crit: 1.90424e-08.
T_crit: 1.90424e-08.
T_crit: 1.90424e-08.
T_crit: 1.90424e-08.
T_crit: 1.90424e-08.
T_crit: 1.90424e-08.
T_crit: 1.90424e-08.
T_crit: 1.90424e-08.
T_crit: 1.90424e-08.
T_crit: 1.90424e-08.
T_crit: 1.90424e-08.
T_crit: 1.90424e-08.
T_crit: 1.90424e-08.
T_crit: 1.90424e-08.
T_crit: 1.90424e-08.
T_crit: 1.90424e-08.
Successfully routed after 33 routing iterations.
Completed net delay value cross check successfully.
low, high, current 16 24 20
Confirming Router Algorithm: TIMING_DRIVEN.
T_crit: 1.93979e-08.
T_crit: 1.89882e-08.
T_crit: 1.91343e-08.
T_crit: 1.92339e-08.
T_crit: 1.91306e-08.
T_crit: 1.92339e-08.
T_crit: 1.91306e-08.
T_crit: 1.91306e-08.
T_crit: 1.91306e-08.
T_crit: 1.91306e-08.
T_crit: 1.92339e-08.
T_crit: 1.92339e-08.
T_crit: 1.92339e-08.
T_crit: 1.92339e-08.
T_crit: 1.92339e-08.
T_crit: 1.92339e-08.
T_crit: 1.92339e-08.
T_crit: 1.92339e-08.
T_crit: 1.92339e-08.
T_crit: 1.91306e-08.
T_crit: 1.91306e-08.
T_crit: 1.91306e-08.
T_crit: 1.92182e-08.
T_crit: 1.92384e-08.
T_crit: 2.00564e-08.
T_crit: 2.15166e-08.
T_crit: 1.96693e-08.
T_crit: 2.12027e-08.
T_crit: 2.07917e-08.
T_crit: 2.18375e-08.
T_crit: 2.18917e-08.
T_crit: 2.10507e-08.
T_crit: 2.09511e-08.
T_crit: 2.09486e-08.
T_crit: 2.09486e-08.
T_crit: 2.09486e-08.
T_crit: 2.09486e-08.
T_crit: 2.08427e-08.
T_crit: 2.08427e-08.
T_crit: 2.08427e-08.
T_crit: 2.08427e-08.
T_crit: 2.08427e-08.
T_crit: 2.08427e-08.
T_crit: 2.08427e-08.
T_crit: 2.08427e-08.
T_crit: 2.08427e-08.
T_crit: 2.08427e-08.
T_crit: 2.08427e-08.
T_crit: 2.08427e-08.
T_crit: 2.08427e-08.
Routing failed.
low, high, current 20 24 22
Confirming Router Algorithm: TIMING_DRIVEN.
T_crit: 1.95845e-08.
T_crit: 1.92946e-08.
T_crit: 1.92756e-08.
T_crit: 1.92794e-08.
T_crit: 1.92428e-08.
T_crit: 1.93563e-08.
T_crit: 1.92403e-08.
T_crit: 1.93891e-08.
T_crit: 1.92895e-08.
T_crit: 1.92907e-08.
T_crit: 1.92806e-08.
T_crit: 1.92806e-08.
T_crit: 1.92832e-08.
T_crit: 1.92832e-08.
T_crit: 1.92832e-08.
T_crit: 1.92832e-08.
T_crit: 1.92832e-08.
T_crit: 1.92832e-08.
T_crit: 1.92832e-08.
T_crit: 1.92832e-08.
T_crit: 1.92832e-08.
T_crit: 1.92832e-08.
T_crit: 1.92832e-08.
T_crit: 1.92832e-08.
T_crit: 1.92832e-08.
T_crit: 1.92832e-08.
T_crit: 1.93701e-08.
T_crit: 1.92832e-08.
T_crit: 1.92832e-08.
T_crit: 1.94811e-08.
T_crit: 1.92832e-08.
T_crit: 1.92832e-08.
T_crit: 1.92832e-08.
T_crit: 1.92832e-08.
T_crit: 1.92832e-08.
T_crit: 1.92832e-08.
T_crit: 1.92832e-08.
T_crit: 1.92832e-08.
T_crit: 1.92832e-08.
T_crit: 1.92832e-08.
T_crit: 1.92832e-08.
T_crit: 1.92832e-08.
T_crit: 1.92832e-08.
T_crit: 1.92832e-08.
T_crit: 1.92832e-08.
T_crit: 1.92832e-08.
T_crit: 1.92832e-08.
T_crit: 1.92832e-08.
T_crit: 1.92832e-08.
T_crit: 1.92832e-08.
Routing failed.

Checking to ensure routing is legal ...
Completed routing consistency check successfully.

Serial number (magic cookie) for the routing is: 637487027
Best routing used a channel width factor of 24.


Average number of bends per net: 8.66718  Maximum # of bends: 217


The number of routed nets (nonglobal): 646
Wirelength results (all in units of 1 clb segments):
	Total wirelength: 42513   Average net length: 65.8096
	Maximum net length: 754

Wirelength results in terms of physical segments:
	Total wiring segments used: 21400   Av. wire segments per net: 33.1269
	Maximum segments used by a net: 379


X - Directed channels:

j	max occ	av_occ		capacity
0	24	13.0114  	24
1	22	11.2386  	24
2	24	11.6818  	24
3	24	12.1591  	24
4	24	11.3750  	24
5	24	11.2159  	24
6	24	10.5568  	24
7	24	10.5455  	24
8	24	8.73864  	24
9	24	9.90909  	24
10	24	8.01136  	24
11	22	7.62500  	24
12	23	6.75000  	24
13	22	5.86364  	24
14	20	4.23864  	24
15	22	5.71591  	24
16	22	5.88636  	24
17	20	5.19318  	24
18	20	3.72727  	24
19	21	3.42045  	24
20	10	1.90909  	24
21	8	2.52273  	24
22	4	2.76136  	24
23	2	0.670455 	24
24	2	1.39773  	24
25	1	0.0568182	24
26	3	1.04545  	24
27	2	0.511364 	24
28	2	0.806818 	24
29	2	0.534091 	24
30	2	0.102273 	24
31	1	0.409091 	24
32	2	1.01136  	24
33	2	0.647727 	24
34	2	0.931818 	24
35	2	0.988636 	24
36	2	0.329545 	24
37	3	1.81818  	24
38	1	0.363636 	24
39	2	0.988636 	24
40	2	1.27273  	24
41	1	0.431818 	24
42	3	1.00000  	24
43	1	0.0227273	24
44	2	0.977273 	24
45	1	0.670455 	24
46	1	0.227273 	24
47	3	0.875000 	24
48	2	0.329545 	24
49	1	0.488636 	24
50	3	1.01136  	24
51	1	0.590909 	24
52	1	0.0681818	24
53	1	0.977273 	24
54	2	0.943182 	24
55	3	1.19318  	24
56	2	0.272727 	24
57	3	1.54545  	24
58	2	1.12500  	24
59	1	0.0454545	24
60	2	0.590909 	24
61	2	0.397727 	24
62	1	0.647727 	24
63	2	0.818182 	24
64	1	0.545455 	24
65	1	0.704545 	24
66	2	0.590909 	24
67	2	0.943182 	24
68	1	0.670455 	24
69	2	0.602273 	24
70	2	1.32955  	24
71	1	0.0340909	24
72	1	0.340909 	24
73	1	0.0340909	24
74	3	1.68182  	24
75	2	0.556818 	24
76	0	0.00000  	24
77	1	0.545455 	24
78	1	0.250000 	24
79	1	0.0227273	24
80	1	0.568182 	24
81	3	1.04545  	24
82	2	0.0795455	24
83	2	0.409091 	24
84	2	0.431818 	24
85	4	1.26136  	24
86	3	1.29545  	24
87	4	1.32955  	24
88	13	6.94318  	24

Y - Directed channels:

i	max occ	av_occ		capacity
0	13	8.59091  	24
1	4	1.81818  	24
2	6	2.93182  	24
3	1	0.329545 	24
4	1	0.272727 	24
5	1	0.0227273	24
6	2	1.00000  	24
7	1	0.0454545	24
8	1	0.954545 	24
9	1	0.0227273	24
10	1	0.0227273	24
11	1	1.00000  	24
12	2	0.0568182	24
13	1	0.829545 	24
14	3	0.0909091	24
15	1	0.0340909	24
16	1	0.0227273	24
17	2	0.965909 	24
18	2	1.04545  	24
19	2	0.113636 	24
20	3	1.14773  	24
21	2	1.03409  	24
22	1	0.0681818	24
23	2	1.89773  	24
24	3	0.0340909	24
25	2	1.02273  	24
26	4	2.93182  	24
27	10	2.86364  	24
28	7	1.36364  	24
29	15	1.02273  	24
30	10	2.64773  	24
31	18	4.61364  	24
32	15	1.29545  	24
33	14	3.64773  	24
34	14	1.89773  	24
35	18	3.72727  	24
36	20	3.96591  	24
37	17	4.35227  	24
38	20	5.00000  	24
39	21	8.28409  	24
40	21	4.31818  	24
41	22	6.37500  	24
42	23	7.93182  	24
43	22	4.54545  	24
44	23	7.54545  	24
45	23	8.40909  	24
46	23	5.78409  	24
47	23	5.40909  	24
48	24	9.40909  	24
49	23	6.54545  	24
50	24	6.40909  	24
51	23	6.75000  	24
52	23	4.61364  	24
53	24	6.47727  	24
54	23	5.50000  	24
55	21	9.00000  	24
56	23	5.84091  	24
57	21	4.78409  	24
58	22	3.36364  	24
59	23	5.27273  	24
60	20	5.30682  	24
61	20	4.60227  	24
62	18	5.15909  	24
63	16	3.34091  	24
64	16	2.84091  	24
65	14	2.89773  	24
66	14	3.95455  	24
67	8	3.87500  	24
68	10	1.26136  	24
69	7	0.272727 	24
70	3	1.02273  	24
71	3	1.13636  	24
72	1	0.102273 	24
73	2	0.897727 	24
74	1	0.0227273	24
75	4	1.84091  	24
76	3	0.0909091	24
77	2	0.0454545	24
78	2	1.03409  	24
79	2	0.852273 	24
80	2	0.227273 	24
81	2	0.0568182	24
82	2	0.465909 	24
83	2	0.306818 	24
84	3	1.28409  	24
85	5	2.04545  	24
86	8	3.52273  	24
87	5	2.39773  	24
88	14	9.55682  	24

Total Tracks in X-direction: 2136  in Y-direction: 2136

Logic Area (in minimum width transistor areas):
Total Logic Area: 2.3232e+08  Per 1x1 logic tile: 30000

Routing area (in minimum width transistor areas):
Total Routing Area: 2.37824e+07  Per logic tile: 3071.07

Segment usage by type (index):
Segment type       Fractional utilization
------------       ----------------------
       0                  0.113

Segment usage by length:
Segment length       Fractional utilization
--------------       ----------------------
        2                   0.113

Critical Path: 1.90424e-08 (s)

Time elapsed (PLACE&ROUTE): 3484755.497000 ms


Time elapsed (Fernando): 3484755.518000 ms

