
VPR FPGA Placement and Routing.
Version: Version 5.0.2
Compiled: Dec 11 2020.
Original VPR by V. Betz.
Timing-driven placement enhancements by A. Marquardt.
Single-drivers enhancements by Andy Ye with additions by.
Mark Fang, Jason Luu, Ted Campbell
Heterogeneous stucture support by Jason Luu and Ted Campbell.
This code is licensed only for non-commercial use.

Auto-sizing FPGA, try x = 29 y = 29
Auto-sizing FPGA, try x = 58 y = 58
Auto-sizing FPGA, try x = 116 y = 116
Auto-sizing FPGA, try x = 58 y = 58
Auto-sizing FPGA, try x = 87 y = 87
Auto-sizing FPGA, try x = 101 y = 101
Auto-sizing FPGA, try x = 94 y = 94
Auto-sizing FPGA, try x = 90 y = 90
Auto-sizing FPGA, try x = 88 y = 88
Auto-sizing FPGA, try x = 87 y = 87
FPGA auto-sized to, x = 88 y = 88

Resource Usage:
Netlist      0	blocks of type <EMPTY>
Architecture 4	blocks of type <EMPTY>
Netlist      349	blocks of type .io
Architecture 352	blocks of type .io
Netlist      512	blocks of type .clb
Architecture 7744	blocks of type .clb

Timing analysis: ON

Operation:  ROUTE_ONLY

PlacerOpts.place_freq:  PLACE_NEVER

RouterOpts.route_type:  DETAILED
RouterOpts.router_algorithm:  TIMING_DRIVEN
RouterOpts.base_cost_type:  DELAY_NORMALIZED
RouterOpts.fixed_channel_width:  NO_FIXED_CHANNEL_WIDTH
RouterOpts.acc_fac:  1.000000
RouterOpts.bb_factor:  3
RouterOpts.bend_cost:  0.000000
RouterOpts.first_iter_pres_fac:  0.500000
RouterOpts.initial_pres_fac:  0.500000
RouterOpts.pres_fac_mult:  1.300000
RouterOpts.max_router_iterations:  50
RouterOpts.astar_fac:  1.200000
RouterOpts.criticality_exp:  1.000000
RouterOpts.max_criticality:  0.990000

RoutingArch.directionality:  UNI_DIRECTIONAL
RoutingArch.switch_block_type:  WILTON
RoutingArch.Fs:  3

The circuit will be mapped into a 88 x 88 array of clbs.

Netlist num_nets:  646
Netlist num_blocks:  861
Netlist inputs pins:  134
Netlist output pins:  215

77 13 0
63 9 0
79 8 0
63 13 0
61 4 0
87 6 0
73 16 0
56 2 0
61 6 0
71 16 0
67 10 0
61 9 0
79 5 0
53 3 0
62 3 0
87 8 0
85 9 0
60 1 0
88 5 0
81 11 0
56 3 0
84 7 0
65 12 0
50 1 0
56 4 0
80 7 0
66 7 0
85 1 0
73 13 0
80 14 0
69 17 0
58 8 0
65 16 0
77 12 0
81 9 0
77 11 0
57 9 0
67 14 0
62 10 0
67 7 0
85 2 0
75 11 0
77 15 0
67 19 0
82 13 0
78 10 0
60 4 0
64 12 0
77 14 0
69 10 0
68 9 0
86 2 0
78 9 0
64 6 0
63 12 0
82 5 0
82 6 0
74 12 0
63 6 0
78 15 0
87 7 0
70 9 0
73 5 0
87 4 0
67 8 0
70 11 0
68 3 0
85 4 0
82 4 0
0 80 0
63 4 0
72 9 0
66 15 0
83 9 0
74 7 0
68 5 0
66 1 0
61 13 0
78 1 0
2 2 0
72 16 0
63 3 0
73 19 0
81 2 0
89 87 0
72 8 0
75 16 0
64 7 0
85 6 0
89 83 0
67 3 0
73 14 0
78 5 0
0 84 0
76 3 0
41 0 0
65 5 0
82 2 0
89 42 0
83 3 0
63 1 0
78 3 0
63 15 0
64 2 0
65 13 0
54 6 0
63 11 0
84 6 0
69 11 0
73 6 0
68 11 0
77 6 0
14 89 0
74 13 0
64 15 0
89 15 0
62 1 0
75 7 0
66 5 0
62 11 0
66 9 0
58 0 0
70 8 0
77 5 0
57 5 0
3 0 0
69 4 0
71 9 0
74 9 0
67 2 0
89 36 0
0 79 0
69 9 0
75 13 0
75 4 0
59 6 0
59 8 0
84 3 0
48 0 0
72 7 0
77 2 0
53 89 0
0 59 0
74 17 0
89 44 0
70 5 0
36 89 0
76 16 0
42 0 0
71 6 0
0 21 0
0 54 0
75 2 0
53 1 0
81 6 0
67 15 0
67 18 0
0 52 0
52 3 0
77 16 0
67 4 0
71 14 0
73 9 0
70 3 0
54 5 0
76 89 0
0 49 0
89 53 0
53 4 0
79 3 0
68 15 0
83 10 0
83 6 0
17 89 0
59 9 0
70 21 0
76 6 0
89 68 0
16 0 0
13 89 0
74 2 0
0 28 0
78 4 0
89 55 0
58 3 0
0 19 0
61 2 0
89 48 0
55 89 0
73 3 0
79 4 0
75 1 0
77 10 0
89 47 0
24 89 0
0 56 0
71 10 0
83 89 0
62 7 0
89 2 0
72 18 0
72 10 0
86 89 0
76 13 0
3 89 0
72 17 0
0 72 0
41 89 0
89 12 0
82 1 0
0 29 0
77 8 0
66 17 0
69 15 0
72 19 0
73 10 0
1 4 0
66 4 0
89 76 0
65 3 0
61 5 0
79 11 0
69 1 0
77 0 0
65 15 0
80 89 0
89 84 0
72 4 0
89 6 0
88 7 0
68 19 0
69 7 0
80 6 0
79 13 0
75 18 0
28 89 0
75 8 0
57 89 0
1 0 0
89 85 0
71 3 0
0 40 0
54 3 0
0 47 0
56 7 0
0 24 0
62 89 0
89 63 0
89 19 0
68 13 0
88 8 0
78 89 0
88 89 0
2 0 0
72 1 0
0 81 0
72 3 0
89 8 0
71 22 0
77 7 0
70 1 0
84 4 0
89 57 0
89 5 0
67 6 0
74 10 0
5 89 0
74 1 0
89 9 0
82 3 0
73 17 0
53 0 0
57 4 0
86 8 0
40 0 0
68 6 0
67 5 0
89 77 0
71 2 0
81 1 0
73 2 0
63 2 0
64 3 0
89 26 0
76 15 0
61 11 0
59 1 0
72 2 0
82 7 0
45 0 0
66 16 0
0 75 0
47 0 0
76 18 0
71 1 0
4 0 0
89 82 0
84 5 0
80 2 0
60 3 0
80 11 0
44 89 0
81 13 0
73 1 0
70 2 0
0 57 0
72 14 0
74 8 0
79 9 0
77 1 0
75 14 0
9 0 0
0 22 0
0 82 0
67 1 0
88 6 0
89 39 0
74 6 0
84 9 0
0 14 0
76 4 0
71 20 0
1 3 0
79 2 0
71 19 0
65 4 0
89 62 0
55 6 0
0 31 0
20 0 0
25 89 0
10 0 0
66 13 0
79 1 0
71 18 0
70 6 0
54 2 0
25 0 0
66 11 0
69 3 0
64 0 0
65 1 0
22 89 0
74 5 0
74 19 0
54 0 0
56 8 0
0 71 0
1 2 0
0 1 0
83 1 0
66 18 0
58 4 0
84 8 0
74 4 0
89 35 0
71 5 0
83 7 0
45 89 0
82 9 0
80 15 0
81 0 0
80 3 0
79 0 0
58 2 0
33 0 0
68 7 0
15 0 0
68 0 0
60 6 0
71 7 0
76 12 0
6 0 0
72 13 0
0 76 0
68 2 0
0 50 0
84 0 0
62 9 0
10 89 0
0 69 0
78 7 0
70 22 0
27 0 0
72 11 0
66 2 0
63 8 0
81 12 0
67 16 0
75 9 0
77 3 0
78 16 0
64 4 0
60 7 0
72 20 0
78 13 0
76 11 0
76 2 0
75 3 0
69 5 0
73 4 0
49 89 0
75 5 0
69 8 0
76 7 0
57 1 0
72 6 0
70 19 0
72 12 0
70 4 0
82 0 0
57 7 0
66 3 0
87 2 0
77 4 0
59 4 0
64 10 0
86 7 0
76 9 0
80 1 0
88 4 0
78 2 0
73 11 0
62 8 0
83 4 0
74 3 0
76 5 0
81 3 0
75 6 0
76 8 0
71 4 0
68 16 0
32 89 0
72 5 0
81 4 0
63 10 0
68 4 0
64 89 0
74 11 0
51 1 0
63 7 0
55 5 0
86 4 0
71 0 0
68 14 0
59 10 0
63 5 0
85 7 0
85 5 0
89 18 0
84 2 0
83 2 0
0 11 0
68 17 0
69 20 0
0 6 0
66 6 0
89 10 0
60 9 0
66 8 0
65 6 0
57 6 0
87 1 0
70 7 0
89 17 0
74 18 0
62 2 0
76 17 0
67 13 0
70 10 0
78 6 0
65 2 0
79 12 0
87 3 0
65 14 0
38 89 0
69 21 0
61 12 0
52 0 0
79 7 0
87 5 0
73 12 0
62 6 0
84 1 0
69 14 0
69 18 0
69 12 0
86 5 0
69 6 0
63 14 0
75 10 0
80 5 0
65 11 0
67 17 0
69 2 0
86 3 0
61 7 0
81 7 0
64 1 0
1 1 0
57 8 0
66 10 0
78 12 0
76 14 0
89 78 0
70 20 0
61 3 0
68 8 0
64 9 0
78 8 0
50 89 0
0 48 0
68 10 0
0 36 0
81 8 0
73 20 0
76 1 0
73 18 0
88 1 0
82 10 0
83 5 0
71 8 0
55 2 0
64 11 0
74 14 0
76 10 0
83 8 0
77 9 0
55 1 0
81 5 0
60 5 0
72 0 0
69 13 0
56 1 0
71 17 0
68 1 0
54 1 0
74 15 0
61 1 0
73 15 0
82 12 0
89 46 0
75 15 0
60 11 0
56 5 0
70 12 0
81 10 0
64 8 0
56 6 0
67 12 0
80 12 0
79 10 0
52 1 0
62 12 0
69 19 0
65 9 0
71 21 0
78 11 0
70 16 0
70 18 0
65 7 0
88 2 0
62 13 0
0 46 0
52 2 0
70 17 0
86 1 0
65 10 0
5 0 0
78 14 0
55 3 0
73 8 0
81 14 0
59 2 0
72 15 0
70 14 0
75 17 0
80 10 0
70 15 0
58 9 0
68 20 0
67 11 0
65 17 0
75 12 0
68 12 0
64 16 0
64 17 0
71 13 0
64 13 0
58 7 0
64 14 0
69 16 0
80 9 0
61 10 0
59 5 0
65 8 0
80 8 0
79 14 0
59 3 0
88 3 0
51 2 0
0 16 0
82 8 0
66 14 0
68 18 0
55 4 0
86 0 0
85 8 0
71 12 0
0 2 0
54 4 0
58 1 0
66 12 0
82 11 0
61 8 0
84 10 0
52 4 0
85 3 0
86 9 0
70 13 0
79 15 0
80 4 0
62 4 0
62 5 0
71 11 0
53 2 0
85 89 0
60 10 0
60 2 0
64 5 0
79 6 0
73 7 0
80 13 0
60 8 0
67 9 0
71 15 0
55 8 0
57 2 0
86 6 0
74 16 0
58 5 0
57 3 0
28 0 0
55 7 0
59 7 0
58 6 0
89 34 0
35 0 0
89 7 0
89 61 0
56 0 0
16 89 0
89 40 0
89 43 0
32 0 0
89 41 0
50 0 0
89 50 0
78 0 0
51 89 0
59 0 0
12 89 0
7 89 0
17 0 0
19 89 0
89 66 0
0 45 0
84 89 0
0 58 0
46 89 0
0 53 0
0 8 0
67 0 0
88 0 0
89 16 0
0 86 0
75 89 0
59 89 0
1 89 0
0 32 0
89 65 0
89 30 0
68 89 0
70 89 0
0 51 0
70 0 0
87 0 0
0 18 0
87 89 0
37 89 0
21 89 0
89 28 0
89 56 0
0 34 0
49 0 0
89 80 0
76 0 0
63 0 0
0 68 0
89 14 0
57 0 0
0 85 0
89 72 0
69 89 0
62 0 0
0 77 0
0 3 0
0 66 0
43 0 0
89 81 0
0 37 0
89 3 0
42 89 0
43 89 0
89 58 0
0 20 0
0 7 0
63 89 0
51 0 0
89 52 0
73 0 0
26 0 0
0 4 0
89 74 0
83 0 0
71 89 0
35 89 0
31 89 0
9 89 0
89 67 0
61 89 0
19 0 0
23 0 0
37 0 0
75 0 0
0 74 0
12 0 0
15 89 0
80 0 0
79 89 0
89 54 0
66 89 0
0 26 0
18 89 0
89 70 0
89 11 0
89 4 0
89 45 0
89 60 0
89 71 0
30 0 0
89 64 0
89 38 0
8 0 0
0 33 0
26 89 0
89 75 0
89 73 0
89 21 0
67 89 0
39 89 0
0 67 0
89 86 0
0 10 0
22 0 0
0 30 0
7 0 0
0 87 0
34 0 0
0 73 0
0 15 0
56 89 0
31 0 0
4 89 0
36 0 0
0 63 0
74 0 0
74 89 0
0 62 0
89 51 0
48 89 0
0 55 0
61 0 0
60 89 0
69 0 0
0 88 0
0 12 0
89 79 0
2 89 0
38 0 0
85 0 0
89 27 0
0 23 0
0 17 0
0 13 0
39 0 0
14 0 0
23 89 0
11 0 0
89 33 0
44 0 0
55 0 0
34 89 0
73 89 0
89 69 0
0 42 0
89 32 0
89 29 0
0 44 0
0 61 0
0 43 0
89 37 0
0 35 0
89 23 0
0 64 0
0 25 0
0 65 0
0 60 0
46 0 0
72 89 0
52 89 0
89 1 0
89 20 0
20 89 0
0 27 0
0 41 0
89 22 0
33 89 0
89 31 0
40 89 0
0 38 0
0 78 0
66 0 0
0 9 0
89 88 0
47 89 0
13 0 0
77 89 0
0 83 0
89 25 0
54 89 0
18 0 0
8 89 0
6 89 0
0 70 0
11 89 0
89 24 0
82 89 0
0 5 0
60 0 0
89 13 0
89 59 0
24 0 0
65 0 0
81 89 0
89 49 0
65 89 0
0 39 0
29 0 0
21 0 0
58 89 0
low, high, current -1 -1 8
Confirming Router Algorithm: TIMING_DRIVEN.
T_crit: 2.75074e-08.
T_crit: 2.68366e-08.
T_crit: 2.68921e-08.
T_crit: 2.68542e-08.
T_crit: 2.68567e-08.
T_crit: 2.68605e-08.
T_crit: 2.68593e-08.
T_crit: 2.68605e-08.
T_crit: 2.69047e-08.
T_crit: 2.68656e-08.
T_crit: 2.68593e-08.
T_crit: 2.69779e-08.
T_crit: 2.71002e-08.
T_crit: 2.83721e-08.
T_crit: 2.85476e-08.
T_crit: 2.879e-08.
T_crit: 2.879e-08.
T_crit: 2.86962e-08.
T_crit: 2.86962e-08.
T_crit: 2.879e-08.
T_crit: 2.96272e-08.
T_crit: 2.98365e-08.
T_crit: 2.99507e-08.
T_crit: 3.12134e-08.
T_crit: 3.15141e-08.
T_crit: 3.15223e-08.
T_crit: 3.15223e-08.
T_crit: 3.21249e-08.
T_crit: 3.24351e-08.
T_crit: 3.20241e-08.
T_crit: 3.20121e-08.
T_crit: 3.27268e-08.
T_crit: 3.27243e-08.
T_crit: 3.27243e-08.
T_crit: 3.2515e-08.
T_crit: 3.2508e-08.
T_crit: 3.21217e-08.
T_crit: 3.19207e-08.
T_crit: 3.26432e-08.
T_crit: 3.21345e-08.
T_crit: 3.21345e-08.
T_crit: 3.21345e-08.
T_crit: 3.2548e-08.
T_crit: 3.27548e-08.
T_crit: 3.29628e-08.
T_crit: 3.27535e-08.
T_crit: 3.28569e-08.
T_crit: 3.30649e-08.
T_crit: 3.28543e-08.
T_crit: 3.25467e-08.
Routing failed.
low, high, current 8 -1 16
Confirming Router Algorithm: TIMING_DRIVEN.
T_crit: 2.75074e-08.
T_crit: 2.67326e-08.
T_crit: 2.67793e-08.
T_crit: 2.68845e-08.
T_crit: 2.68454e-08.
T_crit: 2.68454e-08.
T_crit: 2.68921e-08.
T_crit: 2.68467e-08.
T_crit: 2.68467e-08.
T_crit: 2.67351e-08.
T_crit: 2.6778e-08.
T_crit: 2.67326e-08.
T_crit: 2.67326e-08.
T_crit: 2.67326e-08.
T_crit: 2.67339e-08.
T_crit: 2.69115e-08.
T_crit: 2.69115e-08.
T_crit: 2.68081e-08.
T_crit: 2.68081e-08.
T_crit: 2.68081e-08.
T_crit: 2.68081e-08.
T_crit: 2.68081e-08.
T_crit: 2.68713e-08.
T_crit: 2.68081e-08.
T_crit: 2.68909e-08.
T_crit: 2.74271e-08.
T_crit: 2.72438e-08.
T_crit: 2.72438e-08.
T_crit: 2.75223e-08.
T_crit: 2.76548e-08.
T_crit: 2.79688e-08.
T_crit: 3.03155e-08.
T_crit: 3.08186e-08.
T_crit: 3.11358e-08.
T_crit: 3.1125e-08.
T_crit: 3.14103e-08.
T_crit: 3.14889e-08.
T_crit: 3.12023e-08.
T_crit: 3.11002e-08.
T_crit: 3.08966e-08.
T_crit: 3.06175e-08.
T_crit: 3.05928e-08.
T_crit: 3.15366e-08.
T_crit: 3.18385e-08.
T_crit: 3.14294e-08.
T_crit: 3.13653e-08.
T_crit: 3.18879e-08.
T_crit: 3.22413e-08.
T_crit: 3.20384e-08.
T_crit: 3.13153e-08.
Routing failed.
low, high, current 16 -1 32
Confirming Router Algorithm: TIMING_DRIVEN.
T_crit: 2.75074e-08.
T_crit: 2.67326e-08.
T_crit: 2.67326e-08.
T_crit: 2.67326e-08.
T_crit: 2.67326e-08.
T_crit: 2.68106e-08.
T_crit: 2.68106e-08.
T_crit: 2.67326e-08.
T_crit: 2.67326e-08.
T_crit: 2.67326e-08.
T_crit: 2.67326e-08.
T_crit: 2.67326e-08.
T_crit: 2.67326e-08.
Successfully routed after 14 routing iterations.
Completed net delay value cross check successfully.
low, high, current 16 32 24
Confirming Router Algorithm: TIMING_DRIVEN.
T_crit: 2.75074e-08.
T_crit: 2.67793e-08.
T_crit: 2.67793e-08.
T_crit: 2.67326e-08.
T_crit: 2.67793e-08.
T_crit: 2.67339e-08.
T_crit: 2.67793e-08.
T_crit: 2.67793e-08.
T_crit: 2.67793e-08.
T_crit: 2.67793e-08.
T_crit: 2.67793e-08.
T_crit: 2.67793e-08.
T_crit: 2.68106e-08.
T_crit: 2.68106e-08.
T_crit: 2.68106e-08.
T_crit: 2.68106e-08.
T_crit: 2.68106e-08.
T_crit: 2.68106e-08.
T_crit: 2.68106e-08.
T_crit: 2.68106e-08.
T_crit: 2.68106e-08.
T_crit: 2.68106e-08.
T_crit: 2.68106e-08.
T_crit: 2.68106e-08.
T_crit: 2.68106e-08.
T_crit: 2.68106e-08.
T_crit: 2.68106e-08.
T_crit: 2.68106e-08.
T_crit: 2.68106e-08.
T_crit: 2.68106e-08.
T_crit: 2.68106e-08.
Successfully routed after 32 routing iterations.
Completed net delay value cross check successfully.
low, high, current 16 24 20
Confirming Router Algorithm: TIMING_DRIVEN.
T_crit: 2.68807e-08.
T_crit: 2.67326e-08.
T_crit: 2.66038e-08.
T_crit: 2.67564e-08.
T_crit: 2.66456e-08.
T_crit: 2.66456e-08.
T_crit: 2.66456e-08.
T_crit: 2.67394e-08.
T_crit: 2.66935e-08.
T_crit: 2.66935e-08.
T_crit: 2.66935e-08.
T_crit: 2.66935e-08.
T_crit: 2.66935e-08.
T_crit: 2.66935e-08.
T_crit: 2.66935e-08.
T_crit: 2.66935e-08.
T_crit: 2.67608e-08.
T_crit: 2.67608e-08.
T_crit: 2.67608e-08.
T_crit: 2.67608e-08.
T_crit: 2.67608e-08.
T_crit: 2.67621e-08.
T_crit: 2.67621e-08.
T_crit: 2.70692e-08.
T_crit: 2.72917e-08.
T_crit: 2.72512e-08.
T_crit: 2.72298e-08.
T_crit: 2.75993e-08.
T_crit: 2.77121e-08.
T_crit: 2.83305e-08.
T_crit: 2.96026e-08.
T_crit: 2.94217e-08.
T_crit: 2.94192e-08.
T_crit: 2.94192e-08.
T_crit: 2.94596e-08.
T_crit: 2.94703e-08.
T_crit: 2.98227e-08.
T_crit: 2.98341e-08.
T_crit: 2.96367e-08.
T_crit: 2.96367e-08.
T_crit: 2.96367e-08.
T_crit: 2.96481e-08.
T_crit: 2.96481e-08.
T_crit: 2.96481e-08.
T_crit: 2.96481e-08.
T_crit: 2.96481e-08.
T_crit: 2.96481e-08.
T_crit: 2.96481e-08.
T_crit: 2.96481e-08.
T_crit: 2.96481e-08.
Routing failed.
low, high, current 20 24 22
Confirming Router Algorithm: TIMING_DRIVEN.
T_crit: 2.67673e-08.
T_crit: 2.67623e-08.
T_crit: 2.67623e-08.
T_crit: 2.68586e-08.
T_crit: 2.67623e-08.
T_crit: 2.68586e-08.
T_crit: 2.68586e-08.
T_crit: 2.68586e-08.
T_crit: 2.68586e-08.
T_crit: 2.68586e-08.
T_crit: 2.68586e-08.
T_crit: 2.68586e-08.
T_crit: 2.68586e-08.
T_crit: 2.68586e-08.
T_crit: 2.68586e-08.
T_crit: 2.68586e-08.
T_crit: 2.68586e-08.
T_crit: 2.68586e-08.
T_crit: 2.68586e-08.
T_crit: 2.68586e-08.
T_crit: 2.68586e-08.
T_crit: 2.68586e-08.
T_crit: 2.68586e-08.
T_crit: 2.68586e-08.
T_crit: 2.68586e-08.
T_crit: 2.68586e-08.
T_crit: 2.68586e-08.
T_crit: 2.68586e-08.
T_crit: 2.68586e-08.
T_crit: 2.69983e-08.
T_crit: 2.69983e-08.
T_crit: 2.69983e-08.
T_crit: 2.69983e-08.
T_crit: 2.69983e-08.
T_crit: 2.69983e-08.
T_crit: 2.69983e-08.
T_crit: 2.69983e-08.
T_crit: 2.69983e-08.
T_crit: 2.69983e-08.
T_crit: 2.69983e-08.
T_crit: 2.69983e-08.
T_crit: 2.69983e-08.
T_crit: 2.69983e-08.
T_crit: 2.69983e-08.
Successfully routed after 45 routing iterations.
Completed net delay value cross check successfully.

Checking to ensure routing is legal ...
Completed routing consistency check successfully.

Serial number (magic cookie) for the routing is: 1442158330
Best routing used a channel width factor of 22.


Average number of bends per net: 9.44272  Maximum # of bends: 221


The number of routed nets (nonglobal): 646
Wirelength results (all in units of 1 clb segments):
	Total wirelength: 45354   Average net length: 70.2074
	Maximum net length: 690

Wirelength results in terms of physical segments:
	Total wiring segments used: 22832   Av. wire segments per net: 35.3437
	Maximum segments used by a net: 349


X - Directed channels:

j	max occ	av_occ		capacity
0	22	13.6932  	22
1	22	15.2727  	22
2	22	12.5000  	22
3	22	14.5682  	22
4	22	11.1705  	22
5	21	9.98864  	22
6	22	9.92045  	22
7	22	8.95455  	22
8	22	9.48864  	22
9	20	10.8864  	22
10	22	7.06818  	22
11	21	6.98864  	22
12	22	8.22727  	22
13	22	6.39773  	22
14	22	7.20455  	22
15	21	7.45455  	22
16	20	5.31818  	22
17	21	6.45455  	22
18	21	6.04545  	22
19	20	6.85227  	22
20	21	5.50000  	22
21	19	5.75000  	22
22	17	4.10227  	22
23	10	3.18182  	22
24	6	1.71591  	22
25	3	1.30682  	22
26	4	0.784091 	22
27	3	0.181818 	22
28	1	0.0340909	22
29	3	1.79545  	22
30	1	0.0568182	22
31	3	0.886364 	22
32	2	0.784091 	22
33	2	1.64773  	22
34	3	1.36364  	22
35	2	0.113636 	22
36	4	0.193182 	22
37	2	0.784091 	22
38	2	0.125000 	22
39	3	0.227273 	22
40	2	0.784091 	22
41	1	0.0568182	22
42	3	0.693182 	22
43	1	0.0113636	22
44	2	0.738636 	22
45	1	0.0227273	22
46	1	0.852273 	22
47	1	0.704545 	22
48	2	1.07955  	22
49	1	0.0340909	22
50	1	0.0568182	22
51	1	0.0227273	22
52	2	0.0681818	22
53	1	0.0227273	22
54	1	0.943182 	22
55	2	1.04545  	22
56	1	0.0340909	22
57	1	0.965909 	22
58	1	0.0454545	22
59	2	0.693182 	22
60	4	2.26136  	22
61	2	0.943182 	22
62	3	1.04545  	22
63	2	0.943182 	22
64	3	0.0795455	22
65	1	0.852273 	22
66	1	0.943182 	22
67	1	0.0340909	22
68	3	0.0909091	22
69	2	0.0681818	22
70	1	0.761364 	22
71	2	0.0568182	22
72	2	0.954545 	22
73	1	0.0113636	22
74	3	1.32955  	22
75	1	0.0454545	22
76	3	2.36364  	22
77	1	0.0795455	22
78	1	0.238636 	22
79	1	0.0113636	22
80	2	0.0909091	22
81	0	0.00000  	22
82	1	0.0227273	22
83	2	1.04545  	22
84	3	1.13636  	22
85	4	1.55682  	22
86	9	2.71591  	22
87	4	2.59091  	22
88	14	9.61364  	22

Y - Directed channels:

i	max occ	av_occ		capacity
0	16	9.71591  	22
1	8	3.98864  	22
2	10	4.72727  	22
3	3	1.29545  	22
4	4	1.81818  	22
5	1	0.0340909	22
6	2	1.27273  	22
7	3	0.125000 	22
8	2	0.204545 	22
9	2	0.954545 	22
10	1	0.0454545	22
11	2	0.102273 	22
12	1	0.795455 	22
13	1	0.0681818	22
14	2	1.01136  	22
15	1	0.840909 	22
16	2	0.818182 	22
17	3	0.102273 	22
18	3	1.78409  	22
19	1	0.0681818	22
20	2	0.840909 	22
21	3	1.00000  	22
22	1	0.0113636	22
23	2	0.886364 	22
24	1	0.0340909	22
25	0	0.00000  	22
26	1	0.0454545	22
27	2	1.05682  	22
28	1	0.0227273	22
29	1	0.0227273	22
30	2	0.0568182	22
31	2	1.78409  	22
32	1	0.0568182	22
33	2	0.0681818	22
34	2	0.0454545	22
35	2	0.0909091	22
36	0	0.00000  	22
37	3	0.159091 	22
38	3	0.147727 	22
39	2	0.840909 	22
40	2	0.102273 	22
41	1	0.0227273	22
42	1	0.0227273	22
43	1	0.113636 	22
44	3	0.204545 	22
45	1	0.0227273	22
46	3	0.204545 	22
47	4	1.07955  	22
48	4	1.09091  	22
49	6	2.81818  	22
50	9	1.56818  	22
51	10	1.21591  	22
52	12	4.36364  	22
53	17	2.07955  	22
54	14	3.46591  	22
55	15	1.95455  	22
56	19	3.98864  	22
57	19	5.42045  	22
58	21	4.15909  	22
59	18	4.79545  	22
60	21	4.19318  	22
61	21	6.36364  	22
62	21	5.48864  	22
63	20	7.75000  	22
64	19	5.30682  	22
65	20	6.95455  	22
66	21	5.65909  	22
67	20	7.29545  	22
68	21	6.79545  	22
69	20	5.42045  	22
70	22	5.21591  	22
71	21	6.94318  	22
72	21	7.42045  	22
73	22	7.11364  	22
74	21	6.11364  	22
75	22	6.01136  	22
76	21	5.40909  	22
77	22	8.18182  	22
78	22	4.78409  	22
79	21	6.87500  	22
80	20	6.39773  	22
81	21	6.29545  	22
82	19	4.21591  	22
83	19	5.09091  	22
84	19	5.00000  	22
85	19	7.93182  	22
86	16	7.21591  	22
87	17	6.03409  	22
88	16	10.5227  	22

Total Tracks in X-direction: 1958  in Y-direction: 1958

Logic Area (in minimum width transistor areas):
Total Logic Area: 2.3232e+08  Per 1x1 logic tile: 30000

Routing area (in minimum width transistor areas):
Total Routing Area: 2.14467e+07  Per logic tile: 2769.46

Segment usage by type (index):
Segment type       Fractional utilization
------------       ----------------------
       0                  0.131

Segment usage by length:
Segment length       Fractional utilization
--------------       ----------------------
        2                   0.131

Critical Path: 2.69983e-08 (s)

Time elapsed (PLACE&ROUTE): 4243591.048000 ms


Time elapsed (Fernando): 4243591.069000 ms

