
VPR FPGA Placement and Routing.
Version: Version 5.0.2
Compiled: Dec 11 2020.
Original VPR by V. Betz.
Timing-driven placement enhancements by A. Marquardt.
Single-drivers enhancements by Andy Ye with additions by.
Mark Fang, Jason Luu, Ted Campbell
Heterogeneous stucture support by Jason Luu and Ted Campbell.
This code is licensed only for non-commercial use.

Auto-sizing FPGA, try x = 38 y = 38
Auto-sizing FPGA, try x = 76 y = 76
Auto-sizing FPGA, try x = 152 y = 152
Auto-sizing FPGA, try x = 304 y = 304
Auto-sizing FPGA, try x = 152 y = 152
Auto-sizing FPGA, try x = 228 y = 228
Auto-sizing FPGA, try x = 190 y = 190
Auto-sizing FPGA, try x = 171 y = 171
Auto-sizing FPGA, try x = 180 y = 180
Auto-sizing FPGA, try x = 175 y = 175
Auto-sizing FPGA, try x = 177 y = 177
Auto-sizing FPGA, try x = 176 y = 176
Auto-sizing FPGA, try x = 176 y = 176
FPGA auto-sized to, x = 177 y = 177

Resource Usage:
Netlist      0	blocks of type <EMPTY>
Architecture 4	blocks of type <EMPTY>
Netlist      705	blocks of type .io
Architecture 708	blocks of type .io
Netlist      762	blocks of type .clb
Architecture 31329	blocks of type .clb

Timing analysis: ON

Operation:  ROUTE_ONLY

PlacerOpts.place_freq:  PLACE_NEVER

RouterOpts.route_type:  DETAILED
RouterOpts.router_algorithm:  TIMING_DRIVEN
RouterOpts.base_cost_type:  DELAY_NORMALIZED
RouterOpts.fixed_channel_width:  NO_FIXED_CHANNEL_WIDTH
RouterOpts.acc_fac:  1.000000
RouterOpts.bb_factor:  3
RouterOpts.bend_cost:  0.000000
RouterOpts.first_iter_pres_fac:  0.500000
RouterOpts.initial_pres_fac:  0.500000
RouterOpts.pres_fac_mult:  1.300000
RouterOpts.max_router_iterations:  50
RouterOpts.astar_fac:  1.200000
RouterOpts.criticality_exp:  1.000000
RouterOpts.max_criticality:  0.990000

RoutingArch.directionality:  UNI_DIRECTIONAL
RoutingArch.switch_block_type:  WILTON
RoutingArch.Fs:  3

The circuit will be mapped into a 177 x 177 array of clbs.

Netlist num_nets:  1251
Netlist num_blocks:  1467
Netlist inputs pins:  489
Netlist output pins:  216

91 169 0
80 178 0
95 173 0
80 175 0
89 168 0
92 171 0
87 168 0
93 172 0
94 173 0
81 176 0
81 174 0
86 169 0
96 175 0
95 174 0
88 167 0
95 176 0
82 177 0
93 177 0
84 171 0
85 170 0
94 177 0
91 170 0
82 173 0
83 172 0
93 173 0
88 168 0
87 169 0
85 171 0
81 175 0
91 171 0
92 172 0
86 170 0
90 170 0
90 169 0
95 172 0
89 166 0
83 170 0
88 165 0
78 175 0
96 177 0
94 171 0
91 168 0
92 169 0
84 169 0
86 168 0
88 166 0
82 172 0
89 167 0
93 171 0
87 167 0
92 170 0
94 172 0
79 175 0
81 177 0
80 176 0
95 177 0
96 174 0
85 169 0
97 175 0
84 170 0
80 174 0
90 168 0
96 176 0
81 173 0
83 171 0
85 172 0
91 173 0
92 176 0
89 164 0
91 177 0
87 171 0
93 175 0
91 174 0
89 163 0
86 163 0
86 176 0
66 174 0
66 173 0
78 171 0
101 173 0
62 176 0
18 178 0
79 170 0
178 163 0
0 9 0
0 33 0
178 113 0
178 70 0
99 177 0
177 57 0
146 178 0
177 55 0
81 166 0
162 1 0
67 175 0
140 178 0
0 161 0
1 74 0
1 125 0
0 14 0
1 126 0
68 174 0
14 1 0
177 22 0
178 141 0
178 125 0
45 0 0
1 59 0
177 175 0
60 174 0
80 172 0
177 58 0
177 132 0
15 1 0
105 178 0
97 172 0
177 178 0
64 172 0
107 177 0
67 177 0
177 145 0
30 178 0
127 2 0
178 157 0
94 166 0
69 169 0
161 3 0
177 74 0
178 40 0
177 166 0
116 0 0
149 178 0
98 171 0
56 0 0
0 147 0
176 166 0
177 172 0
89 0 0
69 176 0
142 177 0
0 81 0
52 177 0
77 172 0
65 171 0
153 177 0
78 2 0
178 38 0
98 175 0
72 0 0
98 2 0
162 177 0
0 15 0
178 61 0
74 169 0
15 0 0
89 172 0
168 178 0
64 170 0
15 2 0
0 8 0
59 0 0
128 178 0
88 0 0
25 1 0
50 178 0
77 170 0
10 178 0
91 176 0
78 178 0
79 1 0
73 0 0
39 1 0
1 172 0
75 168 0
0 148 0
77 166 0
28 178 0
117 0 0
178 136 0
0 46 0
0 59 0
177 136 0
107 178 0
63 173 0
178 16 0
0 138 0
177 76 0
74 174 0
1 109 0
82 169 0
67 169 0
1 148 0
124 178 0
0 63 0
90 173 0
169 177 0
156 178 0
79 169 0
161 2 0
84 176 0
143 178 0
58 0 0
100 0 0
0 67 0
67 174 0
69 175 0
178 31 0
155 178 0
68 0 0
75 174 0
148 0 0
1 19 0
145 0 0
70 173 0
76 0 0
114 0 0
178 171 0
178 119 0
178 63 0
66 0 0
45 178 0
96 173 0
0 10 0
36 178 0
0 83 0
24 0 0
1 83 0
86 173 0
88 161 0
176 74 0
178 115 0
178 137 0
69 171 0
178 172 0
0 131 0
94 169 0
93 168 0
76 2 0
0 37 0
73 171 0
103 177 0
178 145 0
73 169 0
178 139 0
118 178 0
0 127 0
73 173 0
177 154 0
85 158 0
146 177 0
178 26 0
177 10 0
63 178 0
34 178 0
103 178 0
177 7 0
46 0 0
1 82 0
178 117 0
78 0 0
162 178 0
0 70 0
0 163 0
79 178 0
163 2 0
92 175 0
178 68 0
91 166 0
176 19 0
178 91 0
106 0 0
87 172 0
137 178 0
0 6 0
163 1 0
71 174 0
178 134 0
178 65 0
0 140 0
87 162 0
83 164 0
60 0 0
123 0 0
93 178 0
177 149 0
85 178 0
1 165 0
155 0 0
57 177 0
68 177 0
151 0 0
84 165 0
111 177 0
177 86 0
97 178 0
0 71 0
0 34 0
177 134 0
177 127 0
66 169 0
178 127 0
88 171 0
177 118 0
147 178 0
178 110 0
164 0 0
9 177 0
176 150 0
19 0 0
58 177 0
90 177 0
13 0 0
178 58 0
0 17 0
42 1 0
170 178 0
148 178 0
84 178 0
0 50 0
98 1 0
164 176 0
65 177 0
178 118 0
176 20 0
178 50 0
152 0 0
79 172 0
177 88 0
177 164 0
130 0 0
71 178 0
169 0 0
175 18 0
177 75 0
1 48 0
85 177 0
178 100 0
85 174 0
170 0 0
178 19 0
88 176 0
62 173 0
90 176 0
176 22 0
176 76 0
77 174 0
165 177 0
0 103 0
109 178 0
178 71 0
31 178 0
1 169 0
42 0 0
0 172 0
87 177 0
31 0 0
103 0 0
178 39 0
86 178 0
60 175 0
177 45 0
82 167 0
154 0 0
100 177 0
97 167 0
94 170 0
130 177 0
85 161 0
76 171 0
133 0 0
89 161 0
178 104 0
74 175 0
1 129 0
1 103 0
83 177 0
159 178 0
62 1 0
54 178 0
176 134 0
176 18 0
78 167 0
118 0 0
0 119 0
177 126 0
100 2 0
178 101 0
178 8 0
95 170 0
178 162 0
89 177 0
171 178 0
99 174 0
172 178 0
78 173 0
176 135 0
178 95 0
100 174 0
171 2 0
21 177 0
85 163 0
176 154 0
70 171 0
102 175 0
167 0 0
88 172 0
93 166 0
113 0 0
100 171 0
131 0 0
1 75 0
0 12 0
83 167 0
0 82 0
0 99 0
177 176 0
71 177 0
91 175 0
0 64 0
63 1 0
0 124 0
87 173 0
177 128 0
178 77 0
93 167 0
100 178 0
102 176 0
90 174 0
178 142 0
101 175 0
89 173 0
63 0 0
95 169 0
138 2 0
90 175 0
85 159 0
88 164 0
124 1 0
88 162 0
89 162 0
61 174 0
178 7 0
0 126 0
96 170 0
151 178 0
8 177 0
176 118 0
1 110 0
88 175 0
155 177 0
177 173 0
1 22 0
125 1 0
71 172 0
88 177 0
99 169 0
126 178 0
82 162 0
102 178 0
86 162 0
28 1 0
178 59 0
88 160 0
94 168 0
90 162 0
76 172 0
160 0 0
0 95 0
0 125 0
0 134 0
62 177 0
0 19 0
102 174 0
97 176 0
84 166 0
88 173 0
43 178 0
87 174 0
178 93 0
85 0 0
98 172 0
58 175 0
4 178 0
165 176 0
43 0 0
72 176 0
0 38 0
71 176 0
178 51 0
177 59 0
9 0 0
89 176 0
177 111 0
177 62 0
89 174 0
177 18 0
88 174 0
95 171 0
177 84 0
29 1 0
82 165 0
72 174 0
86 177 0
0 61 0
68 170 0
84 161 0
30 1 0
83 161 0
34 0 0
0 120 0
0 65 0
79 166 0
93 164 0
61 176 0
124 0 0
68 169 0
79 168 0
89 175 0
27 178 0
177 70 0
78 170 0
176 165 0
147 0 0
79 174 0
91 167 0
100 1 0
178 29 0
94 167 0
39 178 0
91 178 0
86 167 0
24 1 0
108 0 0
0 110 0
177 16 0
60 178 0
0 86 0
84 177 0
176 126 0
80 165 0
178 4 0
86 174 0
59 175 0
80 177 0
81 164 0
68 168 0
96 167 0
176 16 0
178 35 0
116 178 0
178 89 0
177 133 0
178 107 0
89 169 0
105 177 0
82 176 0
14 0 0
97 168 0
98 167 0
177 40 0
87 161 0
0 31 0
73 172 0
76 177 0
41 0 0
97 170 0
138 0 0
100 176 0
63 170 0
176 132 0
178 166 0
135 178 0
98 170 0
96 172 0
39 177 0
73 1 0
178 149 0
104 175 0
87 160 0
175 151 0
72 173 0
80 1 0
60 173 0
99 172 0
111 178 0
2 163 0
70 0 0
68 176 0
177 93 0
178 148 0
86 158 0
99 171 0
71 170 0
62 172 0
166 176 0
84 163 0
61 173 0
71 173 0
171 1 0
0 30 0
178 135 0
82 166 0
177 72 0
176 124 0
75 171 0
178 165 0
0 85 0
178 23 0
58 176 0
84 172 0
0 29 0
0 91 0
91 163 0
63 171 0
87 176 0
60 176 0
32 0 0
81 172 0
0 123 0
101 0 0
178 55 0
57 0 0
91 164 0
177 171 0
78 172 0
104 177 0
86 161 0
177 119 0
92 166 0
0 42 0
164 178 0
35 0 0
122 0 0
119 178 0
94 176 0
176 55 0
77 169 0
178 6 0
92 163 0
88 178 0
177 20 0
176 7 0
175 178 0
63 172 0
81 167 0
132 0 0
0 129 0
98 168 0
0 105 0
178 60 0
36 0 0
167 177 0
65 175 0
174 177 0
178 17 0
178 132 0
87 175 0
1 81 0
67 178 0
178 52 0
121 0 0
178 81 0
73 174 0
65 169 0
178 173 0
83 165 0
66 176 0
68 173 0
85 164 0
82 174 0
48 178 0
70 176 0
97 171 0
176 151 0
15 178 0
70 177 0
124 177 0
82 170 0
148 177 0
174 0 0
0 11 0
0 25 0
72 175 0
0 79 0
12 178 0
178 5 0
134 178 0
100 175 0
17 0 0
73 2 0
178 74 0
178 112 0
0 109 0
0 141 0
177 89 0
108 178 0
37 0 0
178 45 0
84 168 0
83 173 0
0 167 0
75 172 0
103 174 0
63 177 0
178 88 0
131 178 0
0 118 0
104 176 0
0 116 0
101 176 0
101 171 0
178 130 0
1 99 0
178 154 0
19 177 0
79 0 0
21 178 0
79 173 0
70 174 0
163 0 0
0 36 0
0 35 0
0 75 0
0 56 0
86 166 0
99 1 0
95 175 0
82 163 0
176 149 0
0 88 0
178 176 0
138 1 0
20 178 0
132 178 0
115 178 0
178 82 0
65 176 0
77 175 0
94 174 0
118 177 0
0 55 0
123 178 0
0 169 0
130 178 0
177 163 0
58 178 0
178 84 0
107 0 0
96 178 0
55 0 0
72 178 0
81 0 0
29 0 0
136 178 0
0 142 0
178 175 0
172 0 0
0 23 0
51 0 0
177 117 0
178 92 0
1 151 0
177 5 0
0 115 0
90 171 0
94 175 0
54 176 0
83 166 0
88 169 0
178 64 0
19 178 0
92 178 0
87 0 0
178 96 0
61 178 0
73 176 0
178 109 0
46 178 0
177 37 0
178 32 0
171 0 0
175 0 0
1 49 0
70 168 0
93 176 0
2 176 0
73 175 0
82 171 0
1 37 0
0 68 0
178 62 0
1 166 0
167 178 0
91 162 0
1 176 0
83 163 0
177 51 0
129 178 0
69 174 0
0 80 0
53 177 0
82 178 0
147 1 0
0 54 0
78 176 0
84 173 0
76 178 0
44 0 0
0 27 0
177 99 0
178 37 0
92 167 0
178 34 0
27 1 0
175 174 0
85 165 0
86 159 0
90 165 0
37 178 0
54 177 0
178 150 0
1 163 0
99 2 0
55 177 0
178 79 0
99 170 0
98 177 0
178 2 0
178 168 0
178 54 0
104 0 0
86 171 0
35 177 0
52 178 0
35 178 0
175 150 0
67 176 0
78 1 0
20 0 0
168 0 0
139 178 0
80 169 0
0 114 0
177 54 0
55 178 0
0 155 0
75 178 0
1 130 0
72 177 0
53 178 0
102 173 0
178 126 0
84 0 0
0 177 0
127 0 0
174 178 0
0 43 0
153 178 0
160 177 0
74 170 0
115 0 0
177 122 0
39 2 0
159 177 0
16 0 0
67 168 0
90 164 0
28 3 0
160 178 0
0 94 0
3 0 0
39 0 0
112 177 0
177 48 0
64 171 0
80 167 0
76 173 0
92 173 0
85 173 0
1 20 0
176 164 0
77 171 0
178 164 0
178 33 0
166 178 0
95 178 0
76 175 0
106 177 0
115 177 0
137 177 0
1 141 0
72 171 0
68 172 0
178 174 0
99 0 0
0 162 0
0 130 0
13 178 0
177 140 0
94 165 0
145 178 0
138 177 0
69 178 0
93 174 0
90 167 0
59 176 0
0 74 0
178 48 0
17 178 0
141 177 0
7 178 0
176 178 0
178 105 0
142 178 0
0 151 0
87 165 0
24 178 0
178 169 0
0 97 0
178 73 0
178 124 0
99 173 0
178 53 0
69 168 0
0 60 0
177 56 0
177 123 0
97 1 0
0 104 0
0 93 0
178 122 0
158 178 0
178 56 0
80 0 0
92 177 0
176 122 0
178 41 0
16 178 0
178 99 0
178 138 0
98 169 0
0 136 0
83 176 0
10 177 0
178 44 0
1 177 0
23 1 0
0 58 0
125 0 0
178 128 0
177 21 0
1 164 0
1 178 0
52 0 0
76 167 0
0 22 0
25 178 0
82 168 0
0 77 0
177 174 0
169 1 0
0 96 0
68 178 0
177 114 0
176 93 0
178 114 0
169 178 0
67 172 0
2 0 0
78 3 0
22 0 0
64 177 0
11 178 0
10 0 0
1 127 0
0 106 0
89 170 0
161 1 0
75 0 0
178 156 0
162 0 0
6 0 0
129 0 0
11 177 0
178 129 0
78 166 0
0 152 0
141 178 0
111 0 0
0 69 0
83 169 0
178 131 0
0 53 0
64 175 0
0 164 0
178 159 0
117 178 0
176 21 0
178 144 0
82 175 0
178 76 0
0 3 0
113 178 0
140 0 0
106 178 0
132 1 0
1 21 0
178 3 0
96 171 0
178 21 0
90 178 0
150 178 0
85 176 0
83 168 0
40 177 0
178 1 0
9 178 0
119 0 0
83 174 0
71 171 0
76 1 0
175 173 0
77 1 0
26 178 0
47 178 0
77 0 0
0 45 0
81 178 0
178 47 0
81 170 0
97 174 0
177 26 0
59 177 0
178 86 0
1 142 0
158 0 0
176 173 0
0 121 0
177 124 0
86 164 0
126 0 0
0 133 0
93 0 0
88 163 0
178 30 0
83 178 0
177 73 0
87 170 0
0 166 0
0 5 0
100 173 0
85 175 0
90 0 0
177 165 0
153 0 0
54 0 0
178 72 0
77 177 0
64 176 0
177 125 0
101 178 0
81 168 0
68 175 0
178 160 0
74 178 0
71 175 0
95 168 0
12 0 0
154 178 0
64 174 0
8 178 0
178 155 0
178 18 0
178 9 0
73 170 0
59 178 0
57 178 0
84 175 0
66 167 0
102 177 0
178 75 0
67 173 0
18 177 0
86 175 0
65 174 0
75 170 0
72 172 0
99 178 0
98 173 0
97 177 0
68 1 0
99 176 0
93 165 0
80 168 0
76 176 0
92 165 0
74 173 0
91 165 0
75 173 0
73 177 0
141 0 0
98 174 0
62 171 0
98 176 0
164 1 0
63 175 0
66 177 0
67 171 0
83 162 0
127 1 0
81 171 0
101 172 0
69 177 0
100 172 0
76 168 0
178 111 0
59 174 0
78 168 0
78 174 0
78 169 0
106 176 0
91 172 0
86 172 0
105 176 0
80 166 0
97 173 0
103 175 0
81 163 0
77 176 0
76 169 0
77 168 0
103 176 0
98 0 0
66 168 0
64 169 0
66 172 0
166 177 0
60 177 0
25 0 0
75 175 0
81 165 0
177 9 0
62 0 0
178 103 0
65 173 0
87 166 0
84 164 0
176 56 0
69 173 0
70 169 0
76 170 0
87 159 0
80 173 0
27 0 0
85 162 0
66 175 0
74 0 0
70 170 0
65 170 0
82 164 0
71 169 0
92 174 0
63 176 0
168 177 0
96 169 0
85 168 0
89 171 0
120 0 0
79 171 0
88 159 0
79 167 0
81 162 0
28 0 0
77 173 0
92 168 0
89 165 0
74 172 0
66 171 0
95 167 0
78 177 0
76 174 0
79 176 0
70 175 0
178 116 0
64 173 0
86 160 0
87 163 0
69 172 0
79 177 0
75 176 0
80 164 0
99 175 0
177 147 0
63 174 0
67 170 0
62 175 0
74 171 0
83 175 0
80 171 0
0 143 0
101 177 0
69 170 0
92 164 0
75 169 0
0 137 0
53 0 0
80 170 0
74 177 0
0 49 0
90 166 0
68 171 0
86 165 0
88 170 0
78 165 0
65 172 0
77 167 0
110 177 0
70 172 0
84 174 0
177 19 0
84 160 0
97 169 0
0 108 0
84 162 0
85 160 0
96 168 0
28 2 0
93 169 0
104 1 0
85 167 0
61 177 0
93 170 0
67 167 0
41 178 0
84 167 0
87 164 0
0 48 0
79 165 0
85 166 0
90 163 0
109 0 0
66 170 0
101 174 0
177 113 0
74 176 0
62 174 0
177 135 0
75 177 0
40 178 0
90 172 0
81 169 0
61 175 0
122 178 0
157 178 0
22 178 0
161 178 0
163 178 0
14 178 0
165 178 0
173 178 0
6 178 0
5 178 0
0 168 0
0 176 0
0 175 0
0 165 0
178 177 0
3 178 0
178 152 0
0 171 0
178 170 0
2 178 0
0 173 0
0 174 0
178 167 0
178 161 0
0 160 0
0 159 0
178 158 0
0 158 0
0 157 0
0 156 0
0 154 0
178 153 0
0 170 0
94 178 0
98 178 0
77 178 0
73 178 0
70 178 0
104 178 0
110 178 0
112 178 0
114 178 0
66 178 0
65 178 0
64 178 0
62 178 0
120 178 0
121 178 0
23 178 0
125 178 0
127 178 0
56 178 0
51 178 0
49 178 0
133 178 0
138 178 0
44 178 0
144 178 0
42 178 0
38 178 0
33 178 0
152 178 0
32 178 0
29 178 0
0 128 0
178 98 0
178 97 0
178 94 0
0 92 0
178 90 0
0 90 0
49 0 0
178 57 0
177 0 0
110 0 0
161 0 0
178 28 0
178 20 0
38 0 0
0 32 0
0 89 0
67 0 0
178 87 0
26 0 0
33 0 0
91 0 0
0 21 0
40 0 0
0 87 0
178 14 0
92 0 0
86 0 0
0 28 0
178 85 0
94 0 0
165 0 0
0 20 0
0 84 0
178 69 0
178 83 0
178 22 0
64 0 0
136 0 0
95 0 0
178 27 0
82 0 0
0 24 0
96 0 0
178 80 0
97 0 0
178 78 0
0 52 0
144 0 0
0 78 0
178 12 0
146 0 0
0 76 0
0 57 0
178 66 0
102 0 0
0 73 0
105 0 0
176 0 0
0 72 0
71 0 0
69 0 0
0 4 0
0 66 0
83 0 0
178 13 0
0 153 0
112 0 0
178 151 0
142 0 0
0 26 0
0 16 0
65 0 0
178 67 0
4 0 0
0 150 0
178 147 0
135 0 0
0 1 0
47 0 0
0 149 0
0 51 0
50 0 0
23 0 0
178 25 0
0 146 0
178 49 0
0 47 0
156 0 0
1 0 0
178 146 0
30 0 0
178 143 0
0 18 0
0 7 0
0 145 0
0 144 0
7 0 0
178 140 0
0 2 0
0 139 0
149 0 0
0 135 0
178 10 0
178 15 0
18 0 0
143 0 0
178 133 0
21 0 0
137 0 0
173 0 0
0 44 0
0 132 0
0 98 0
150 0 0
178 123 0
134 0 0
178 121 0
0 122 0
166 0 0
0 13 0
178 120 0
8 0 0
0 117 0
0 62 0
89 178 0
0 113 0
178 11 0
178 24 0
0 112 0
0 40 0
87 178 0
11 0 0
128 0 0
48 0 0
139 0 0
0 111 0
178 108 0
178 42 0
178 106 0
0 107 0
178 102 0
61 0 0
0 41 0
0 102 0
178 36 0
0 101 0
0 39 0
178 43 0
178 46 0
0 100 0
low, high, current -1 -1 8
Confirming Router Algorithm: TIMING_DRIVEN.
T_crit: 6.72569e-08.
T_crit: 6.74662e-08.
T_crit: 6.7465e-08.
T_crit: 6.73603e-08.
T_crit: 6.73603e-08.
T_crit: 6.75601e-08.
T_crit: 6.75589e-08.
T_crit: 6.73603e-08.
T_crit: 6.75601e-08.
T_crit: 6.73603e-08.
T_crit: 6.73603e-08.
T_crit: 6.73603e-08.
T_crit: 6.73603e-08.
T_crit: 6.73603e-08.
T_crit: 6.73603e-08.
T_crit: 6.73603e-08.
T_crit: 6.73603e-08.
T_crit: 6.72569e-08.
T_crit: 6.72569e-08.
T_crit: 6.73616e-08.
T_crit: 6.74662e-08.
T_crit: 6.76705e-08.
T_crit: 6.90203e-08.
T_crit: 6.78948e-08.
T_crit: 6.77777e-08.
T_crit: 6.79845e-08.
T_crit: 6.9012e-08.
T_crit: 6.84031e-08.
T_crit: 6.90133e-08.
T_crit: 6.95315e-08.
T_crit: 7.01493e-08.
T_crit: 6.91154e-08.
T_crit: 6.90208e-08.
T_crit: 6.94407e-08.
T_crit: 6.92301e-08.
T_crit: 6.9442e-08.
T_crit: 6.89212e-08.
T_crit: 7.05805e-08.
T_crit: 6.95466e-08.
T_crit: 7.03729e-08.
T_crit: 7.02695e-08.
T_crit: 7.06788e-08.
T_crit: 7.07797e-08.
T_crit: 7.05697e-08.
T_crit: 7.06744e-08.
T_crit: 7.10879e-08.
T_crit: 7.01549e-08.
T_crit: 6.99481e-08.
T_crit: 7.01788e-08.
T_crit: 6.8817e-08.
Routing failed.
low, high, current 8 -1 16
Confirming Router Algorithm: TIMING_DRIVEN.
T_crit: 6.72569e-08.
T_crit: 6.73616e-08.
T_crit: 6.73616e-08.
T_crit: 6.7465e-08.
T_crit: 6.7465e-08.
T_crit: 6.74637e-08.
T_crit: 6.73603e-08.
T_crit: 6.7465e-08.
T_crit: 6.73603e-08.
T_crit: 6.73603e-08.
T_crit: 6.73603e-08.
T_crit: 6.7465e-08.
T_crit: 6.73603e-08.
T_crit: 6.74637e-08.
T_crit: 6.73591e-08.
T_crit: 6.73603e-08.
T_crit: 6.73603e-08.
T_crit: 6.73603e-08.
T_crit: 6.73603e-08.
T_crit: 6.74637e-08.
T_crit: 6.74637e-08.
T_crit: 6.74637e-08.
T_crit: 6.74637e-08.
T_crit: 6.74637e-08.
T_crit: 6.74637e-08.
T_crit: 6.75684e-08.
T_crit: 6.75684e-08.
T_crit: 6.75684e-08.
T_crit: 6.75684e-08.
T_crit: 6.75829e-08.
T_crit: 6.78969e-08.
T_crit: 6.78956e-08.
T_crit: 6.77922e-08.
T_crit: 6.80015e-08.
T_crit: 6.83154e-08.
T_crit: 6.83154e-08.
T_crit: 6.90359e-08.
T_crit: 6.91501e-08.
T_crit: 6.91451e-08.
T_crit: 6.82121e-08.
T_crit: 6.82133e-08.
T_crit: 6.78981e-08.
T_crit: 6.83009e-08.
T_crit: 6.85235e-08.
T_crit: 6.83154e-08.
T_crit: 6.85235e-08.
T_crit: 6.85235e-08.
T_crit: 6.85235e-08.
T_crit: 6.83872e-08.
T_crit: 6.82838e-08.
Routing failed.
low, high, current 16 -1 32
Confirming Router Algorithm: TIMING_DRIVEN.
T_crit: 6.72569e-08.
T_crit: 6.73628e-08.
T_crit: 6.73603e-08.
T_crit: 6.7465e-08.
T_crit: 6.74567e-08.
T_crit: 6.73616e-08.
T_crit: 6.7465e-08.
T_crit: 6.7465e-08.
T_crit: 6.7465e-08.
T_crit: 6.7465e-08.
T_crit: 6.73616e-08.
T_crit: 6.73616e-08.
T_crit: 6.73616e-08.
T_crit: 6.73616e-08.
T_crit: 6.73616e-08.
T_crit: 6.73616e-08.
T_crit: 6.73616e-08.
T_crit: 6.73616e-08.
Successfully routed after 19 routing iterations.
Completed net delay value cross check successfully.
low, high, current 16 32 24
Confirming Router Algorithm: TIMING_DRIVEN.
T_crit: 6.72582e-08.
T_crit: 6.73603e-08.
T_crit: 6.74662e-08.
T_crit: 6.74662e-08.
T_crit: 6.74637e-08.
T_crit: 6.7465e-08.
T_crit: 6.73603e-08.
T_crit: 6.7465e-08.
T_crit: 6.73591e-08.
T_crit: 6.75589e-08.
T_crit: 6.73591e-08.
T_crit: 6.73591e-08.
T_crit: 6.73591e-08.
T_crit: 6.73591e-08.
T_crit: 6.73591e-08.
T_crit: 6.73591e-08.
T_crit: 6.73591e-08.
T_crit: 6.73591e-08.
Successfully routed after 19 routing iterations.
Completed net delay value cross check successfully.
low, high, current 16 24 20
Confirming Router Algorithm: TIMING_DRIVEN.
T_crit: 6.73641e-08.
T_crit: 6.75654e-08.
T_crit: 6.75345e-08.
T_crit: 6.7477e-08.
T_crit: 6.72677e-08.
T_crit: 6.72665e-08.
T_crit: 6.72665e-08.
T_crit: 6.72665e-08.
T_crit: 6.72665e-08.
T_crit: 6.72665e-08.
T_crit: 6.73591e-08.
T_crit: 6.73591e-08.
T_crit: 6.72665e-08.
T_crit: 6.72665e-08.
T_crit: 6.72665e-08.
T_crit: 6.72665e-08.
T_crit: 6.71631e-08.
T_crit: 6.71631e-08.
T_crit: 6.71631e-08.
T_crit: 6.71631e-08.
T_crit: 6.71631e-08.
T_crit: 6.71631e-08.
T_crit: 6.71631e-08.
T_crit: 6.71631e-08.
T_crit: 6.71631e-08.
T_crit: 6.71631e-08.
T_crit: 6.71631e-08.
T_crit: 6.71631e-08.
T_crit: 6.71631e-08.
T_crit: 6.71631e-08.
T_crit: 6.71631e-08.
T_crit: 6.71631e-08.
T_crit: 6.71631e-08.
T_crit: 6.71631e-08.
T_crit: 6.79983e-08.
T_crit: 6.73799e-08.
T_crit: 6.73799e-08.
T_crit: 6.73799e-08.
T_crit: 6.73799e-08.
T_crit: 6.73799e-08.
T_crit: 6.73799e-08.
T_crit: 6.73799e-08.
T_crit: 6.73799e-08.
T_crit: 6.73799e-08.
T_crit: 6.73799e-08.
T_crit: 6.71731e-08.
T_crit: 6.71731e-08.
T_crit: 6.74846e-08.
T_crit: 6.75905e-08.
T_crit: 6.75905e-08.
Routing failed.
low, high, current 20 24 22
Confirming Router Algorithm: TIMING_DRIVEN.
T_crit: 6.71244e-08.
T_crit: 6.71219e-08.
T_crit: 6.75766e-08.
T_crit: 6.74927e-08.
T_crit: 6.75091e-08.
T_crit: 6.76623e-08.
T_crit: 6.7477e-08.
T_crit: 6.72998e-08.
T_crit: 6.74732e-08.
T_crit: 6.73686e-08.
T_crit: 6.73686e-08.
T_crit: 6.73686e-08.
T_crit: 6.73686e-08.
T_crit: 6.73686e-08.
T_crit: 6.73686e-08.
T_crit: 6.73699e-08.
T_crit: 6.73686e-08.
T_crit: 6.73699e-08.
T_crit: 6.73686e-08.
T_crit: 6.73686e-08.
T_crit: 6.73711e-08.
T_crit: 6.73711e-08.
T_crit: 6.73711e-08.
Successfully routed after 24 routing iterations.
Completed net delay value cross check successfully.

Checking to ensure routing is legal ...
Completed routing consistency check successfully.

Serial number (magic cookie) for the routing is: 740906806
Best routing used a channel width factor of 22.


Average number of bends per net: 6.81375  Maximum # of bends: 155


The number of routed nets (nonglobal): 1251
Wirelength results (all in units of 1 clb segments):
	Total wirelength: 164361   Average net length: 131.384
	Maximum net length: 854

Wirelength results in terms of physical segments:
	Total wiring segments used: 82482   Av. wire segments per net: 65.9329
	Maximum segments used by a net: 430


X - Directed channels:

j	max occ	av_occ		capacity
0	17	10.7288  	22
1	17	10.2825  	22
2	16	8.55367  	22
3	11	4.81356  	22
4	10	4.58757  	22
5	4	2.05085  	22
6	6	2.72881  	22
7	4	1.35028  	22
8	3	1.47458  	22
9	3	0.881356 	22
10	4	1.62147  	22
11	2	0.440678 	22
12	2	1.02825  	22
13	1	0.0282486	22
14	2	0.604520 	22
15	6	0.525424 	22
16	3	1.48588  	22
17	7	2.64972  	22
18	7	3.70056  	22
19	6	4.18079  	22
20	9	3.39548  	22
21	8	4.07910  	22
22	4	2.32203  	22
23	2	0.0508475	22
24	2	1.04520  	22
25	3	0.0451977	22
26	3	1.99435  	22
27	2	0.0451977	22
28	3	0.0395480	22
29	2	0.463277 	22
30	0	0.00000  	22
31	4	0.785311 	22
32	2	0.751412 	22
33	2	1.04520  	22
34	1	0.0338983	22
35	3	1.42938  	22
36	4	1.57627  	22
37	2	0.983051 	22
38	1	0.0338983	22
39	5	1.44068  	22
40	2	0.971751 	22
41	2	0.480226 	22
42	3	0.677966 	22
43	1	0.401130 	22
44	2	0.661017 	22
45	3	0.412429 	22
46	2	0.0564972	22
47	6	2.37288  	22
48	3	1.47458  	22
49	3	1.22034  	22
50	4	0.847458 	22
51	5	0.593220 	22
52	4	2.07345  	22
53	9	1.57627  	22
54	7	2.64972  	22
55	6	1.48023  	22
56	4	2.11299  	22
57	4	1.55932  	22
58	6	1.10169  	22
59	7	3.90395  	22
60	3	0.0960452	22
61	2	0.0677966	22
62	3	1.46893  	22
63	2	0.146893 	22
64	3	1.05085  	22
65	1	0.0169492	22
66	2	1.08475  	22
67	1	0.0451977	22
68	3	0.0451977	22
69	4	2.55367  	22
70	3	0.694915 	22
71	7	3.24859  	22
72	8	1.18079  	22
73	8	3.80791  	22
74	6	1.51977  	22
75	5	1.16384  	22
76	3	0.892655 	22
77	2	0.638418 	22
78	2	0.898305 	22
79	3	0.0677966	22
80	4	0.581921 	22
81	6	2.18644  	22
82	6	1.79661  	22
83	3	1.91525  	22
84	3	0.451977 	22
85	6	1.68362  	22
86	4	1.91525  	22
87	4	0.401130 	22
88	4	2.83616  	22
89	4	2.48023  	22
90	4	1.80791  	22
91	3	1.05650  	22
92	8	3.45763  	22
93	5	0.158192 	22
94	5	1.08475  	22
95	2	0.0338983	22
96	2	0.0564972	22
97	3	1.93785  	22
98	4	3.48023  	22
99	2	0.898305 	22
100	4	0.632768 	22
101	3	0.559322 	22
102	1	0.960452 	22
103	2	0.0282486	22
104	2	0.971751 	22
105	3	1.02825  	22
106	3	0.0903955	22
107	4	1.56497  	22
108	3	0.559322 	22
109	5	3.31638  	22
110	4	0.903955 	22
111	3	1.86441  	22
112	7	1.57627  	22
113	6	1.68927  	22
114	5	3.01130  	22
115	3	1.15819  	22
116	5	1.10169  	22
117	4	2.05650  	22
118	7	2.80226  	22
119	3	1.11299  	22
120	3	0.0960452	22
121	6	0.734463 	22
122	6	0.0960452	22
123	7	1.14124  	22
124	4	2.05650  	22
125	8	4.07910  	22
126	7	5.20904  	22
127	7	1.63277  	22
128	5	2.14689  	22
129	6	2.46893  	22
130	3	0.564972 	22
131	4	2.60452  	22
132	5	1.87006  	22
133	5	0.333333 	22
134	7	2.60452  	22
135	4	1.63842  	22
136	4	2.10169  	22
137	3	1.54802  	22
138	4	1.54802  	22
139	4	1.16384  	22
140	6	1.71751  	22
141	4	0.774011 	22
142	2	1.02260  	22
143	2	0.898305 	22
144	3	0.531073 	22
145	4	2.25424  	22
146	4	2.51412  	22
147	6	3.12429  	22
148	6	1.40113  	22
149	8	1.92655  	22
150	12	3.67797  	22
151	6	3.84746  	22
152	5	2.58192  	22
153	10	4.49718  	22
154	11	3.84181  	22
155	15	4.97740  	22
156	19	3.14689  	22
157	21	6.28814  	22
158	21	6.12429  	22
159	22	6.63277  	22
160	21	6.81356  	22
161	20	7.07345  	22
162	21	8.33898  	22
163	22	10.0734  	22
164	21	8.81356  	22
165	21	9.20904  	22
166	22	7.58192  	22
167	22	7.77966  	22
168	22	7.84746  	22
169	22	7.11299  	22
170	21	7.30508  	22
171	22	9.52542  	22
172	22	9.44633  	22
173	22	11.3785  	22
174	22	10.3955  	22
175	22	12.2034  	22
176	22	11.3559  	22
177	22	12.0678  	22

Y - Directed channels:

i	max occ	av_occ		capacity
0	16	10.2938  	22
1	15	9.70057  	22
2	17	8.96610  	22
3	11	6.32768  	22
4	10	4.29379  	22
5	5	1.33333  	22
6	4	1.73446  	22
7	4	3.03390  	22
8	3	0.796610 	22
9	4	1.89831  	22
10	3	0.960452 	22
11	3	1.88136  	22
12	1	0.0225989	22
13	2	0.0621469	22
14	4	0.983051 	22
15	4	0.610169 	22
16	3	2.01695  	22
17	2	1.55932  	22
18	6	2.03955  	22
19	3	1.15819  	22
20	3	0.0451977	22
21	3	2.93220  	22
22	2	0.163842 	22
23	4	1.04520  	22
24	4	1.22599  	22
25	2	1.00565  	22
26	4	2.24294  	22
27	8	3.30508  	22
28	4	1.69492  	22
29	3	0.146893 	22
30	3	2.22034  	22
31	3	0.548023 	22
32	1	0.0169492	22
33	2	0.949153 	22
34	1	0.0282486	22
35	1	0.0169492	22
36	3	2.02260  	22
37	2	0.745763 	22
38	6	4.11864  	22
39	4	1.62712  	22
40	6	0.254237 	22
41	2	0.0282486	22
42	2	0.858757 	22
43	2	1.80226  	22
44	3	1.90960  	22
45	2	0.355932 	22
46	3	1.32203  	22
47	1	0.949153 	22
48	2	1.87571  	22
49	2	0.0451977	22
50	6	2.80791  	22
51	3	0.180791 	22
52	4	1.53672  	22
53	7	2.38983  	22
54	5	0.259887 	22
55	2	0.943503 	22
56	3	0.0790960	22
57	8	4.35593  	22
58	9	2.08475  	22
59	7	1.51977  	22
60	10	1.28814  	22
61	13	4.33333  	22
62	12	2.61017  	22
63	17	1.80791  	22
64	17	6.46893  	22
65	15	4.35028  	22
66	14	5.48023  	22
67	14	5.55932  	22
68	17	4.03390  	22
69	14	2.68927  	22
70	14	3.94915  	22
71	19	2.36723  	22
72	18	3.78531  	22
73	14	2.77966  	22
74	17	3.69492  	22
75	18	5.23164  	22
76	17	4.41808  	22
77	18	7.25989  	22
78	19	2.50847  	22
79	21	5.24294  	22
80	21	3.45763  	22
81	18	6.98870  	22
82	20	4.67232  	22
83	21	7.25989  	22
84	19	3.66667  	22
85	19	6.15819  	22
86	21	5.18079  	22
87	20	5.54802  	22
88	19	4.47458  	22
89	20	7.38983  	22
90	19	6.85876  	22
91	20	6.90395  	22
92	17	6.85311  	22
93	16	3.42373  	22
94	18	2.50847  	22
95	21	3.87006  	22
96	16	3.49153  	22
97	16	3.48588  	22
98	17	6.67797  	22
99	15	4.20904  	22
100	13	3.63277  	22
101	13	4.15254  	22
102	14	0.949153 	22
103	11	2.80226  	22
104	12	4.12994  	22
105	10	0.508475 	22
106	7	0.994350 	22
107	5	1.10734  	22
108	5	1.31638  	22
109	4	2.48023  	22
110	5	0.276836 	22
111	3	0.0734463	22
112	3	0.949153 	22
113	3	1.22599  	22
114	3	0.553672 	22
115	3	1.02260  	22
116	2	0.977401 	22
117	3	0.259887 	22
118	2	0.0960452	22
119	1	0.909605 	22
120	2	0.638418 	22
121	1	0.0225989	22
122	4	1.90395  	22
123	4	1.11864  	22
124	5	3.85876  	22
125	4	1.04520  	22
126	5	2.46328  	22
127	5	4.27119  	22
128	3	1.40678  	22
129	2	0.954802 	22
130	5	1.53672  	22
131	2	0.0338983	22
132	2	0.271186 	22
133	4	1.98305  	22
134	3	1.03390  	22
135	3	0.129944 	22
136	6	0.141243 	22
137	5	3.09040  	22
138	6	2.41808  	22
139	3	1.05650  	22
140	3	1.01695  	22
141	6	4.58757  	22
142	4	1.36723  	22
143	2	0.960452 	22
144	1	0.0282486	22
145	2	0.220339 	22
146	5	0.790960 	22
147	3	1.66102  	22
148	4	1.55367  	22
149	2	1.02825  	22
150	1	0.977401 	22
151	2	1.00565  	22
152	3	1.05650  	22
153	3	1.03955  	22
154	4	1.29379  	22
155	5	1.07345  	22
156	1	0.0282486	22
157	0	0.00000  	22
158	3	1.05650  	22
159	6	0.559322 	22
160	7	1.27684  	22
161	6	3.92655  	22
162	5	2.67232  	22
163	6	2.44633  	22
164	5	0.525424 	22
165	7	1.42938  	22
166	7	1.21469  	22
167	4	2.64407  	22
168	5	1.10734  	22
169	8	4.23164  	22
170	12	6.31073  	22
171	16	8.78531  	22
172	20	10.9718  	22
173	20	12.2316  	22
174	19	11.5254  	22
175	19	11.8023  	22
176	16	9.77401  	22
177	15	10.8023  	22

Total Tracks in X-direction: 3916  in Y-direction: 3916

Logic Area (in minimum width transistor areas):
Total Logic Area: 9.3987e+08  Per 1x1 logic tile: 30000

Routing area (in minimum width transistor areas):
Total Routing Area: 8.66694e+07  Per logic tile: 2766.43

Segment usage by type (index):
Segment type       Fractional utilization
------------       ----------------------
       0                  0.118

Segment usage by length:
Segment length       Fractional utilization
--------------       ----------------------
        2                   0.118

Critical Path: 6.73711e-08 (s)

Time elapsed (PLACE&ROUTE): 21752127.728000 ms


Time elapsed (Fernando): 21752127.751000 ms

