
VPR FPGA Placement and Routing.
Version: Version 5.0.2
Compiled: Dec 11 2020.
Original VPR by V. Betz.
Timing-driven placement enhancements by A. Marquardt.
Single-drivers enhancements by Andy Ye with additions by.
Mark Fang, Jason Luu, Ted Campbell
Heterogeneous stucture support by Jason Luu and Ted Campbell.
This code is licensed only for non-commercial use.

Auto-sizing FPGA, try x = 82 y = 82
Auto-sizing FPGA, try x = 164 y = 164
Auto-sizing FPGA, try x = 328 y = 328
Auto-sizing FPGA, try x = 164 y = 164
Auto-sizing FPGA, try x = 246 y = 246
Auto-sizing FPGA, try x = 205 y = 205
Auto-sizing FPGA, try x = 184 y = 184
Auto-sizing FPGA, try x = 194 y = 194
Auto-sizing FPGA, try x = 199 y = 199
Auto-sizing FPGA, try x = 202 y = 202
Auto-sizing FPGA, try x = 203 y = 203
Auto-sizing FPGA, try x = 204 y = 204
Auto-sizing FPGA, try x = 204 y = 204
FPGA auto-sized to, x = 205 y = 205

Resource Usage:
Netlist      0	blocks of type <EMPTY>
Architecture 4	blocks of type <EMPTY>
Netlist      817	blocks of type .io
Architecture 820	blocks of type .io
Netlist      5859	blocks of type .clb
Architecture 42025	blocks of type .clb

Timing analysis: ON

Operation:  ROUTE_ONLY

PlacerOpts.place_freq:  PLACE_NEVER

RouterOpts.route_type:  DETAILED
RouterOpts.router_algorithm:  TIMING_DRIVEN
RouterOpts.base_cost_type:  DELAY_NORMALIZED
RouterOpts.fixed_channel_width:  NO_FIXED_CHANNEL_WIDTH
RouterOpts.acc_fac:  1.000000
RouterOpts.bb_factor:  3
RouterOpts.bend_cost:  0.000000
RouterOpts.first_iter_pres_fac:  0.500000
RouterOpts.initial_pres_fac:  0.500000
RouterOpts.pres_fac_mult:  1.300000
RouterOpts.max_router_iterations:  50
RouterOpts.astar_fac:  1.200000
RouterOpts.criticality_exp:  1.000000
RouterOpts.max_criticality:  0.990000

RoutingArch.directionality:  UNI_DIRECTIONAL
RoutingArch.switch_block_type:  WILTON
RoutingArch.Fs:  3

The circuit will be mapped into a 205 x 205 array of clbs.

Netlist num_nets:  5987
Netlist num_blocks:  6676
Netlist inputs pins:  128
Netlist output pins:  689

93 21 0
111 206 0
164 205 0
70 205 0
93 20 0
74 204 0
74 201 0
74 202 0
205 149 0
71 204 0
71 200 0
74 203 0
75 203 0
71 203 0
72 201 0
95 28 0
73 204 0
7 59 0
94 23 0
68 203 0
6 61 0
94 26 0
67 203 0
93 19 0
206 63 0
70 204 0
5 61 0
70 201 0
5 62 0
2 135 0
69 205 0
90 13 0
11 53 0
94 19 0
10 51 0
205 54 0
95 18 0
94 18 0
168 205 0
9 53 0
10 52 0
11 52 0
172 204 0
94 17 0
152 204 0
1 133 0
194 58 0
1 139 0
8 59 0
172 203 0
9 52 0
89 12 0
1 124 0
2 133 0
7 133 0
91 13 0
8 58 0
101 16 0
90 11 0
8 57 0
2 125 0
2 126 0
197 62 0
66 205 0
95 14 0
92 12 0
197 63 0
91 17 0
3 175 0
91 12 0
91 18 0
90 17 0
204 178 0
171 200 0
204 55 0
1 129 0
1 125 0
7 168 0
201 170 0
93 17 0
1 68 0
105 23 0
204 67 0
151 205 0
8 167 0
1 66 0
2 67 0
200 176 0
107 20 0
3 173 0
197 60 0
205 162 0
1 64 0
154 21 0
174 205 0
99 13 0
5 136 0
104 22 0
4 65 0
100 12 0
1 176 0
172 205 0
1 155 0
202 166 0
152 20 0
1 145 0
155 21 0
200 65 0
196 56 0
99 15 0
4 64 0
6 135 0
100 14 0
98 23 0
100 13 0
173 202 0
3 66 0
10 128 0
169 200 0
197 61 0
205 171 0
203 171 0
3 62 0
2 75 0
1 134 0
3 63 0
200 177 0
3 64 0
87 17 0
11 129 0
3 65 0
2 65 0
204 68 0
3 76 0
204 163 0
4 67 0
6 133 0
2 154 0
197 57 0
197 56 0
5 67 0
96 12 0
199 175 0
88 17 0
5 68 0
98 13 0
170 3 0
98 22 0
94 13 0
88 19 0
93 12 0
94 12 0
7 123 0
1 127 0
1 76 0
4 60 0
204 63 0
1 126 0
205 65 0
159 16 0
95 13 0
87 15 0
87 18 0
95 11 0
203 178 0
153 205 0
195 59 0
200 159 0
203 81 0
8 83 0
57 204 0
1 91 0
155 205 0
205 63 0
205 64 0
4 120 0
204 64 0
15 58 0
161 12 0
89 15 0
99 21 0
89 14 0
88 15 0
88 16 0
154 22 0
1 153 0
57 201 0
57 200 0
202 66 0
202 67 0
3 77 0
2 90 0
1 90 0
202 129 0
13 55 0
99 18 0
90 15 0
14 59 0
201 133 0
90 14 0
97 21 0
163 205 0
203 130 0
199 63 0
1 83 0
6 58 0
8 82 0
202 55 0
1 167 0
200 55 0
14 57 0
201 129 0
98 18 0
15 57 0
122 39 0
98 19 0
120 39 0
98 20 0
121 41 0
96 20 0
205 97 0
5 121 0
2 82 0
3 61 0
202 56 0
125 38 0
205 174 0
122 38 0
161 13 0
121 39 0
100 22 0
198 133 0
98 8 0
204 80 0
123 35 0
201 56 0
203 57 0
1 172 0
125 39 0
124 38 0
123 38 0
121 38 0
20 206 0
205 136 0
155 17 0
120 38 0
120 37 0
91 20 0
101 21 0
100 21 0
134 42 0
98 12 0
99 9 0
93 11 0
146 30 0
197 131 0
158 18 0
2 129 0
204 179 0
167 202 0
203 83 0
125 205 0
125 35 0
127 41 0
1 63 0
1 85 0
124 37 0
5 49 0
4 160 0
123 37 0
13 58 0
205 168 0
3 127 0
68 202 0
121 36 0
10 59 0
99 12 0
160 16 0
92 10 0
170 16 0
204 165 0
204 155 0
6 23 0
126 36 0
124 40 0
7 50 0
56 204 0
11 57 0
201 165 0
7 121 0
12 58 0
11 56 0
195 121 0
9 59 0
3 55 0
136 40 0
99 25 0
93 10 0
93 9 0
10 126 0
205 164 0
95 27 0
61 205 0
1 157 0
1 160 0
72 203 0
8 53 0
4 56 0
61 204 0
13 60 0
6 60 0
8 60 0
10 61 0
12 126 0
12 61 0
12 60 0
9 60 0
204 135 0
10 60 0
11 60 0
99 24 0
195 122 0
11 54 0
91 1 0
94 10 0
94 9 0
95 22 0
115 29 0
197 128 0
6 122 0
198 173 0
56 200 0
196 60 0
71 201 0
131 204 0
200 160 0
5 59 0
5 161 0
55 200 0
13 56 0
7 60 0
11 127 0
8 54 0
8 56 0
9 61 0
106 21 0
11 61 0
200 131 0
10 56 0
96 11 0
151 25 0
119 29 0
10 53 0
96 22 0
6 170 0
199 131 0
2 167 0
153 204 0
200 171 0
195 57 0
73 199 0
84 14 0
204 160 0
3 54 0
7 55 0
57 205 0
9 54 0
5 46 0
4 165 0
173 1 0
9 55 0
10 55 0
6 47 0
94 4 0
91 9 0
91 10 0
97 22 0
97 23 0
204 129 0
205 153 0
58 202 0
2 171 0
3 81 0
201 65 0
1 159 0
199 174 0
84 13 0
83 13 0
6 57 0
3 159 0
5 48 0
3 79 0
9 56 0
6 46 0
6 48 0
58 201 0
2 172 0
10 57 0
8 50 0
8 49 0
7 47 0
8 47 0
140 36 0
2 119 0
91 19 0
94 21 0
3 122 0
131 205 0
187 10 0
100 25 0
141 36 0
9 125 0
4 84 0
201 162 0
200 64 0
5 57 0
205 62 0
7 84 0
6 49 0
3 53 0
7 49 0
5 52 0
11 125 0
7 48 0
6 55 0
8 48 0
7 53 0
104 20 0
97 19 0
5 51 0
96 6 0
96 19 0
92 19 0
102 21 0
103 22 0
203 127 0
188 14 0
6 173 0
195 129 0
4 167 0
199 23 0
205 69 0
133 202 0
88 6 0
5 55 0
2 63 0
3 67 0
4 52 0
4 53 0
205 83 0
4 166 0
6 52 0
195 130 0
7 51 0
7 52 0
1 47 0
1 48 0
103 21 0
104 17 0
104 21 0
100 19 0
205 122 0
203 132 0
8 130 0
99 22 0
172 201 0
134 204 0
196 57 0
27 9 0
27 10 0
169 204 0
6 127 0
3 87 0
6 54 0
11 62 0
5 54 0
1 51 0
10 130 0
5 169 0
193 123 0
2 49 0
2 48 0
202 134 0
127 36 0
100 17 0
203 77 0
102 17 0
102 20 0
103 18 0
100 20 0
101 20 0
200 124 0
91 4 0
3 130 0
1 189 0
8 124 0
205 85 0
26 6 0
86 15 0
2 53 0
28 8 0
169 203 0
204 53 0
200 52 0
201 54 0
205 81 0
166 8 0
204 46 0
2 168 0
3 47 0
3 48 0
202 46 0
100 16 0
101 17 0
199 81 0
89 20 0
101 19 0
102 19 0
102 18 0
197 79 0
202 120 0
150 205 0
201 168 0
9 129 0
8 24 0
198 62 0
87 10 0
6 161 0
30 2 0
84 11 0
205 61 0
204 54 0
201 52 0
1 81 0
200 53 0
201 53 0
168 204 0
204 48 0
203 47 0
203 48 0
203 52 0
203 45 0
203 46 0
126 38 0
202 117 0
126 40 0
196 79 0
92 16 0
201 121 0
4 133 0
2 155 0
59 204 0
203 165 0
2 79 0
202 177 0
5 162 0
203 67 0
6 162 0
8 162 0
200 164 0
199 52 0
204 61 0
5 163 0
204 52 0
202 178 0
204 51 0
205 48 0
2 78 0
203 55 0
203 54 0
204 47 0
204 50 0
203 163 0
202 50 0
203 53 0
203 51 0
202 52 0
108 20 0
127 39 0
93 16 0
90 19 0
127 40 0
28 4 0
205 163 0
92 14 0
92 8 0
91 15 0
92 15 0
35 1 0
204 123 0
94 7 0
1 152 0
196 130 0
201 176 0
7 163 0
6 28 0
201 169 0
181 1 0
130 202 0
69 202 0
204 107 0
4 124 0
5 82 0
1 174 0
206 113 0
133 40 0
3 29 0
76 0 0
74 200 0
159 1 0
12 9 0
123 36 0
114 17 0
4 123 0
193 14 0
199 54 0
130 24 0
181 2 0
2 74 0
193 62 0
7 132 0
87 5 0
201 83 0
4 87 0
143 17 0
146 9 0
198 11 0
119 17 0
174 3 0
197 17 0
3 165 0
73 8 0
124 16 0
113 3 0
123 13 0
133 37 0
194 8 0
0 154 0
11 12 0
123 27 0
83 6 0
101 1 0
182 1 0
153 11 0
1 162 0
192 128 0
166 203 0
197 65 0
158 1 0
105 15 0
8 171 0
204 173 0
2 174 0
86 9 0
120 10 0
170 5 0
128 21 0
25 201 0
157 2 0
156 3 0
13 3 0
157 5 0
195 197 0
197 66 0
140 8 0
185 7 0
130 25 0
117 1 0
2 42 0
145 11 0
205 178 0
6 67 0
114 16 0
107 4 0
14 18 0
8 21 0
6 56 0
146 10 0
62 9 0
130 11 0
195 5 0
140 11 0
146 5 0
170 17 0
205 114 0
125 17 0
125 0 0
138 0 0
98 21 0
202 168 0
27 202 0
148 7 0
195 65 0
65 5 0
149 18 0
186 12 0
164 10 0
146 11 0
166 6 0
156 1 0
160 9 0
162 15 0
197 126 0
157 4 0
203 167 0
116 28 0
201 8 0
131 30 0
84 3 0
136 25 0
192 15 0
92 11 0
98 11 0
197 14 0
205 152 0
123 25 0
190 6 0
126 15 0
56 205 0
2 166 0
4 25 0
155 13 0
148 1 0
199 202 0
146 17 0
131 25 0
59 2 0
197 198 0
11 55 0
2 1 0
130 29 0
5 128 0
11 9 0
202 48 0
195 131 0
185 201 0
164 11 0
119 28 0
151 3 0
146 20 0
151 1 0
121 40 0
143 5 0
126 12 0
22 2 0
187 6 0
22 6 0
7 170 0
149 8 0
169 3 0
148 5 0
132 12 0
129 13 0
131 35 0
55 202 0
197 22 0
100 15 0
188 204 0
0 16 0
1 88 0
123 1 0
53 204 0
102 1 0
61 4 0
78 5 0
114 33 0
3 12 0
5 127 0
145 31 0
0 166 0
201 27 0
113 20 0
164 17 0
199 24 0
155 4 0
203 125 0
91 2 0
109 8 0
89 8 0
159 4 0
11 5 0
164 7 0
7 131 0
195 19 0
183 2 0
126 27 0
184 204 0
204 161 0
126 28 0
158 6 0
96 8 0
110 26 0
202 16 0
95 20 0
147 27 0
130 26 0
205 27 0
204 18 0
167 8 0
149 9 0
3 158 0
147 2 0
148 3 0
133 22 0
196 24 0
3 45 0
129 12 0
5 69 0
11 58 0
130 12 0
3 169 0
21 204 0
134 14 0
6 85 0
201 158 0
205 45 0
79 8 0
194 17 0
197 164 0
93 24 0
204 72 0
8 64 0
13 5 0
89 206 0
116 2 0
112 24 0
114 24 0
152 19 0
132 27 0
154 7 0
201 66 0
77 12 0
147 11 0
197 19 0
146 7 0
104 0 0
117 24 0
120 2 0
148 8 0
204 116 0
8 163 0
164 18 0
153 7 0
122 24 0
129 29 0
31 1 0
188 9 0
206 146 0
135 9 0
203 9 0
144 6 0
125 21 0
111 28 0
144 9 0
14 9 0
125 23 0
3 126 0
151 23 0
145 2 0
11 63 0
65 8 0
142 13 0
204 20 0
146 2 0
199 171 0
183 204 0
142 18 0
158 7 0
2 26 0
147 19 0
90 8 0
204 85 0
203 58 0
58 203 0
122 35 0
80 2 0
178 205 0
205 134 0
205 86 0
191 2 0
173 9 0
154 16 0
135 28 0
1 118 0
0 113 0
129 44 0
93 4 0
204 118 0
118 24 0
11 126 0
196 18 0
97 3 0
106 2 0
94 16 0
202 176 0
118 28 0
128 4 0
164 5 0
121 35 0
25 7 0
148 19 0
199 123 0
16 2 0
1 121 0
76 10 0
126 25 0
127 0 0
101 11 0
145 24 0
195 13 0
122 20 0
200 88 0
146 3 0
142 16 0
204 86 0
149 4 0
4 8 0
124 11 0
69 201 0
8 5 0
20 205 0
135 10 0
199 172 0
130 201 0
142 7 0
199 203 0
115 10 0
116 23 0
82 4 0
186 10 0
193 127 0
2 104 0
201 125 0
165 16 0
64 6 0
169 16 0
200 2 0
146 6 0
193 7 0
81 2 0
123 19 0
98 6 0
3 13 0
203 25 0
154 4 0
147 0 0
159 10 0
135 41 0
98 2 0
199 6 0
165 3 0
195 198 0
68 1 0
190 16 0
98 4 0
122 23 0
122 21 0
194 122 0
124 29 0
89 16 0
110 28 0
80 3 0
32 1 0
143 15 0
82 11 0
143 10 0
0 45 0
140 16 0
125 13 0
134 40 0
4 86 0
123 10 0
128 7 0
131 9 0
116 27 0
202 49 0
105 24 0
30 205 0
76 7 0
148 6 0
204 26 0
125 24 0
5 15 0
196 5 0
194 62 0
5 188 0
204 14 0
124 10 0
93 18 0
202 78 0
119 37 0
79 4 0
200 122 0
166 15 0
166 0 0
167 5 0
200 129 0
205 176 0
157 18 0
8 7 0
198 121 0
123 23 0
120 0 0
202 80 0
128 28 0
140 15 0
4 28 0
52 205 0
132 22 0
78 9 0
138 16 0
138 17 0
195 63 0
99 1 0
128 8 0
172 11 0
135 30 0
175 205 0
202 60 0
129 9 0
4 175 0
1 78 0
203 159 0
182 199 0
203 157 0
195 123 0
170 11 0
158 0 0
203 119 0
194 124 0
119 36 0
96 21 0
55 3 0
152 6 0
131 33 0
129 4 0
187 205 0
121 33 0
200 16 0
7 64 0
124 7 0
130 44 0
101 12 0
124 25 0
118 29 0
198 85 0
196 80 0
137 38 0
100 4 0
123 24 0
151 9 0
10 13 0
189 6 0
75 201 0
158 4 0
12 21 0
157 17 0
201 51 0
4 14 0
200 128 0
103 10 0
119 21 0
139 16 0
127 12 0
1 18 0
4 17 0
9 51 0
203 59 0
173 205 0
124 19 0
120 34 0
59 7 0
125 12 0
80 8 0
202 77 0
1 77 0
5 70 0
206 84 0
140 19 0
149 13 0
0 189 0
195 64 0
8 84 0
104 4 0
6 129 0
202 83 0
205 99 0
143 6 0
107 26 0
198 175 0
7 4 0
169 18 0
83 11 0
2 22 0
112 19 0
111 21 0
185 4 0
88 11 0
97 20 0
149 10 0
131 13 0
75 8 0
94 14 0
142 8 0
118 32 0
0 127 0
89 6 0
99 26 0
198 127 0
77 8 0
3 125 0
197 68 0
202 126 0
15 6 0
126 1 0
70 3 0
196 6 0
147 24 0
182 6 0
142 14 0
95 17 0
31 2 0
205 47 0
202 51 0
206 50 0
100 3 0
206 15 0
127 23 0
2 6 0
34 3 0
132 26 0
6 0 0
77 6 0
204 69 0
131 23 0
152 7 0
137 17 0
1 143 0
95 7 0
137 30 0
3 68 0
199 7 0
140 14 0
141 18 0
134 31 0
1 173 0
199 128 0
189 8 0
149 11 0
141 17 0
125 11 0
19 5 0
140 17 0
131 18 0
107 7 0
82 9 0
128 10 0
142 34 0
86 14 0
129 14 0
196 62 0
128 16 0
12 127 0
145 22 0
128 17 0
127 15 0
94 15 0
193 4 0
193 13 0
127 16 0
84 7 0
9 57 0
71 4 0
0 128 0
192 126 0
185 11 0
7 21 0
115 1 0
1 14 0
188 6 0
151 13 0
1 8 0
205 150 0
173 4 0
200 86 0
197 7 0
4 125 0
2 159 0
57 2 0
206 99 0
2 25 0
110 22 0
78 11 0
110 23 0
6 43 0
118 31 0
204 170 0
82 5 0
5 125 0
128 22 0
60 4 0
127 22 0
120 15 0
130 30 0
200 87 0
129 30 0
134 8 0
6 53 0
133 26 0
144 17 0
131 10 0
201 67 0
22 7 0
112 26 0
133 29 0
147 7 0
196 20 0
10 22 0
2 128 0
136 30 0
3 72 0
124 12 0
139 27 0
148 13 0
206 189 0
8 164 0
61 8 0
11 59 0
84 10 0
70 200 0
198 18 0
124 28 0
194 12 0
110 27 0
126 13 0
53 203 0
7 58 0
196 122 0
133 20 0
146 22 0
129 32 0
164 15 0
76 2 0
204 30 0
167 205 0
61 5 0
9 128 0
124 35 0
1 138 0
184 4 0
16 10 0
2 3 0
116 20 0
195 81 0
120 31 0
95 6 0
206 81 0
94 3 0
89 19 0
198 123 0
120 33 0
205 24 0
5 123 0
124 9 0
198 66 0
154 15 0
133 27 0
171 4 0
178 1 0
190 0 0
88 12 0
136 29 0
5 6 0
193 11 0
102 16 0
134 29 0
202 3 0
80 5 0
118 5 0
1 7 0
90 16 0
120 20 0
195 60 0
144 11 0
110 14 0
155 9 0
184 5 0
138 11 0
204 79 0
108 23 0
83 3 0
148 22 0
92 20 0
4 170 0
137 18 0
205 187 0
8 15 0
33 1 0
193 199 0
82 3 0
7 11 0
14 55 0
203 22 0
134 3 0
203 101 0
136 17 0
127 204 0
127 13 0
129 26 0
129 15 0
2 105 0
180 4 0
125 206 0
185 5 0
87 11 0
198 201 0
143 21 0
154 20 0
182 2 0
205 148 0
196 199 0
122 27 0
4 5 0
160 2 0
125 40 0
132 13 0
167 14 0
125 36 0
128 36 0
118 25 0
199 122 0
90 18 0
206 82 0
191 7 0
140 35 0
24 206 0
202 204 0
26 1 0
131 6 0
204 172 0
19 6 0
197 122 0
182 7 0
152 12 0
1 175 0
74 7 0
200 161 0
198 122 0
191 8 0
158 3 0
3 51 0
132 14 0
134 17 0
134 22 0
111 23 0
161 15 0
12 59 0
198 67 0
5 165 0
129 28 0
134 30 0
165 6 0
150 4 0
113 7 0
9 15 0
156 10 0
71 7 0
182 3 0
114 13 0
128 42 0
14 10 0
197 83 0
205 10 0
128 204 0
204 32 0
143 23 0
117 3 0
137 16 0
143 25 0
171 204 0
133 32 0
141 13 0
128 12 0
8 52 0
128 13 0
142 26 0
3 164 0
135 17 0
133 7 0
133 11 0
160 1 0
130 5 0
167 13 0
205 50 0
199 77 0
124 6 0
98 27 0
5 56 0
198 124 0
13 125 0
137 21 0
193 1 0
97 12 0
143 4 0
88 4 0
165 12 0
137 19 0
0 161 0
203 29 0
123 39 0
201 204 0
9 4 0
64 11 0
58 2 0
174 7 0
179 3 0
2 124 0
101 22 0
5 4 0
135 2 0
200 174 0
60 203 0
145 13 0
176 3 0
196 83 0
179 6 0
142 5 0
4 70 0
135 27 0
200 66 0
136 27 0
3 160 0
136 28 0
201 120 0
34 1 0
25 1 0
1 46 0
174 10 0
3 2 0
156 18 0
196 14 0
142 12 0
12 18 0
91 8 0
152 11 0
95 8 0
57 1 0
1 186 0
142 11 0
144 21 0
144 8 0
126 3 0
3 4 0
134 15 0
202 15 0
104 10 0
203 30 0
205 108 0
189 202 0
140 27 0
133 16 0
124 5 0
159 9 0
144 16 0
100 9 0
130 18 0
1 164 0
117 15 0
199 70 0
153 21 0
101 5 0
7 161 0
205 156 0
138 24 0
99 2 0
8 67 0
205 116 0
197 200 0
149 22 0
148 25 0
1 16 0
135 7 0
128 32 0
168 9 0
128 25 0
7 7 0
127 11 0
122 33 0
122 31 0
203 79 0
85 9 0
204 125 0
202 128 0
205 5 0
106 12 0
203 21 0
199 127 0
9 58 0
204 168 0
151 6 0
106 13 0
63 7 0
175 5 0
149 3 0
199 199 0
2 164 0
129 31 0
124 24 0
111 1 0
130 31 0
3 171 0
108 19 0
129 8 0
112 17 0
10 6 0
6 128 0
96 28 0
129 24 0
129 20 0
165 204 0
113 30 0
70 202 0
151 11 0
151 12 0
86 5 0
150 16 0
133 4 0
133 203 0
138 20 0
151 14 0
134 27 0
194 197 0
4 154 0
125 16 0
143 7 0
1 17 0
125 5 0
1 26 0
125 3 0
56 206 0
141 5 0
178 7 0
204 156 0
30 6 0
142 25 0
133 10 0
151 18 0
10 18 0
205 160 0
2 157 0
192 199 0
136 16 0
106 0 0
124 15 0
201 14 0
84 8 0
123 4 0
114 21 0
117 23 0
206 161 0
10 125 0
132 9 0
48 206 0
85 8 0
5 164 0
137 8 0
171 11 0
175 9 0
116 19 0
110 9 0
192 65 0
82 6 0
144 18 0
151 24 0
193 202 0
205 155 0
157 8 0
166 2 0
129 11 0
165 7 0
73 6 0
184 201 0
165 205 0
134 24 0
94 2 0
75 204 0
122 7 0
201 80 0
2 10 0
200 81 0
196 82 0
160 14 0
107 15 0
85 2 0
128 30 0
108 12 0
14 58 0
142 10 0
107 21 0
128 31 0
28 6 0
5 131 0
1 137 0
127 30 0
7 0 0
206 167 0
128 33 0
186 203 0
3 20 0
203 170 0
118 34 0
126 32 0
193 8 0
12 22 0
138 19 0
106 1 0
140 13 0
139 21 0
25 10 0
196 19 0
143 33 0
127 10 0
155 6 0
151 8 0
100 7 0
2 69 0
113 12 0
135 16 0
27 3 0
2 80 0
2 31 0
205 126 0
134 7 0
204 204 0
125 25 0
96 14 0
127 38 0
202 205 0
125 2 0
83 7 0
99 4 0
157 6 0
29 204 0
195 200 0
3 25 0
196 61 0
71 3 0
15 55 0
168 10 0
167 15 0
113 10 0
201 13 0
157 7 0
192 7 0
102 8 0
11 16 0
153 2 0
188 200 0
128 29 0
93 7 0
203 123 0
143 1 0
163 2 0
157 12 0
168 12 0
168 11 0
3 174 0
186 9 0
146 8 0
136 9 0
145 20 0
6 1 0
181 201 0
140 21 0
129 27 0
199 25 0
148 16 0
124 26 0
4 11 0
120 6 0
1 75 0
16 1 0
145 9 0
164 12 0
188 7 0
205 151 0
152 5 0
128 11 0
6 83 0
119 24 0
205 186 0
121 0 0
153 10 0
13 54 0
122 1 0
61 10 0
199 60 0
157 1 0
132 10 0
67 2 0
200 203 0
1 3 0
139 31 0
144 5 0
1 97 0
130 41 0
200 125 0
184 7 0
202 206 0
95 23 0
155 19 0
205 22 0
141 6 0
160 5 0
188 1 0
91 5 0
82 7 0
147 6 0
123 11 0
13 127 0
25 200 0
69 2 0
91 16 0
196 22 0
201 130 0
77 7 0
190 202 0
86 1 0
74 3 0
116 8 0
132 8 0
155 7 0
155 5 0
195 196 0
155 2 0
133 39 0
119 1 0
96 16 0
16 7 0
4 128 0
135 39 0
194 198 0
202 159 0
27 6 0
9 68 0
0 142 0
107 3 0
141 8 0
137 29 0
71 12 0
203 102 0
130 9 0
14 12 0
85 11 0
191 204 0
152 21 0
121 7 0
107 9 0
86 3 0
127 32 0
204 134 0
189 1 0
23 4 0
26 201 0
1 117 0
143 11 0
126 11 0
74 11 0
128 6 0
138 18 0
201 23 0
59 5 0
113 31 0
202 6 0
124 20 0
126 31 0
174 2 0
170 205 0
205 137 0
91 14 0
158 5 0
24 7 0
118 8 0
116 33 0
148 9 0
139 6 0
135 35 0
127 2 0
199 162 0
52 204 0
73 9 0
205 135 0
139 3 0
193 15 0
127 4 0
199 197 0
203 0 0
140 6 0
10 4 0
27 206 0
11 128 0
192 6 0
147 18 0
152 18 0
198 16 0
202 131 0
65 7 0
118 12 0
128 26 0
4 50 0
203 71 0
147 15 0
158 16 0
202 19 0
194 1 0
62 6 0
6 4 0
204 101 0
130 21 0
203 6 0
137 5 0
7 20 0
177 8 0
139 2 0
181 5 0
168 14 0
195 199 0
189 4 0
98 3 0
125 22 0
72 5 0
141 4 0
124 3 0
159 13 0
139 35 0
137 14 0
106 24 0
0 56 0
136 33 0
83 8 0
150 1 0
6 17 0
4 127 0
116 30 0
202 132 0
204 171 0
1 22 0
115 12 0
60 6 0
156 15 0
88 14 0
146 29 0
96 2 0
122 9 0
115 4 0
13 15 0
203 20 0
118 37 0
91 7 0
150 27 0
151 4 0
205 1 0
150 10 0
139 1 0
135 21 0
200 13 0
5 7 0
191 200 0
96 24 0
179 203 0
136 1 0
138 25 0
188 10 0
88 2 0
143 18 0
0 74 0
115 27 0
88 5 0
118 19 0
192 204 0
4 126 0
130 22 0
139 22 0
0 55 0
79 206 0
0 148 0
196 66 0
130 20 0
190 4 0
74 1 0
74 2 0
110 16 0
137 28 0
151 2 0
141 28 0
2 188 0
150 12 0
200 17 0
201 171 0
3 121 0
176 6 0
206 148 0
149 6 0
103 20 0
2 142 0
128 5 0
126 22 0
3 70 0
203 68 0
73 7 0
187 7 0
144 32 0
154 1 0
153 4 0
9 7 0
149 15 0
152 3 0
131 16 0
7 23 0
132 201 0
167 3 0
191 10 0
186 6 0
171 3 0
159 8 0
72 12 0
78 8 0
142 6 0
118 1 0
133 8 0
168 16 0
152 17 0
14 8 0
197 21 0
5 12 0
197 9 0
9 9 0
60 205 0
190 200 0
131 21 0
152 14 0
74 205 0
198 132 0
130 28 0
6 8 0
1 141 0
195 201 0
129 16 0
5 80 0
23 5 0
9 5 0
127 31 0
115 17 0
7 171 0
205 105 0
123 22 0
205 46 0
162 12 0
120 5 0
126 16 0
4 21 0
109 27 0
89 18 0
16 11 0
151 5 0
196 129 0
9 83 0
139 4 0
178 204 0
203 158 0
147 3 0
80 4 0
63 6 0
24 6 0
205 123 0
20 4 0
201 1 0
1 177 0
8 23 0
203 19 0
204 58 0
9 123 0
161 6 0
144 12 0
191 203 0
58 6 0
10 5 0
122 25 0
83 2 0
97 14 0
190 5 0
189 205 0
134 5 0
131 24 0
202 157 0
95 25 0
171 6 0
187 13 0
10 54 0
205 125 0
96 18 0
201 18 0
30 3 0
86 11 0
1 165 0
179 1 0
153 202 0
204 153 0
82 1 0
189 15 0
120 36 0
172 0 0
170 204 0
154 9 0
121 9 0
121 37 0
203 118 0
2 45 0
199 129 0
194 201 0
2 162 0
9 1 0
30 7 0
95 19 0
90 20 0
137 1 0
196 133 0
99 23 0
88 13 0
130 10 0
76 3 0
73 2 0
198 162 0
7 166 0
10 58 0
121 19 0
121 12 0
162 6 0
196 23 0
142 32 0
134 20 0
167 7 0
120 28 0
141 2 0
97 2 0
202 24 0
143 19 0
115 26 0
123 30 0
141 35 0
164 2 0
166 1 0
2 186 0
144 2 0
13 1 0
205 17 0
5 173 0
59 3 0
201 86 0
121 14 0
154 11 0
111 27 0
204 7 0
119 38 0
68 204 0
75 2 0
170 203 0
201 178 0
67 5 0
4 161 0
56 203 0
199 85 0
161 11 0
204 4 0
56 1 0
199 26 0
13 126 0
200 172 0
200 121 0
11 20 0
56 4 0
157 10 0
4 164 0
146 26 0
197 206 0
103 4 0
124 23 0
114 1 0
145 23 0
7 135 0
182 4 0
197 23 0
203 26 0
7 19 0
23 6 0
137 15 0
2 51 0
2 141 0
111 8 0
100 2 0
128 35 0
201 201 0
44 0 0
59 202 0
64 7 0
140 2 0
140 7 0
174 4 0
9 62 0
201 203 0
152 24 0
76 1 0
2 120 0
59 203 0
78 1 0
85 10 0
154 206 0
59 6 0
73 11 0
197 25 0
192 202 0
107 14 0
132 18 0
134 10 0
97 10 0
136 32 0
191 4 0
161 4 0
121 3 0
131 17 0
134 21 0
85 13 0
87 4 0
124 14 0
4 72 0
119 26 0
199 12 0
145 206 0
153 18 0
133 17 0
99 0 0
132 32 0
122 19 0
0 132 0
145 3 0
134 11 0
124 4 0
31 6 0
197 58 0
178 4 0
122 2 0
109 9 0
123 34 0
21 6 0
131 28 0
163 7 0
205 31 0
16 54 0
133 13 0
135 40 0
138 13 0
123 7 0
124 31 0
204 12 0
1 158 0
116 32 0
31 4 0
194 129 0
119 35 0
202 79 0
163 5 0
18 4 0
84 9 0
191 15 0
165 2 0
190 15 0
98 9 0
150 3 0
199 16 0
130 13 0
152 22 0
139 7 0
194 0 0
156 19 0
178 3 0
13 19 0
10 19 0
146 0 0
146 16 0
120 21 0
198 13 0
109 21 0
130 17 0
138 1 0
196 3 0
133 18 0
97 27 0
122 36 0
126 9 0
73 14 0
205 142 0
7 1 0
180 5 0
153 6 0
126 37 0
100 1 0
177 205 0
1 106 0
42 0 0
201 104 0
191 3 0
136 21 0
205 13 0
133 41 0
127 24 0
101 7 0
105 20 0
162 5 0
144 20 0
2 173 0
118 20 0
196 198 0
76 8 0
206 18 0
101 2 0
21 9 0
196 121 0
200 22 0
4 81 0
164 3 0
117 27 0
75 202 0
137 20 0
54 2 0
128 15 0
197 205 0
205 89 0
117 33 0
25 204 0
200 130 0
197 69 0
139 18 0
86 4 0
199 53 0
141 19 0
171 7 0
10 20 0
123 29 0
193 58 0
131 1 0
124 8 0
13 11 0
120 1 0
206 62 0
131 0 0
175 204 0
188 201 0
123 26 0
142 15 0
205 55 0
3 187 0
83 9 0
149 206 0
129 6 0
192 205 0
204 57 0
131 29 0
156 4 0
3 188 0
125 6 0
92 24 0
4 121 0
65 206 0
143 9 0
152 4 0
167 11 0
3 154 0
205 0 0
137 4 0
0 125 0
136 2 0
102 6 0
90 4 0
201 200 0
131 2 0
97 17 0
149 5 0
152 203 0
2 153 0
122 8 0
199 14 0
2 52 0
189 5 0
194 199 0
195 0 0
1 71 0
205 205 0
202 169 0
123 32 0
198 205 0
63 8 0
124 13 0
204 21 0
145 4 0
168 6 0
2 18 0
85 4 0
70 8 0
75 11 0
194 128 0
58 3 0
141 12 0
200 202 0
13 7 0
123 12 0
121 10 0
115 23 0
193 10 0
206 58 0
6 168 0
200 51 0
194 200 0
3 22 0
161 16 0
194 7 0
1 27 0
104 5 0
65 6 0
194 16 0
193 125 0
156 9 0
203 85 0
155 11 0
166 11 0
191 126 0
118 26 0
56 201 0
202 133 0
71 205 0
205 51 0
126 7 0
132 20 0
102 5 0
141 9 0
1 28 0
132 21 0
190 1 0
6 22 0
140 22 0
4 187 0
138 22 0
97 5 0
1 120 0
199 3 0
205 16 0
128 3 0
188 199 0
68 5 0
72 205 0
161 8 0
200 10 0
204 25 0
128 34 0
111 10 0
192 125 0
171 16 0
3 163 0
81 6 0
102 7 0
198 204 0
8 62 0
14 3 0
151 204 0
133 6 0
59 4 0
124 22 0
12 16 0
188 2 0
193 6 0
125 204 0
72 198 0
12 20 0
197 78 0
129 18 0
10 129 0
23 202 0
141 21 0
197 77 0
116 25 0
3 42 0
7 164 0
197 125 0
111 22 0
1 2 0
194 123 0
190 7 0
126 21 0
107 25 0
119 13 0
165 0 0
150 11 0
5 19 0
183 3 0
72 7 0
124 36 0
14 128 0
151 7 0
29 205 0
137 12 0
182 200 0
196 10 0
97 6 0
70 4 0
183 201 0
195 8 0
99 5 0
107 24 0
121 1 0
79 5 0
7 22 0
5 120 0
130 27 0
172 9 0
87 12 0
131 206 0
198 25 0
145 6 0
23 203 0
13 57 0
205 19 0
144 4 0
26 7 0
194 59 0
132 42 0
124 205 0
158 10 0
107 0 0
201 50 0
90 7 0
13 4 0
105 22 0
137 10 0
11 13 0
62 7 0
135 3 0
96 13 0
2 160 0
180 202 0
199 11 0
202 57 0
114 31 0
12 6 0
126 33 0
3 21 0
116 15 0
139 9 0
90 21 0
74 8 0
204 128 0
189 204 0
168 206 0
71 6 0
146 14 0
148 29 0
203 153 0
138 21 0
141 10 0
156 20 0
103 5 0
3 5 0
151 19 0
198 15 0
150 30 0
145 1 0
136 10 0
132 43 0
152 9 0
195 61 0
137 13 0
155 20 0
1 23 0
1 188 0
2 72 0
108 11 0
198 199 0
129 43 0
180 203 0
118 7 0
1 123 0
74 12 0
190 9 0
204 154 0
18 8 0
141 14 0
138 2 0
77 2 0
121 15 0
134 34 0
203 202 0
126 204 0
204 2 0
111 11 0
132 40 0
13 12 0
206 183 0
200 18 0
151 17 0
200 158 0
99 6 0
183 7 0
7 128 0
122 11 0
6 10 0
172 12 0
79 6 0
203 164 0
1 44 0
131 7 0
200 76 0
198 3 0
4 20 0
195 11 0
104 6 0
17 8 0
146 1 0
191 128 0
199 176 0
1 5 0
75 13 0
170 12 0
132 39 0
7 44 0
126 2 0
133 5 0
114 4 0
133 201 0
13 6 0
174 203 0
195 56 0
130 35 0
61 11 0
202 84 0
186 205 0
101 4 0
153 8 0
172 1 0
95 24 0
0 24 0
181 202 0
90 12 0
61 6 0
118 15 0
202 179 0
131 19 0
67 6 0
158 17 0
131 11 0
186 201 0
4 61 0
31 206 0
150 13 0
158 11 0
201 85 0
15 206 0
139 11 0
137 3 0
145 25 0
142 4 0
197 8 0
199 201 0
8 165 0
170 199 0
204 24 0
32 4 0
162 14 0
96 26 0
24 202 0
201 82 0
130 34 0
2 50 0
118 11 0
125 32 0
7 120 0
135 20 0
154 2 0
120 25 0
3 7 0
197 204 0
126 18 0
134 23 0
14 17 0
2 20 0
204 23 0
197 121 0
97 4 0
199 19 0
171 5 0
200 168 0
5 23 0
135 15 0
115 32 0
129 17 0
140 9 0
161 10 0
104 13 0
127 20 0
2 76 0
127 3 0
95 9 0
1 15 0
192 2 0
121 28 0
199 64 0
88 18 0
153 3 0
28 7 0
147 5 0
97 18 0
75 1 0
2 185 0
193 2 0
72 9 0
149 7 0
60 8 0
198 4 0
2 7 0
123 2 0
127 29 0
169 11 0
188 203 0
8 14 0
165 17 0
89 13 0
99 14 0
85 0 0
88 7 0
129 19 0
111 15 0
161 9 0
4 6 0
199 161 0
7 46 0
0 53 0
4 185 0
174 8 0
186 11 0
128 24 0
118 2 0
0 187 0
25 205 0
197 135 0
127 205 0
166 16 0
2 23 0
9 8 0
201 126 0
107 13 0
164 16 0
9 13 0
126 20 0
75 9 0
131 20 0
66 3 0
131 36 0
150 5 0
77 3 0
17 57 0
14 16 0
200 80 0
194 6 0
144 0 0
108 27 0
105 11 0
109 26 0
3 86 0
130 19 0
127 19 0
156 5 0
108 17 0
6 81 0
130 15 0
138 34 0
128 18 0
135 205 0
4 55 0
126 6 0
10 23 0
106 10 0
141 3 0
21 2 0
166 17 0
140 23 0
116 3 0
173 12 0
165 5 0
201 69 0
153 1 0
139 34 0
205 141 0
206 172 0
1 187 0
23 7 0
203 174 0
130 43 0
144 30 0
130 8 0
201 77 0
103 2 0
1 69 0
149 25 0
197 124 0
181 0 0
97 7 0
145 18 0
193 201 0
196 13 0
198 200 0
165 18 0
163 16 0
11 7 0
143 12 0
130 6 0
199 67 0
115 9 0
127 28 0
67 4 0
1 25 0
60 7 0
60 0 0
149 31 0
179 4 0
202 203 0
189 11 0
180 1 0
6 51 0
159 0 0
2 143 0
138 37 0
107 1 0
3 186 0
205 32 0
123 8 0
203 129 0
187 204 0
13 16 0
203 50 0
129 5 0
142 20 0
191 201 0
107 16 0
57 202 0
196 67 0
132 25 0
28 5 0
9 130 0
181 205 0
33 3 0
63 11 0
5 22 0
75 3 0
201 15 0
6 132 0
142 33 0
8 9 0
134 12 0
192 3 0
203 173 0
125 18 0
133 36 0
152 8 0
195 23 0
15 7 0
202 164 0
139 24 0
125 19 0
87 13 0
109 20 0
149 0 0
9 12 0
149 2 0
177 0 0
128 41 0
198 17 0
120 4 0
0 178 0
110 8 0
123 21 0
126 5 0
131 201 0
171 202 0
132 202 0
10 62 0
5 3 0
142 2 0
132 19 0
146 18 0
104 15 0
76 11 0
165 14 0
136 12 0
4 186 0
129 25 0
1 6 0
138 9 0
144 3 0
134 4 0
137 9 0
118 35 0
56 3 0
62 4 0
202 162 0
71 10 0
105 5 0
118 23 0
174 9 0
117 5 0
172 10 0
198 78 0
206 160 0
99 29 0
127 7 0
203 134 0
133 12 0
86 10 0
9 23 0
202 119 0
1 31 0
162 4 0
188 0 0
192 4 0
114 10 0
62 1 0
206 194 0
139 12 0
135 19 0
160 3 0
175 7 0
125 1 0
203 17 0
123 6 0
203 78 0
138 3 0
193 198 0
142 35 0
4 122 0
120 9 0
2 127 0
110 24 0
118 22 0
81 5 0
204 87 0
192 10 0
198 24 0
138 4 0
117 30 0
0 78 0
203 3 0
21 205 0
136 7 0
196 196 0
138 15 0
195 7 0
92 22 0
4 130 0
108 21 0
167 6 0
62 2 0
197 199 0
28 204 0
192 13 0
130 36 0
200 85 0
128 9 0
4 24 0
143 22 0
91 0 0
149 12 0
3 80 0
155 1 0
78 6 0
136 11 0
133 25 0
11 6 0
148 10 0
197 174 0
143 24 0
11 21 0
184 205 0
11 19 0
109 18 0
10 10 0
119 6 0
131 22 0
122 13 0
94 20 0
107 17 0
193 5 0
136 18 0
194 131 0
127 14 0
143 2 0
201 131 0
153 5 0
138 27 0
4 85 0
162 2 0
2 21 0
120 3 0
3 30 0
124 27 0
206 64 0
133 28 0
196 9 0
26 10 0
197 54 0
185 202 0
143 31 0
54 202 0
109 14 0
2 27 0
104 23 0
1 52 0
63 3 0
154 12 0
199 76 0
83 1 0
11 3 0
12 2 0
8 20 0
6 26 0
181 3 0
97 1 0
113 18 0
90 1 0
205 118 0
139 5 0
143 3 0
98 1 0
136 6 0
130 32 0
206 92 0
125 27 0
203 61 0
203 162 0
145 19 0
117 6 0
130 7 0
1 104 0
141 24 0
118 4 0
119 4 0
198 163 0
118 6 0
155 12 0
2 13 0
203 69 0
3 23 0
115 3 0
144 29 0
154 5 0
141 34 0
170 2 0
110 29 0
202 103 0
193 124 0
105 4 0
167 204 0
154 6 0
92 17 0
134 41 0
198 79 0
128 203 0
97 11 0
136 26 0
2 87 0
198 120 0
129 35 0
201 119 0
105 21 0
155 15 0
163 15 0
203 16 0
110 15 0
204 31 0
46 0 0
129 10 0
158 12 0
129 22 0
194 205 0
163 17 0
150 28 0
8 10 0
152 16 0
109 17 0
94 27 0
149 16 0
121 16 0
66 204 0
203 84 0
123 9 0
116 34 0
201 55 0
202 81 0
200 175 0
0 167 0
67 1 0
129 40 0
124 21 0
206 96 0
64 8 0
91 23 0
2 44 0
15 3 0
108 26 0
168 2 0
3 52 0
199 126 0
169 7 0
103 1 0
154 10 0
101 9 0
138 36 0
205 25 0
198 9 0
161 17 0
190 205 0
138 14 0
205 12 0
175 4 0
129 203 0
14 19 0
162 1 0
179 204 0
2 4 0
119 3 0
202 2 0
199 58 0
0 18 0
13 17 0
6 172 0
132 16 0
118 30 0
198 56 0
136 3 0
117 7 0
72 10 0
100 5 0
64 2 0
126 23 0
195 14 0
24 5 0
200 15 0
186 4 0
25 8 0
25 206 0
105 10 0
66 4 0
197 197 0
56 199 0
124 17 0
202 70 0
66 6 0
197 163 0
132 11 0
81 8 0
2 158 0
133 24 0
151 0 0
173 2 0
202 68 0
201 164 0
2 187 0
106 4 0
135 13 0
28 1 0
135 18 0
203 56 0
162 9 0
199 78 0
135 31 0
25 2 0
130 23 0
4 188 0
138 35 0
66 2 0
82 2 0
143 14 0
134 18 0
6 27 0
133 31 0
130 14 0
1 65 0
123 20 0
44 2 0
10 124 0
12 128 0
106 15 0
195 21 0
129 1 0
131 38 0
132 6 0
75 4 0
206 104 0
134 16 0
11 22 0
71 2 0
168 201 0
196 16 0
75 10 0
113 19 0
93 1 0
3 135 0
1 73 0
117 25 0
196 65 0
134 36 0
6 21 0
200 24 0
195 6 0
93 13 0
140 3 0
136 22 0
204 27 0
136 8 0
108 16 0
206 126 0
194 20 0
4 169 0
191 13 0
134 19 0
176 7 0
155 16 0
138 6 0
147 16 0
205 60 0
8 123 0
150 2 0
136 19 0
92 5 0
205 157 0
130 2 0
197 15 0
138 5 0
1 24 0
136 4 0
175 8 0
135 4 0
142 21 0
203 1 0
137 23 0
196 81 0
199 13 0
186 1 0
134 25 0
197 80 0
72 2 0
3 189 0
186 2 0
113 11 0
132 23 0
124 39 0
204 122 0
122 10 0
128 14 0
191 5 0
15 1 0
200 127 0
87 16 0
111 26 0
117 28 0
198 128 0
112 30 0
147 10 0
147 4 0
199 204 0
152 1 0
108 25 0
191 14 0
196 204 0
202 165 0
9 48 0
187 1 0
131 14 0
1 105 0
194 10 0
121 2 0
142 19 0
7 122 0
73 1 0
123 31 0
131 3 0
206 163 0
182 201 0
122 37 0
122 30 0
5 168 0
74 4 0
141 15 0
2 73 0
30 5 0
3 1 0
119 10 0
171 12 0
198 84 0
125 14 0
1 10 0
199 132 0
201 163 0
43 0 0
1 154 0
142 31 0
60 5 0
194 19 0
177 5 0
119 11 0
13 20 0
196 12 0
163 11 0
187 3 0
206 129 0
184 202 0
32 2 0
4 78 0
98 7 0
125 9 0
201 68 0
135 6 0
163 9 0
119 27 0
185 1 0
143 20 0
135 34 0
205 57 0
125 29 0
93 22 0
119 12 0
2 19 0
16 59 0
154 8 0
169 206 0
134 26 0
136 20 0
4 29 0
88 3 0
139 25 0
100 8 0
5 24 0
95 3 0
66 5 0
198 10 0
173 5 0
154 18 0
57 4 0
185 6 0
22 204 0
29 4 0
91 6 0
120 12 0
26 0 0
205 20 0
26 8 0
119 9 0
106 19 0
125 37 0
25 6 0
25 5 0
1 161 0
169 202 0
198 119 0
198 60 0
170 206 0
126 24 0
203 161 0
5 84 0
197 20 0
61 1 0
73 3 0
2 16 0
6 9 0
99 27 0
132 24 0
93 5 0
12 7 0
198 174 0
196 203 0
195 204 0
103 13 0
79 1 0
134 9 0
122 5 0
150 6 0
8 22 0
186 204 0
205 29 0
2 59 0
93 0 0
72 206 0
57 5 0
132 1 0
110 4 0
7 65 0
122 6 0
22 3 0
14 20 0
6 44 0
202 5 0
201 19 0
2 131 0
1 29 0
54 205 0
3 17 0
7 24 0
5 27 0
163 8 0
60 204 0
203 122 0
176 9 0
9 19 0
99 7 0
162 8 0
6 121 0
160 7 0
179 2 0
101 13 0
139 26 0
177 6 0
114 6 0
125 28 0
132 30 0
27 2 0
169 5 0
15 54 0
192 14 0
198 198 0
114 5 0
160 6 0
122 29 0
95 15 0
202 1 0
27 8 0
188 13 0
114 2 0
195 82 0
27 7 0
204 126 0
193 18 0
175 1 0
135 206 0
111 16 0
199 17 0
78 2 0
133 23 0
4 23 0
132 38 0
4 62 0
0 168 0
104 14 0
161 3 0
0 162 0
62 3 0
73 10 0
6 167 0
119 18 0
97 9 0
7 2 0
137 25 0
74 13 0
136 23 0
202 201 0
85 5 0
97 13 0
168 203 0
69 3 0
8 131 0
135 29 0
15 18 0
101 14 0
138 23 0
162 7 0
76 9 0
119 25 0
135 37 0
146 12 0
9 21 0
125 33 0
115 13 0
125 31 0
157 3 0
193 66 0
170 6 0
112 8 0
76 4 0
108 5 0
5 167 0
3 6 0
202 160 0
121 6 0
20 6 0
193 128 0
137 22 0
203 15 0
197 24 0
16 9 0
191 9 0
205 2 0
204 124 0
170 15 0
136 24 0
144 27 0
168 7 0
174 204 0
99 20 0
134 13 0
153 15 0
3 26 0
129 204 0
196 7 0
145 12 0
85 12 0
160 8 0
124 32 0
63 9 0
183 202 0
187 9 0
126 14 0
197 11 0
140 20 0
102 10 0
118 9 0
124 30 0
204 167 0
81 7 0
131 27 0
1 74 0
145 16 0
170 8 0
4 44 0
172 5 0
121 8 0
168 202 0
137 7 0
145 10 0
30 4 0
2 68 0
55 204 0
193 19 0
140 34 0
194 14 0
201 161 0
197 203 0
158 9 0
126 17 0
148 4 0
199 164 0
200 201 0
117 32 0
84 2 0
121 5 0
72 8 0
153 16 0
199 10 0
206 151 0
20 5 0
128 23 0
203 203 0
111 25 0
8 128 0
127 8 0
205 96 0
189 2 0
3 129 0
129 21 0
131 8 0
205 26 0
3 73 0
3 69 0
9 6 0
127 21 0
2 9 0
18 5 0
206 48 0
195 22 0
136 13 0
205 146 0
112 2 0
144 22 0
85 14 0
3 50 0
135 5 0
69 204 0
160 10 0
204 203 0
145 5 0
3 166 0
147 22 0
186 7 0
205 189 0
108 18 0
148 21 0
140 10 0
199 120 0
117 4 0
6 163 0
195 80 0
186 3 0
133 21 0
199 173 0
135 25 0
179 205 0
7 14 0
71 1 0
146 19 0
87 7 0
126 4 0
201 11 0
140 12 0
127 26 0
201 21 0
177 1 0
81 9 0
6 24 0
12 11 0
7 25 0
126 29 0
195 9 0
135 26 0
135 14 0
126 10 0
67 3 0
136 5 0
199 68 0
63 1 0
202 17 0
177 2 0
74 9 0
206 164 0
199 69 0
65 205 0
141 25 0
205 120 0
194 204 0
4 1 0
162 10 0
128 39 0
128 19 0
134 6 0
135 24 0
184 0 0
143 16 0
181 203 0
161 1 0
18 2 0
127 17 0
205 100 0
3 24 0
2 123 0
116 10 0
164 1 0
58 4 0
163 1 0
3 172 0
34 2 0
133 14 0
118 13 0
3 56 0
205 104 0
138 12 0
138 8 0
6 18 0
205 124 0
4 49 0
200 167 0
170 1 0
183 8 0
140 1 0
172 6 0
195 12 0
205 165 0
7 16 0
120 26 0
24 205 0
4 68 0
200 126 0
138 28 0
139 15 0
5 29 0
137 6 0
5 63 0
75 5 0
129 201 0
204 90 0
129 206 0
122 22 0
196 197 0
202 202 0
200 14 0
204 91 0
93 23 0
121 11 0
7 68 0
106 14 0
127 9 0
116 7 0
74 5 0
129 7 0
206 90 0
196 15 0
167 0 0
155 0 0
120 8 0
114 32 0
144 1 0
140 25 0
137 11 0
151 27 0
150 9 0
29 2 0
142 17 0
139 19 0
115 28 0
205 175 0
125 10 0
115 30 0
86 12 0
113 1 0
18 6 0
141 23 0
182 205 0
192 8 0
139 8 0
154 205 0
177 7 0
14 4 0
197 13 0
78 7 0
192 9 0
162 3 0
119 30 0
124 18 0
185 2 0
96 3 0
202 124 0
131 42 0
157 15 0
3 58 0
205 78 0
192 17 0
203 124 0
58 5 0
147 1 0
127 18 0
199 79 0
94 22 0
98 14 0
86 6 0
133 19 0
172 4 0
105 1 0
12 13 0
201 202 0
8 166 0
150 7 0
203 13 0
83 10 0
25 9 0
135 33 0
200 68 0
9 65 0
127 27 0
184 1 0
200 57 0
154 3 0
5 135 0
3 8 0
141 7 0
139 23 0
145 17 0
105 6 0
61 2 0
2 121 0
200 170 0
204 11 0
130 203 0
132 2 0
114 26 0
89 9 0
144 31 0
132 7 0
65 2 0
128 1 0
203 63 0
103 6 0
6 64 0
2 165 0
1 149 0
122 16 0
192 200 0
111 20 0
112 31 0
154 203 0
5 81 0
140 24 0
4 134 0
131 43 0
67 205 0
4 162 0
148 12 0
146 13 0
115 14 0
196 202 0
202 53 0
157 9 0
85 1 0
116 31 0
135 23 0
3 19 0
158 8 0
190 127 0
23 9 0
5 129 0
150 22 0
191 6 0
84 12 0
156 7 0
23 8 0
201 5 0
159 7 0
172 7 0
190 126 0
1 56 0
24 1 0
93 25 0
202 62 0
111 19 0
111 18 0
156 6 0
124 204 0
120 7 0
114 18 0
154 19 0
136 36 0
204 17 0
187 4 0
112 16 0
5 2 0
197 134 0
4 51 0
114 11 0
151 28 0
139 37 0
119 16 0
182 202 0
119 15 0
9 131 0
139 20 0
71 202 0
117 31 0
199 57 0
109 16 0
184 203 0
84 4 0
204 175 0
132 28 0
134 205 0
185 203 0
195 203 0
114 12 0
204 174 0
130 3 0
200 83 0
129 2 0
127 5 0
198 130 0
156 14 0
26 202 0
4 174 0
189 14 0
188 3 0
80 1 0
198 203 0
154 204 0
117 16 0
152 206 0
97 15 0
136 14 0
123 17 0
1 72 0
123 18 0
2 138 0
131 15 0
199 167 0
2 137 0
123 15 0
94 6 0
147 8 0
201 17 0
192 201 0
200 82 0
19 1 0
65 3 0
147 12 0
77 203 0
29 5 0
17 2 0
194 2 0
2 57 0
70 5 0
121 32 0
1 4 0
109 22 0
106 25 0
84 5 0
112 23 0
132 17 0
197 64 0
113 23 0
112 22 0
146 28 0
125 34 0
113 21 0
141 29 0
178 5 0
132 29 0
27 4 0
110 18 0
193 16 0
197 120 0
116 26 0
101 10 0
117 17 0
169 8 0
159 14 0
110 17 0
141 1 0
192 127 0
115 16 0
200 79 0
167 9 0
162 11 0
3 120 0
204 45 0
109 15 0
95 12 0
136 38 0
128 38 0
159 12 0
146 15 0
187 8 0
164 13 0
16 4 0
156 12 0
150 23 0
197 67 0
8 132 0
68 7 0
156 11 0
132 3 0
188 202 0
171 205 0
200 58 0
204 121 0
205 172 0
200 20 0
200 19 0
173 6 0
8 55 0
83 4 0
184 2 0
27 203 0
2 152 0
2 136 0
203 27 0
112 15 0
199 80 0
4 47 0
122 14 0
202 123 0
3 168 0
119 2 0
123 14 0
147 17 0
197 16 0
11 130 0
203 154 0
148 15 0
10 24 0
190 204 0
17 9 0
148 14 0
198 129 0
124 34 0
199 198 0
15 56 0
180 204 0
9 11 0
108 9 0
113 25 0
86 7 0
144 13 0
204 65 0
5 85 0
69 6 0
113 22 0
5 14 0
198 5 0
92 7 0
9 10 0
172 14 0
7 17 0
131 26 0
185 8 0
112 21 0
155 18 0
112 20 0
119 31 0
134 1 0
149 14 0
135 11 0
172 13 0
203 10 0
161 7 0
106 20 0
203 133 0
201 20 0
119 19 0
138 26 0
117 18 0
119 14 0
197 12 0
23 1 0
129 42 0
118 16 0
204 1 0
116 4 0
116 1 0
156 13 0
111 4 0
157 13 0
196 119 0
99 19 0
155 10 0
170 9 0
189 201 0
1 58 0
9 132 0
189 203 0
10 64 0
5 130 0
169 205 0
196 125 0
115 8 0
187 12 0
198 81 0
203 106 0
155 8 0
125 20 0
171 8 0
122 18 0
198 8 0
72 3 0
197 202 0
128 205 0
15 12 0
1 166 0
203 23 0
202 130 0
205 129 0
112 28 0
117 12 0
112 29 0
202 28 0
204 22 0
144 14 0
148 17 0
206 14 0
8 1 0
112 27 0
113 27 0
112 25 0
6 84 0
116 11 0
111 24 0
111 12 0
90 5 0
16 18 0
2 30 0
205 190 0
72 6 0
121 22 0
121 21 0
87 2 0
128 27 0
150 19 0
29 7 0
121 29 0
1 135 0
148 23 0
196 201 0
120 19 0
195 78 0
29 6 0
205 9 0
118 18 0
149 30 0
118 17 0
120 13 0
137 35 0
116 5 0
3 133 0
187 2 0
12 17 0
19 3 0
202 85 0
133 15 0
85 6 0
157 14 0
145 8 0
166 10 0
166 9 0
192 124 0
3 44 0
203 24 0
144 15 0
121 20 0
166 18 0
3 59 0
198 53 0
164 4 0
9 22 0
163 4 0
9 24 0
88 1 0
133 2 0
171 203 0
194 5 0
203 117 0
190 203 0
120 16 0
202 172 0
2 56 0
174 206 0
7 127 0
140 5 0
195 126 0
204 104 0
100 18 0
141 22 0
105 2 0
88 9 0
6 126 0
1 190 0
60 1 0
205 170 0
153 203 0
1 151 0
102 4 0
139 0 0
205 3 0
202 27 0
203 131 0
113 206 0
96 17 0
196 78 0
122 15 0
2 24 0
203 128 0
114 28 0
114 27 0
1 19 0
94 8 0
110 25 0
197 10 0
137 33 0
121 25 0
204 205 0
16 57 0
120 24 0
198 19 0
63 10 0
159 6 0
12 19 0
120 22 0
117 34 0
195 2 0
195 4 0
120 18 0
120 11 0
163 12 0
115 2 0
80 7 0
121 13 0
190 14 0
23 2 0
116 6 0
115 6 0
78 3 0
117 20 0
12 56 0
195 18 0
125 26 0
139 10 0
13 13 0
102 3 0
6 50 0
138 38 0
200 67 0
2 66 0
120 40 0
158 14 0
137 37 0
5 9 0
165 4 0
119 8 0
190 10 0
137 27 0
132 41 0
137 26 0
116 16 0
205 58 0
144 7 0
205 56 0
6 125 0
201 24 0
13 2 0
1 140 0
5 8 0
203 70 0
168 18 0
183 203 0
201 22 0
203 80 0
113 17 0
63 4 0
106 22 0
195 205 0
201 26 0
97 16 0
113 5 0
0 22 0
143 30 0
205 66 0
2 189 0
27 204 0
114 29 0
3 131 0
5 166 0
138 7 0
121 27 0
28 205 0
120 27 0
174 1 0
109 28 0
200 26 0
131 4 0
117 2 0
119 34 0
4 136 0
202 171 0
2 5 0
32 3 0
202 170 0
204 78 0
64 10 0
111 3 0
121 23 0
82 8 0
111 2 0
199 56 0
3 84 0
204 70 0
119 22 0
2 77 0
108 2 0
113 28 0
130 0 0
202 63 0
26 11 0
2 70 0
149 1 0
7 66 0
116 17 0
179 5 0
165 1 0
26 2 0
70 203 0
119 7 0
101 3 0
137 39 0
166 13 0
4 10 0
121 30 0
7 67 0
9 124 0
147 29 0
130 37 0
144 25 0
142 29 0
140 26 0
198 23 0
205 90 0
135 22 0
4 15 0
164 6 0
204 59 0
127 42 0
89 17 0
129 41 0
44 1 0
204 130 0
168 15 0
202 7 0
4 7 0
10 21 0
203 64 0
205 14 0
122 17 0
205 119 0
120 32 0
104 12 0
202 105 0
159 2 0
169 9 0
1 80 0
116 24 0
131 31 0
202 20 0
198 7 0
64 3 0
203 7 0
204 169 0
22 205 0
159 15 0
200 25 0
120 17 0
144 19 0
196 131 0
201 62 0
121 17 0
201 28 0
169 15 0
134 38 0
96 10 0
205 23 0
161 5 0
21 5 0
109 2 0
11 8 0
57 3 0
112 3 0
108 1 0
3 83 0
16 3 0
121 24 0
198 80 0
119 23 0
113 2 0
110 1 0
110 6 0
8 6 0
92 9 0
116 18 0
102 9 0
3 9 0
4 19 0
171 13 0
197 132 0
2 47 0
1 20 0
155 22 0
197 59 0
168 8 0
104 9 0
198 68 0
28 3 0
199 86 0
106 7 0
202 116 0
165 9 0
105 3 0
45 1 0
144 24 0
77 4 0
201 160 0
122 26 0
143 27 0
145 30 0
205 131 0
166 205 0
198 69 0
0 83 0
103 15 0
143 26 0
3 132 0
1 184 0
5 1 0
150 24 0
177 4 0
141 26 0
141 27 0
8 61 0
9 67 0
183 6 0
14 127 0
31 205 0
139 29 0
100 10 0
167 2 0
176 4 0
161 14 0
1 179 0
133 1 0
198 64 0
1 59 0
202 54 0
6 12 0
8 127 0
198 2 0
204 60 0
2 122 0
171 17 0
150 20 0
123 28 0
202 23 0
5 10 0
7 26 0
202 122 0
75 205 0
171 9 0
10 1 0
185 3 0
3 49 0
6 2 0
107 2 0
76 203 0
5 11 0
101 6 0
204 56 0
203 166 0
95 10 0
9 25 0
107 5 0
140 18 0
148 20 0
24 203 0
96 25 0
110 2 0
102 2 0
109 4 0
187 201 0
1 185 0
112 4 0
109 3 0
145 27 0
0 23 0
129 38 0
200 78 0
55 2 0
8 51 0
110 3 0
121 4 0
65 1 0
200 4 0
115 20 0
109 1 0
77 1 0
115 19 0
201 84 0
176 2 0
112 12 0
106 3 0
205 72 0
103 8 0
205 107 0
105 7 0
159 3 0
104 3 0
201 75 0
204 114 0
7 5 0
154 0 0
27 1 0
144 26 0
126 35 0
3 16 0
115 5 0
96 5 0
194 132 0
124 1 0
143 28 0
157 19 0
140 31 0
140 30 0
154 14 0
14 15 0
201 123 0
132 4 0
3 10 0
194 9 0
113 205 0
14 1 0
167 1 0
142 28 0
73 202 0
118 21 0
162 16 0
28 9 0
152 13 0
17 3 0
175 3 0
198 65 0
1 61 0
166 3 0
186 8 0
160 4 0
150 15 0
156 17 0
68 4 0
203 5 0
201 175 0
113 26 0
113 15 0
145 15 0
128 43 0
199 166 0
9 47 0
130 4 0
73 205 0
170 7 0
205 21 0
206 168 0
68 3 0
155 14 0
204 82 0
7 126 0
1 131 0
3 3 0
195 127 0
204 120 0
87 8 0
204 83 0
68 205 0
204 28 0
70 1 0
91 3 0
91 22 0
58 205 0
60 2 0
158 2 0
108 3 0
205 30 0
101 23 0
205 169 0
108 4 0
110 5 0
121 18 0
204 117 0
100 6 0
199 18 0
1 34 0
108 8 0
128 2 0
202 18 0
195 202 0
117 22 0
1 163 0
169 4 0
116 22 0
98 25 0
196 4 0
104 16 0
106 6 0
58 204 0
80 6 0
100 28 0
114 19 0
106 5 0
2 89 0
117 19 0
167 12 0
205 140 0
115 15 0
103 9 0
12 57 0
90 6 0
104 7 0
197 4 0
33 2 0
180 2 0
205 76 0
203 121 0
201 76 0
15 11 0
200 119 0
203 179 0
104 2 0
12 5 0
203 14 0
145 26 0
104 1 0
2 81 0
139 36 0
205 70 0
139 30 0
96 23 0
118 27 0
8 19 0
6 13 0
5 133 0
6 62 0
130 39 0
142 27 0
6 119 0
138 29 0
99 10 0
153 13 0
11 23 0
12 125 0
166 12 0
7 56 0
185 0 0
112 18 0
151 16 0
151 15 0
131 202 0
113 13 0
107 206 0
202 76 0
205 84 0
165 8 0
167 4 0
186 202 0
187 202 0
55 201 0
106 8 0
194 4 0
94 11 0
198 166 0
7 125 0
75 6 0
6 6 0
7 69 0
199 8 0
183 206 0
119 5 0
197 129 0
139 13 0
187 11 0
203 4 0
142 22 0
132 203 0
138 33 0
6 19 0
26 5 0
188 4 0
194 203 0
203 177 0
202 13 0
1 33 0
4 54 0
4 9 0
202 167 0
206 65 0
102 22 0
2 169 0
199 20 0
111 6 0
92 4 0
202 104 0
194 21 0
108 22 0
4 30 0
115 22 0
167 10 0
1 21 0
184 6 0
74 0 0
200 169 0
1 55 0
114 20 0
117 9 0
199 65 0
116 9 0
168 1 0
87 14 0
2 84 0
113 8 0
191 127 0
5 28 0
104 8 0
103 3 0
26 3 0
120 29 0
203 116 0
139 32 0
205 177 0
73 0 0
205 133 0
163 6 0
193 63 0
193 64 0
153 17 0
6 3 0
126 30 0
2 176 0
7 134 0
150 18 0
153 14 0
113 16 0
147 20 0
152 15 0
162 17 0
187 203 0
103 12 0
134 2 0
6 68 0
194 18 0
101 206 0
126 26 0
139 17 0
185 205 0
184 8 0
163 13 0
159 11 0
6 130 0
205 115 0
57 203 0
69 203 0
141 31 0
92 13 0
107 8 0
203 105 0
203 120 0
133 204 0
89 10 0
3 28 0
11 14 0
89 0 0
194 202 0
195 20 0
205 75 0
122 12 0
206 6 0
114 25 0
115 24 0
127 6 0
199 83 0
109 7 0
62 8 0
204 102 0
113 4 0
201 60 0
139 28 0
202 69 0
7 9 0
5 134 0
196 128 0
91 11 0
110 7 0
130 33 0
116 21 0
117 21 0
195 125 0
4 13 0
110 11 0
10 131 0
107 23 0
111 7 0
77 9 0
142 9 0
130 16 0
112 7 0
5 45 0
63 2 0
133 205 0
1 86 0
92 6 0
78 205 0
115 11 0
7 82 0
109 5 0
12 55 0
114 3 0
131 12 0
100 24 0
61 3 0
113 9 0
108 10 0
99 8 0
107 10 0
141 32 0
117 26 0
185 204 0
137 32 0
105 18 0
144 28 0
96 4 0
138 32 0
26 9 0
133 3 0
172 3 0
171 2 0
198 126 0
149 19 0
5 119 0
202 127 0
4 18 0
149 26 0
110 20 0
10 65 0
146 21 0
199 205 0
4 16 0
199 75 0
1 178 0
25 202 0
145 21 0
4 58 0
3 153 0
205 121 0
154 13 0
153 12 0
205 53 0
205 67 0
166 14 0
156 8 0
8 4 0
196 21 0
202 64 0
73 12 0
3 124 0
93 14 0
86 8 0
138 31 0
72 1 0
3 161 0
194 15 0
173 7 0
205 166 0
114 7 0
205 173 0
56 202 0
26 4 0
73 4 0
76 6 0
76 5 0
124 2 0
2 134 0
11 1 0
3 185 0
81 3 0
115 25 0
6 20 0
31 3 0
110 10 0
113 24 0
108 7 0
198 22 0
108 6 0
205 52 0
109 6 0
57 6 0
126 8 0
112 11 0
109 11 0
112 10 0
112 9 0
1 57 0
5 16 0
177 3 0
109 25 0
104 19 0
4 159 0
118 10 0
117 10 0
202 158 0
9 66 0
107 11 0
140 29 0
107 12 0
140 33 0
109 19 0
204 115 0
204 158 0
198 12 0
99 11 0
149 17 0
12 1 0
137 31 0
6 134 0
204 66 0
196 63 0
10 7 0
136 31 0
148 18 0
69 7 0
130 40 0
151 203 0
158 15 0
14 2 0
204 180 0
204 181 0
6 69 0
126 39 0
178 2 0
131 5 0
202 163 0
201 63 0
173 203 0
70 6 0
204 177 0
11 2 0
140 28 0
75 12 0
141 33 0
106 9 0
205 28 0
130 204 0
204 166 0
117 8 0
172 8 0
53 205 0
72 4 0
114 30 0
203 115 0
23 204 0
204 106 0
15 9 0
4 132 0
112 14 0
111 9 0
4 22 0
200 9 0
56 2 0
111 13 0
95 2 0
198 165 0
26 203 0
146 4 0
107 6 0
196 8 0
1 130 0
118 14 0
142 23 0
87 1 0
112 6 0
149 20 0
117 11 0
150 14 0
1 84 0
113 6 0
116 12 0
1 32 0
205 101 0
28 2 0
115 18 0
106 11 0
166 5 0
202 118 0
2 60 0
105 9 0
120 30 0
205 167 0
150 17 0
146 23 0
144 23 0
2 8 0
4 2 0
92 2 0
132 31 0
3 57 0
3 15 0
6 7 0
133 30 0
129 39 0
93 3 0
43 1 0
204 136 0
203 65 0
200 173 0
194 13 0
129 34 0
73 5 0
123 40 0
194 64 0
114 15 0
2 184 0
150 8 0
120 23 0
111 14 0
113 14 0
160 11 0
6 11 0
112 13 0
205 132 0
165 10 0
189 200 0
199 15 0
197 201 0
59 205 0
125 8 0
193 205 0
116 14 0
142 24 0
201 132 0
107 18 0
157 16 0
96 1 0
109 23 0
182 5 0
205 71 0
203 103 0
132 0 0
183 1 0
104 11 0
170 10 0
13 59 0
125 7 0
204 77 0
61 7 0
205 59 0
118 3 0
79 2 0
173 3 0
5 18 0
140 4 0
137 34 0
3 18 0
25 4 0
5 86 0
136 34 0
139 33 0
205 6 0
149 27 0
147 23 0
6 124 0
206 37 0
147 21 0
146 24 0
153 22 0
169 2 0
115 7 0
7 3 0
2 58 0
125 41 0
128 40 0
94 24 0
7 6 0
164 14 0
167 203 0
8 13 0
131 203 0
8 126 0
5 170 0
159 5 0
202 125 0
115 21 0
203 104 0
3 162 0
204 81 0
116 29 0
165 13 0
127 1 0
23 205 0
5 187 0
140 32 0
110 13 0
105 16 0
137 2 0
93 2 0
196 200 0
2 29 0
69 5 0
70 2 0
122 4 0
136 35 0
86 2 0
197 133 0
204 159 0
135 12 0
133 35 0
197 18 0
181 4 0
105 17 0
103 11 0
205 188 0
194 130 0
73 200 0
151 10 0
105 12 0
133 33 0
30 1 0
134 32 0
199 59 0
154 17 0
135 32 0
134 33 0
194 126 0
197 123 0
5 126 0
147 28 0
160 15 0
136 15 0
117 13 0
195 15 0
5 60 0
205 74 0
157 20 0
152 23 0
171 1 0
4 66 0
12 129 0
155 3 0
196 124 0
15 2 0
130 1 0
141 30 0
15 5 0
111 17 0
72 204 0
131 44 0
203 82 0
10 14 0
150 29 0
131 41 0
10 2 0
7 129 0
204 103 0
13 18 0
196 126 0
4 173 0
200 123 0
121 34 0
205 80 0
4 27 0
109 13 0
103 16 0
201 122 0
172 2 0
114 14 0
195 3 0
201 16 0
103 14 0
203 204 0
77 204 0
200 69 0
117 14 0
165 15 0
131 34 0
93 8 0
105 13 0
1 82 0
119 33 0
204 187 0
29 1 0
132 33 0
147 25 0
122 34 0
2 71 0
17 4 0
149 24 0
194 11 0
146 25 0
2 46 0
197 165 0
194 61 0
2 85 0
205 82 0
199 125 0
170 4 0
8 2 0
129 205 0
189 3 0
6 82 0
170 202 0
2 61 0
205 128 0
198 58 0
122 28 0
94 1 0
132 44 0
170 200 0
195 62 0
199 165 0
199 82 0
1 30 0
174 6 0
1 170 0
203 168 0
200 204 0
26 204 0
103 17 0
24 2 0
101 15 0
102 15 0
110 12 0
121 31 0
102 14 0
6 65 0
203 205 0
98 17 0
105 14 0
66 1 0
109 24 0
24 204 0
188 8 0
129 23 0
131 32 0
99 17 0
170 13 0
135 1 0
201 81 0
169 1 0
4 79 0
31 204 0
197 84 0
188 12 0
199 119 0
3 14 0
7 167 0
153 23 0
123 3 0
166 4 0
3 11 0
189 9 0
198 172 0
202 9 0
103 7 0
168 4 0
199 55 0
204 62 0
138 10 0
204 164 0
140 37 0
167 17 0
2 55 0
167 16 0
7 61 0
205 91 0
168 13 0
125 4 0
4 3 0
201 172 0
199 66 0
196 11 0
187 5 0
9 127 0
196 123 0
81 1 0
198 82 0
205 158 0
188 5 0
112 5 0
180 205 0
3 88 0
69 1 0
192 203 0
201 205 0
130 38 0
129 33 0
176 1 0
100 23 0
183 205 0
65 9 0
145 29 0
149 21 0
2 17 0
176 8 0
123 5 0
200 60 0
156 16 0
141 11 0
2 130 0
114 22 0
151 26 0
148 26 0
201 127 0
119 20 0
95 4 0
19 2 0
134 28 0
2 14 0
5 13 0
160 12 0
2 12 0
2 11 0
109 10 0
1 11 0
1 70 0
199 163 0
1 54 0
1 60 0
168 17 0
72 199 0
2 2 0
202 175 0
199 130 0
6 171 0
104 18 0
197 81 0
189 13 0
87 6 0
185 9 0
3 167 0
64 4 0
1 168 0
200 205 0
126 19 0
151 20 0
131 40 0
127 34 0
109 12 0
54 1 0
148 2 0
114 9 0
11 124 0
150 21 0
2 83 0
2 15 0
4 83 0
1 13 0
153 19 0
169 0 0
202 4 0
201 118 0
159 17 0
11 18 0
201 70 0
195 17 0
203 2 0
2 163 0
8 3 0
198 167 0
73 203 0
3 155 0
204 19 0
11 17 0
59 1 0
127 35 0
151 22 0
191 202 0
200 200 0
0 145 0
204 157 0
151 21 0
153 9 0
151 30 0
138 30 0
64 9 0
204 132 0
114 8 0
95 16 0
3 137 0
172 16 0
132 35 0
1 128 0
134 35 0
8 26 0
171 14 0
150 26 0
147 26 0
17 6 0
199 124 0
18 3 0
202 121 0
82 10 0
6 63 0
1 12 0
15 4 0
1 49 0
202 71 0
14 5 0
1 45 0
131 39 0
98 26 0
202 22 0
199 1 0
114 23 0
189 7 0
203 18 0
74 14 0
5 50 0
198 20 0
85 7 0
197 130 0
1 136 0
63 5 0
95 5 0
85 3 0
198 202 0
126 34 0
171 10 0
205 127 0
129 36 0
1 67 0
150 31 0
5 26 0
70 7 0
135 36 0
149 29 0
79 7 0
18 1 0
8 25 0
190 11 0
4 135 0
145 28 0
25 3 0
1 119 0
150 25 0
102 13 0
19 4 0
205 77 0
148 27 0
120 14 0
147 14 0
200 120 0
17 5 0
16 5 0
171 201 0
199 133 0
17 1 0
205 161 0
152 10 0
6 25 0
134 203 0
196 17 0
8 8 0
10 8 0
14 6 0
72 202 0
191 125 0
199 21 0
11 10 0
123 33 0
203 156 0
205 102 0
142 3 0
73 13 0
199 22 0
115 33 0
6 123 0
111 5 0
169 19 0
132 204 0
205 79 0
4 168 0
78 4 0
69 8 0
4 42 0
160 0 0
129 37 0
55 1 0
203 176 0
160 13 0
21 8 0
6 166 0
68 2 0
132 36 0
96 27 0
21 7 0
20 2 0
143 29 0
24 3 0
152 205 0
17 7 0
198 63 0
1 79 0
110 19 0
168 5 0
1 87 0
7 12 0
18 7 0
6 120 0
20 3 0
5 64 0
204 73 0
201 128 0
10 9 0
7 8 0
201 61 0
204 71 0
6 131 0
198 164 0
89 11 0
174 11 0
188 11 0
186 5 0
181 204 0
136 37 0
131 37 0
203 72 0
12 15 0
98 24 0
74 10 0
21 3 0
132 34 0
163 14 0
98 16 0
201 25 0
21 4 0
20 7 0
148 28 0
149 28 0
27 5 0
13 9 0
98 10 0
101 18 0
13 10 0
12 10 0
87 3 0
1 89 0
7 27 0
16 6 0
10 3 0
13 8 0
9 2 0
194 63 0
205 106 0
86 13 0
202 11 0
14 7 0
3 71 0
198 21 0
200 61 0
8 12 0
8 11 0
200 62 0
4 57 0
199 200 0
1 142 0
14 13 0
196 127 0
11 4 0
205 73 0
197 55 0
1 156 0
202 161 0
88 10 0
200 84 0
75 7 0
64 5 0
134 39 0
4 63 0
108 13 0
204 127 0
31 5 0
3 31 0
134 37 0
72 11 0
0 158 0
22 4 0
132 37 0
4 46 0
19 7 0
201 174 0
14 11 0
170 14 0
188 205 0
202 86 0
23 3 0
10 12 0
68 6 0
89 7 0
12 8 0
198 59 0
161 2 0
90 9 0
4 59 0
204 119 0
8 122 0
172 202 0
152 0 0
200 54 0
11 11 0
10 11 0
196 205 0
3 60 0
6 5 0
174 5 0
170 18 0
195 128 0
189 10 0
169 6 0
133 38 0
4 131 0
5 20 0
198 6 0
62 5 0
5 44 0
81 4 0
4 82 0
106 16 0
204 131 0
173 10 0
15 10 0
203 169 0
5 83 0
7 165 0
92 3 0
137 24 0
200 59 0
97 28 0
163 10 0
96 7 0
198 57 0
197 173 0
136 39 0
2 170 0
188 206 0
205 204 0
25 203 0
107 19 0
9 3 0
152 2 0
158 13 0
195 16 0
201 173 0
5 122 0
83 5 0
193 9 0
193 126 0
204 188 0
160 17 0
201 124 0
197 82 0
14 56 0
156 2 0
1 1 0
182 203 0
135 38 0
5 21 0
102 12 0
200 165 0
7 54 0
99 3 0
64 1 0
22 5 0
123 16 0
19 8 0
5 17 0
8 46 0
89 1 0
5 124 0
98 15 0
4 129 0
180 3 0
205 18 0
6 16 0
84 1 0
24 4 0
130 42 0
112 1 0
7 18 0
74 15 0
7 15 0
1 171 0
92 1 0
21 1 0
9 14 0
12 12 0
128 20 0
193 200 0
143 32 0
7 13 0
106 17 0
132 205 0
193 12 0
201 3 0
194 3 0
205 179 0
10 17 0
76 13 0
76 12 0
199 61 0
206 57 0
9 126 0
204 29 0
87 9 0
12 4 0
5 172 0
116 13 0
190 2 0
195 10 0
101 8 0
102 11 0
2 161 0
108 14 0
200 133 0
77 10 0
17 11 0
97 26 0
192 1 0
60 3 0
17 10 0
6 14 0
201 166 0
198 125 0
6 15 0
195 1 0
197 1 0
12 54 0
198 1 0
13 14 0
92 25 0
12 14 0
8 121 0
13 128 0
4 4 0
144 10 0
77 11 0
193 204 0
202 174 0
200 7 0
5 171 0
201 167 0
5 132 0
115 34 0
148 30 0
12 3 0
17 55 0
71 8 0
9 18 0
202 25 0
0 188 0
192 5 0
196 58 0
17 12 0
108 24 0
9 17 0
129 3 0
9 16 0
200 166 0
196 2 0
196 1 0
200 132 0
67 204 0
137 36 0
142 30 0
197 2 0
200 1 0
199 2 0
10 123 0
204 6 0
96 15 0
205 7 0
4 12 0
169 201 0
195 66 0
66 7 0
4 69 0
203 62 0
193 65 0
20 1 0
98 5 0
196 64 0
203 175 0
1 62 0
198 131 0
69 4 0
146 27 0
1 122 0
204 105 0
162 13 0
182 204 0
161 0 0
9 20 0
200 56 0
105 19 0
108 15 0
115 31 0
127 25 0
13 21 0
204 49 0
5 43 0
8 18 0
71 9 0
204 176 0
193 3 0
99 16 0
158 19 0
8 16 0
1 169 0
147 13 0
10 15 0
203 66 0
105 8 0
204 13 0
106 23 0
110 21 0
117 29 0
197 3 0
197 5 0
204 9 0
200 3 0
204 8 0
198 55 0
194 65 0
142 1 0
202 173 0
10 127 0
201 64 0
194 125 0
100 11 0
55 203 0
127 37 0
133 42 0
204 84 0
199 84 0
77 205 0
106 18 0
113 29 0
65 4 0
169 13 0
173 204 0
90 10 0
198 76 0
2 175 0
169 12 0
10 16 0
187 200 0
121 26 0
204 16 0
3 136 0
168 3 0
202 14 0
204 15 0
202 10 0
1 132 0
203 12 0
7 83 0
205 11 0
202 8 0
197 119 0
84 6 0
205 8 0
194 66 0
203 8 0
74 6 0
135 8 0
16 55 0
205 4 0
149 23 0
16 56 0
198 54 0
166 204 0
61 9 0
6 59 0
141 20 0
170 201 0
203 126 0
191 1 0
183 4 0
202 59 0
95 26 0
4 71 0
201 12 0
205 15 0
196 84 0
201 10 0
205 130 0
204 10 0
16 8 0
201 9 0
5 53 0
90 2 0
122 32 0
203 11 0
153 20 0
163 3 0
196 132 0
17 58 0
204 3 0
107 22 0
200 63 0
200 23 0
6 164 0
8 129 0
148 24 0
5 25 0
4 172 0
7 130 0
5 160 0
204 133 0
169 10 0
190 201 0
97 29 0
202 12 0
5 58 0
183 5 0
92 18 0
200 11 0
123 205 0
200 12 0
133 9 0
178 6 0
24 8 0
11 15 0
94 5 0
27 205 0
201 7 0
2 43 0
200 8 0
3 43 0
201 2 0
4 43 0
164 9 0
202 26 0
4 45 0
9 122 0
4 48 0
9 165 0
7 57 0
2 54 0
127 33 0
145 14 0
203 28 0
71 11 0
199 62 0
193 17 0
6 165 0
7 124 0
203 86 0
120 35 0
3 85 0
2 86 0
54 204 0
70 9 0
189 12 0
97 24 0
205 117 0
175 6 0
147 9 0
184 3 0
93 26 0
5 5 0
202 82 0
148 11 0
55 205 0
190 8 0
97 25 0
164 8 0
1 43 0
133 34 0
103 19 0
175 2 0
197 127 0
198 83 0
201 4 0
122 3 0
3 128 0
199 9 0
201 6 0
7 45 0
8 45 0
205 87 0
6 45 0
71 5 0
200 163 0
166 7 0
5 47 0
203 60 0
202 21 0
3 46 0
76 204 0
196 59 0
54 203 0
29 3 0
95 1 0
199 5 0
157 11 0
80 9 0
199 4 0
94 25 0
118 33 0
135 204 0
200 6 0
3 134 0
199 121 0
124 33 0
5 42 0
202 61 0
201 59 0
2 62 0
190 13 0
72 200 0
202 65 0
2 28 0
169 17 0
195 124 0
8 17 0
195 58 0
205 154 0
97 8 0
204 5 0
201 78 0
173 11 0
1 50 0
145 7 0
132 5 0
96 9 0
16 58 0
200 5 0
141 16 0
203 135 0
119 32 0
8 44 0
8 66 0
199 160 0
139 14 0
8 65 0
196 120 0
3 78 0
8 63 0
201 159 0
4 26 0
73 201 0
125 15 0
203 160 0
190 3 0
3 82 0
4 171 0
204 152 0
205 68 0
201 79 0
205 103 0
88 8 0
173 8 0
98 28 0
191 205 0
99 28 0
200 21 0
197 6 0
90 3 0
95 21 0
1 191 0
200 75 0
1 53 0
200 77 0
9 63 0
3 170 0
58 1 0
9 64 0
198 61 0
5 65 0
128 37 0
4 80 0
111 29 0
8 125 0
8 133 0
200 162 0
190 12 0
191 12 0
192 12 0
192 11 0
76 205 0
24 9 0
132 15 0
100 27 0
193 203 0
89 5 0
92 23 0
89 4 0
198 14 0
159 18 0
22 1 0
15 8 0
100 26 0
89 3 0
79 3 0
195 79 0
89 2 0
143 13 0
2 132 0
93 6 0
18 0 0
204 162 0
125 30 0
10 63 0
26 205 0
193 129 0
6 66 0
143 8 0
5 66 0
1 9 0
7 63 0
7 62 0
202 58 0
126 205 0
191 11 0
130 205 0
2 64 0
165 11 0
3 27 0
194 127 0
3 123 0
93 15 0
198 77 0
203 49 0
92 21 0
7 10 0
95 0 0
2 88 0
203 172 0
201 48 0
205 49 0
126 41 0
176 5 0
201 177 0
77 5 0
169 14 0
201 58 0
4 163 0
201 57 0
153 24 0
197 166 0
205 159 0
7 162 0
30 0 0
95 206 0
93 206 0
0 64 0
21 206 0
32 0 0
206 143 0
0 52 0
26 206 0
0 50 0
25 0 0
206 49 0
23 206 0
9 0 0
206 9 0
0 8 0
173 206 0
0 130 0
206 128 0
206 61 0
178 206 0
22 0 0
23 0 0
175 206 0
195 206 0
17 0 0
206 51 0
0 181 0
194 206 0
8 0 0
206 8 0
5 0 0
0 201 0
206 201 0
0 54 0
205 206 0
5 206 0
0 183 0
206 17 0
206 52 0
1 206 0
21 0 0
19 0 0
0 180 0
206 179 0
206 121 0
120 206 0
0 20 0
0 2 0
206 178 0
119 206 0
0 37 0
4 0 0
206 125 0
206 177 0
78 206 0
0 175 0
0 4 0
124 206 0
206 176 0
206 155 0
0 5 0
49 206 0
0 177 0
206 175 0
206 174 0
0 159 0
15 0 0
71 206 0
51 206 0
0 160 0
0 156 0
0 3 0
81 206 0
206 55 0
16 0 0
82 206 0
206 182 0
0 155 0
0 184 0
0 15 0
206 154 0
206 133 0
0 134 0
206 130 0
206 131 0
0 12 0
0 131 0
206 153 0
0 135 0
0 133 0
206 150 0
13 0 0
0 19 0
37 206 0
0 13 0
206 162 0
206 171 0
0 173 0
0 169 0
0 170 0
206 54 0
206 12 0
62 206 0
206 193 0
206 159 0
0 172 0
206 169 0
206 166 0
0 123 0
0 10 0
60 206 0
199 206 0
206 192 0
206 158 0
0 163 0
0 171 0
0 164 0
206 165 0
108 206 0
10 0 0
0 11 0
11 0 0
123 206 0
77 206 0
0 90 0
206 122 0
55 0 0
110 0 0
206 98 0
86 0 0
206 137 0
100 206 0
0 126 0
126 0 0
42 206 0
162 0 0
202 0 0
134 0 0
55 206 0
28 0 0
2 0 0
206 20 0
206 188 0
40 206 0
176 206 0
88 0 0
187 0 0
58 206 0
126 206 0
121 206 0
0 9 0
137 0 0
206 94 0
52 206 0
134 206 0
206 144 0
0 137 0
0 165 0
0 97 0
0 179 0
111 0 0
122 206 0
8 206 0
206 205 0
0 7 0
206 24 0
0 199 0
0 195 0
0 111 0
191 206 0
123 0 0
189 206 0
177 206 0
114 0 0
136 0 0
0 176 0
206 53 0
38 0 0
72 0 0
11 206 0
122 0 0
206 123 0
147 206 0
0 85 0
115 206 0
193 0 0
0 112 0
206 152 0
180 206 0
206 149 0
143 0 0
206 76 0
206 27 0
176 0 0
157 206 0
53 206 0
85 206 0
0 63 0
66 206 0
140 0 0
84 206 0
158 206 0
0 99 0
166 206 0
0 203 0
80 0 0
83 206 0
206 100 0
168 0 0
96 0 0
206 181 0
206 197 0
141 0 0
206 16 0
198 0 0
90 0 0
43 206 0
34 206 0
157 0 0
206 105 0
106 206 0
206 73 0
0 33 0
206 109 0
0 17 0
88 206 0
74 206 0
206 28 0
133 0 0
173 0 0
112 206 0
59 0 0
206 23 0
98 0 0
192 0 0
32 206 0
50 206 0
0 191 0
0 48 0
135 0 0
73 206 0
206 173 0
192 206 0
68 206 0
206 10 0
0 26 0
0 149 0
206 35 0
206 139 0
0 198 0
16 206 0
44 206 0
196 0 0
109 206 0
0 119 0
0 46 0
0 204 0
94 206 0
86 206 0
206 198 0
206 89 0
206 26 0
0 60 0
91 206 0
138 206 0
76 206 0
200 206 0
206 115 0
206 108 0
206 138 0
206 22 0
87 206 0
206 180 0
45 206 0
35 0 0
206 66 0
161 206 0
130 206 0
81 0 0
206 102 0
109 0 0
0 193 0
0 94 0
206 186 0
0 205 0
67 206 0
170 0 0
0 150 0
99 206 0
87 0 0
0 43 0
0 51 0
71 0 0
2 206 0
150 206 0
0 101 0
18 206 0
50 0 0
6 206 0
128 0 0
151 206 0
139 206 0
114 206 0
35 206 0
206 67 0
206 87 0
0 100 0
193 206 0
67 0 0
0 174 0
46 206 0
108 0 0
105 0 0
0 61 0
3 206 0
97 0 0
113 0 0
29 0 0
164 0 0
141 206 0
0 67 0
10 206 0
142 0 0
201 0 0
206 25 0
206 21 0
0 69 0
116 206 0
206 204 0
110 206 0
206 112 0
206 77 0
206 195 0
57 206 0
0 32 0
12 0 0
145 0 0
148 0 0
94 0 0
163 206 0
4 206 0
14 206 0
162 206 0
103 0 0
0 89 0
191 0 0
0 138 0
0 79 0
155 206 0
24 0 0
68 0 0
12 206 0
33 206 0
203 206 0
206 40 0
63 206 0
75 206 0
69 206 0
53 0 0
0 93 0
14 0 0
0 1 0
39 206 0
156 206 0
156 0 0
0 200 0
54 206 0
140 206 0
102 0 0
80 206 0
92 0 0
38 206 0
182 206 0
142 206 0
0 124 0
171 0 0
153 0 0
0 153 0
200 0 0
0 59 0
124 0 0
206 83 0
29 206 0
92 206 0
179 206 0
47 206 0
61 0 0
206 184 0
197 0 0
0 151 0
199 0 0
150 0 0
112 0 0
0 84 0
0 30 0
183 0 0
206 1 0
182 0 0
0 157 0
78 0 0
119 0 0
66 0 0
0 75 0
206 45 0
20 0 0
41 206 0
117 0 0
0 106 0
22 206 0
63 0 0
206 29 0
98 206 0
178 0 0
180 0 0
115 0 0
181 206 0
206 32 0
206 157 0
0 103 0
144 206 0
117 206 0
0 202 0
0 139 0
127 206 0
175 0 0
206 107 0
159 206 0
116 0 0
148 206 0
206 2 0
179 0 0
105 206 0
1 0 0
206 170 0
206 117 0
206 147 0
96 206 0
0 39 0
206 132 0
100 0 0
206 95 0
84 0 0
0 29 0
70 206 0
36 206 0
206 79 0
186 0 0
0 192 0
206 59 0
54 0 0
118 0 0
174 0 0
0 66 0
57 0 0
206 134 0
0 28 0
3 0 0
0 144 0
206 7 0
83 0 0
206 202 0
36 0 0
206 13 0
204 0 0
56 0 0
69 0 0
206 200 0
129 0 0
0 49 0
165 206 0
30 206 0
0 141 0
143 206 0
0 31 0
28 206 0
206 41 0
137 206 0
206 33 0
0 108 0
190 206 0
58 0 0
52 0 0
0 6 0
51 0 0
206 31 0
206 30 0
0 122 0
79 0 0
206 11 0
164 206 0
59 206 0
0 44 0
13 206 0
61 206 0
0 76 0
0 34 0
48 0 0
49 0 0
64 0 0
34 0 0
128 206 0
75 0 0
70 0 0
206 120 0
62 0 0
47 0 0
118 206 0
0 121 0
0 152 0
206 3 0
0 36 0
132 206 0
39 0 0
40 0 0
45 0 0
206 19 0
206 5 0
136 206 0
206 4 0
206 199 0
0 140 0
82 0 0
167 206 0
171 206 0
0 96 0
206 93 0
65 0 0
0 95 0
206 42 0
0 41 0
0 82 0
0 98 0
0 185 0
206 203 0
0 115 0
0 35 0
0 27 0
0 21 0
41 0 0
206 75 0
206 80 0
204 206 0
206 97 0
206 190 0
64 206 0
0 88 0
201 206 0
206 74 0
0 92 0
206 91 0
0 77 0
206 36 0
0 102 0
0 87 0
0 25 0
206 88 0
206 86 0
206 68 0
153 206 0
0 68 0
196 206 0
0 40 0
206 127 0
0 197 0
206 39 0
206 47 0
0 91 0
206 196 0
0 42 0
0 196 0
206 44 0
0 80 0
0 182 0
206 38 0
0 86 0
206 85 0
90 206 0
206 72 0
206 71 0
0 70 0
206 43 0
206 119 0
0 105 0
9 206 0
0 73 0
206 156 0
0 104 0
0 58 0
206 101 0
0 81 0
206 34 0
17 206 0
206 103 0
0 118 0
206 116 0
206 106 0
0 194 0
0 146 0
0 120 0
33 0 0
77 0 0
97 206 0
206 187 0
0 72 0
206 70 0
206 69 0
37 0 0
206 118 0
0 117 0
0 116 0
163 0 0
27 0 0
133 206 0
0 71 0
0 114 0
206 114 0
160 206 0
198 206 0
0 129 0
206 142 0
206 60 0
206 110 0
0 110 0
19 206 0
206 78 0
0 62 0
31 0 0
0 109 0
0 107 0
0 143 0
7 206 0
206 56 0
0 47 0
206 191 0
206 46 0
101 0 0
0 186 0
0 57 0
0 190 0
206 145 0
0 147 0
184 206 0
146 206 0
206 185 0
189 0 0
172 206 0
206 111 0
206 136 0
0 38 0
185 206 0
187 206 0
0 65 0
206 135 0
0 136 0
186 206 0
0 14 0
206 124 0
206 141 0
206 140 0
low, high, current -1 -1 8
Confirming Router Algorithm: TIMING_DRIVEN.
T_crit: 9.68346e-08.
T_crit: 9.61299e-08.
T_crit: 9.60253e-08.
T_crit: 9.60253e-08.
T_crit: 9.61287e-08.
T_crit: 9.62345e-08.
T_crit: 9.63391e-08.
T_crit: 9.62357e-08.
T_crit: 9.63499e-08.
T_crit: 9.64532e-08.
T_crit: 9.64532e-08.
T_crit: 9.64532e-08.
T_crit: 9.63486e-08.
T_crit: 9.64533e-08.
T_crit: 9.64533e-08.
T_crit: 9.65567e-08.
T_crit: 9.65567e-08.
T_crit: 9.65567e-08.
T_crit: 9.666e-08.
T_crit: 9.666e-08.
T_crit: 9.71833e-08.
T_crit: 9.71833e-08.
T_crit: 9.72867e-08.
T_crit: 9.77065e-08.
T_crit: 9.77839e-08.
T_crit: 9.72746e-08.
T_crit: 9.78765e-08.
T_crit: 9.81697e-08.
T_crit: 9.88997e-08.
T_crit: 9.9102e-08.
T_crit: 9.91176e-08.
T_crit: 9.9506e-08.
T_crit: 9.941e-08.
T_crit: 9.93162e-08.
T_crit: 9.93505e-08.
T_crit: 1.00272e-07.
T_crit: 1.00158e-07.
T_crit: 1.00365e-07.
T_crit: 1.00677e-07.
T_crit: 9.96396e-08.
T_crit: 9.96409e-08.
T_crit: 9.99069e-08.
T_crit: 9.99069e-08.
T_crit: 9.92955e-08.
T_crit: 9.94972e-08.
T_crit: 9.95841e-08.
T_crit: 9.93017e-08.
T_crit: 9.92739e-08.
T_crit: 1.03689e-07.
T_crit: 1.03173e-07.
Routing failed.
low, high, current 8 -1 16
Confirming Router Algorithm: TIMING_DRIVEN.
T_crit: 9.68346e-08.
T_crit: 9.60253e-08.
T_crit: 9.59218e-08.
T_crit: 9.60253e-08.
T_crit: 9.60253e-08.
T_crit: 9.60253e-08.
T_crit: 9.60253e-08.
T_crit: 9.61299e-08.
T_crit: 9.61299e-08.
T_crit: 9.60253e-08.
T_crit: 9.60265e-08.
T_crit: 9.60265e-08.
T_crit: 9.61311e-08.
T_crit: 9.63499e-08.
T_crit: 9.6445e-08.
T_crit: 9.62357e-08.
T_crit: 9.61311e-08.
T_crit: 9.61311e-08.
T_crit: 9.61406e-08.
T_crit: 9.63499e-08.
T_crit: 9.64507e-08.
T_crit: 9.70513e-08.
T_crit: 9.71464e-08.
T_crit: 9.69392e-08.
T_crit: 9.65471e-08.
T_crit: 9.62452e-08.
T_crit: 9.64425e-08.
T_crit: 9.78665e-08.
T_crit: 9.77714e-08.
T_crit: 9.81887e-08.
T_crit: 9.87181e-08.
T_crit: 9.95498e-08.
T_crit: 9.99494e-08.
T_crit: 1.00286e-07.
T_crit: 9.90151e-08.
T_crit: 9.89204e-08.
T_crit: 1.01438e-07.
T_crit: 1.01208e-07.
T_crit: 1.0101e-07.
T_crit: 1.0204e-07.
T_crit: 1.01318e-07.
T_crit: 1.02769e-07.
T_crit: 1.02971e-07.
T_crit: 1.0267e-07.
T_crit: 1.02572e-07.
T_crit: 1.01743e-07.
T_crit: 1.02241e-07.
T_crit: 1.02359e-07.
T_crit: 1.01631e-07.
T_crit: 1.0164e-07.
Routing failed.
low, high, current 16 -1 32
Confirming Router Algorithm: TIMING_DRIVEN.
T_crit: 9.68409e-08.
T_crit: 9.60253e-08.
T_crit: 9.60253e-08.
T_crit: 9.60253e-08.
T_crit: 9.60253e-08.
T_crit: 9.60253e-08.
T_crit: 9.60253e-08.
T_crit: 9.60253e-08.
T_crit: 9.60253e-08.
T_crit: 9.60253e-08.
T_crit: 9.60253e-08.
T_crit: 9.61299e-08.
T_crit: 9.60253e-08.
T_crit: 9.60253e-08.
T_crit: 9.60253e-08.
T_crit: 9.60253e-08.
T_crit: 9.60253e-08.
T_crit: 9.60253e-08.
T_crit: 9.60253e-08.
T_crit: 9.60253e-08.
T_crit: 9.61394e-08.
T_crit: 9.60265e-08.
T_crit: 9.6244e-08.
T_crit: 9.63083e-08.
T_crit: 9.63083e-08.
T_crit: 9.63083e-08.
T_crit: 9.70395e-08.
T_crit: 9.83054e-08.
T_crit: 9.79927e-08.
T_crit: 9.84063e-08.
T_crit: 9.85097e-08.
T_crit: 9.81957e-08.
T_crit: 9.86306e-08.
T_crit: 9.91198e-08.
T_crit: 9.90247e-08.
T_crit: 9.88236e-08.
T_crit: 9.88261e-08.
T_crit: 9.93373e-08.
T_crit: 9.92339e-08.
T_crit: 9.89308e-08.
T_crit: 9.89308e-08.
T_crit: 9.89308e-08.
T_crit: 9.89308e-08.
T_crit: 9.95774e-08.
T_crit: 9.97642e-08.
T_crit: 1.00185e-07.
T_crit: 1.00185e-07.
T_crit: 1.00494e-07.
T_crit: 1.00702e-07.
T_crit: 1.00077e-07.
Routing failed.
low, high, current 32 -1 64
Confirming Router Algorithm: TIMING_DRIVEN.
T_crit: 9.68346e-08.
T_crit: 9.60253e-08.
T_crit: 9.60253e-08.
T_crit: 9.60253e-08.
T_crit: 9.60253e-08.
T_crit: 9.60253e-08.
T_crit: 9.60253e-08.
T_crit: 9.60253e-08.
T_crit: 9.60253e-08.
T_crit: 9.60253e-08.
T_crit: 9.60253e-08.
T_crit: 9.60253e-08.
T_crit: 9.60253e-08.
T_crit: 9.60253e-08.
T_crit: 9.60253e-08.
Successfully routed after 16 routing iterations.
Completed net delay value cross check successfully.
low, high, current 32 64 48
Confirming Router Algorithm: TIMING_DRIVEN.
T_crit: 9.68346e-08.
T_crit: 9.60253e-08.
T_crit: 9.60253e-08.
T_crit: 9.60253e-08.
T_crit: 9.60253e-08.
T_crit: 9.60253e-08.
T_crit: 9.60253e-08.
T_crit: 9.60253e-08.
T_crit: 9.60253e-08.
T_crit: 9.60253e-08.
T_crit: 9.60253e-08.
T_crit: 9.60253e-08.
T_crit: 9.60253e-08.
T_crit: 9.60253e-08.
T_crit: 9.60253e-08.
T_crit: 9.60253e-08.
Successfully routed after 17 routing iterations.
Completed net delay value cross check successfully.
low, high, current 32 48 40
Confirming Router Algorithm: TIMING_DRIVEN.
T_crit: 9.68346e-08.
T_crit: 9.60253e-08.
T_crit: 9.60253e-08.
T_crit: 9.60253e-08.
T_crit: 9.60253e-08.
T_crit: 9.60253e-08.
T_crit: 9.60253e-08.
T_crit: 9.60253e-08.
T_crit: 9.60253e-08.
T_crit: 9.60253e-08.
T_crit: 9.60253e-08.
T_crit: 9.60253e-08.
T_crit: 9.60253e-08.
T_crit: 9.60253e-08.
T_crit: 9.60253e-08.
T_crit: 9.60253e-08.
T_crit: 9.60253e-08.
T_crit: 9.60253e-08.
T_crit: 9.60253e-08.
T_crit: 9.60253e-08.
T_crit: 9.60253e-08.
T_crit: 9.60253e-08.
T_crit: 9.60253e-08.
T_crit: 9.60253e-08.
T_crit: 9.60253e-08.
T_crit: 9.60253e-08.
T_crit: 9.60253e-08.
T_crit: 9.60253e-08.
T_crit: 9.60253e-08.
T_crit: 9.60253e-08.
T_crit: 9.60253e-08.
T_crit: 9.60253e-08.
T_crit: 9.60253e-08.
T_crit: 9.60253e-08.
T_crit: 9.60253e-08.
T_crit: 9.60253e-08.
T_crit: 9.60253e-08.
T_crit: 9.60253e-08.
T_crit: 9.60253e-08.
T_crit: 9.60253e-08.
T_crit: 9.60253e-08.
T_crit: 9.60253e-08.
T_crit: 9.60253e-08.
T_crit: 9.60253e-08.
T_crit: 9.60253e-08.
T_crit: 9.60253e-08.
T_crit: 9.60253e-08.
T_crit: 9.60253e-08.
T_crit: 9.60253e-08.
T_crit: 9.60253e-08.
Routing failed.
low, high, current 40 48 44
Confirming Router Algorithm: TIMING_DRIVEN.
T_crit: 9.69033e-08.
T_crit: 9.58398e-08.
T_crit: 9.59761e-08.
T_crit: 9.59723e-08.
T_crit: 9.5966e-08.
T_crit: 9.5966e-08.
T_crit: 9.58474e-08.
T_crit: 9.59621e-08.
T_crit: 9.59633e-08.
T_crit: 9.59633e-08.
T_crit: 9.59646e-08.
T_crit: 9.59646e-08.
T_crit: 9.59646e-08.
T_crit: 9.59633e-08.
T_crit: 9.59646e-08.
T_crit: 9.59646e-08.
T_crit: 9.59658e-08.
T_crit: 9.59646e-08.
T_crit: 9.59646e-08.
T_crit: 9.59646e-08.
T_crit: 9.59646e-08.
Successfully routed after 22 routing iterations.
Completed net delay value cross check successfully.
low, high, current 40 44 42
Warning (check_all_tracks_reach_pins):  track 40 does not 
	connect to any FB IPINs.
Warning (check_all_tracks_reach_pins):  track 41 does not 
	connect to any FB IPINs.
Confirming Router Algorithm: TIMING_DRIVEN.
T_crit: 9.69809e-08.
T_crit: 9.59722e-08.
T_crit: 9.60364e-08.
T_crit: 9.57829e-08.
T_crit: 9.57854e-08.
T_crit: 9.57817e-08.
T_crit: 9.57854e-08.
T_crit: 9.57804e-08.
T_crit: 9.58095e-08.
T_crit: 9.5836e-08.
T_crit: 9.58334e-08.
T_crit: 9.58334e-08.
T_crit: 9.58334e-08.
T_crit: 9.58334e-08.
T_crit: 9.58334e-08.
T_crit: 9.58334e-08.
T_crit: 9.58334e-08.
T_crit: 9.58334e-08.
T_crit: 9.58334e-08.
T_crit: 9.58334e-08.
T_crit: 9.58334e-08.
T_crit: 9.58334e-08.
T_crit: 9.58334e-08.
Successfully routed after 24 routing iterations.
Completed net delay value cross check successfully.
Warning (check_all_tracks_reach_pins):  track 40 does not 
	connect to any FB IPINs.
Warning (check_all_tracks_reach_pins):  track 41 does not 
	connect to any FB IPINs.

Checking to ensure routing is legal ...
Completed routing consistency check successfully.

Serial number (magic cookie) for the routing is: 383565889
Best routing used a channel width factor of 42.


Average number of bends per net: 10.1168  Maximum # of bends: 370


The number of routed nets (nonglobal): 5987
Wirelength results (all in units of 1 clb segments):
	Total wirelength: 699863   Average net length: 116.897
	Maximum net length: 2112

Wirelength results in terms of physical segments:
	Total wiring segments used: 350741   Av. wire segments per net: 58.5838
	Maximum segments used by a net: 1065


X - Directed channels:

j	max occ	av_occ		capacity
0	41	27.3854  	42
1	41	27.9951  	42
2	41	25.7610  	42
3	42	27.9268  	42
4	41	28.8293  	42
5	42	27.6293  	42
6	42	26.9512  	42
7	41	26.9366  	42
8	42	27.7512  	42
9	41	26.7902  	42
10	41	27.4585  	42
11	41	26.5415  	42
12	42	24.9902  	42
13	40	25.0488  	42
14	41	24.9366  	42
15	40	26.2683  	42
16	41	24.9610  	42
17	40	22.8488  	42
18	40	23.7366  	42
19	40	23.5805  	42
20	40	24.1902  	42
21	41	22.6683  	42
22	39	22.1122  	42
23	38	21.6683  	42
24	39	20.7024  	42
25	41	21.8000  	42
26	40	20.2195  	42
27	39	20.1171  	42
28	40	18.8683  	42
29	40	18.2732  	42
30	38	19.3610  	42
31	40	18.4000  	42
32	38	17.4293  	42
33	37	15.2927  	42
34	38	15.5512  	42
35	38	14.7073  	42
36	39	13.0585  	42
37	36	15.0439  	42
38	35	10.8537  	42
39	35	12.0585  	42
40	36	12.8098  	42
41	31	7.60000  	42
42	25	5.38537  	42
43	22	7.68780  	42
44	20	6.65366  	42
45	12	5.33171  	42
46	15	6.29268  	42
47	11	5.98537  	42
48	12	5.08780  	42
49	10	2.33659  	42
50	13	6.55122  	42
51	17	4.92195  	42
52	17	9.88780  	42
53	21	9.33171  	42
54	21	9.84878  	42
55	19	11.3024  	42
56	26	16.0439  	42
57	24	16.5561  	42
58	27	13.3854  	42
59	28	13.6244  	42
60	26	15.3854  	42
61	30	15.0049  	42
62	23	12.6585  	42
63	23	12.0634  	42
64	23	8.14146  	42
65	23	7.95122  	42
66	25	9.42927  	42
67	22	11.3902  	42
68	22	10.3707  	42
69	19	6.93659  	42
70	15	7.91707  	42
71	15	4.91707  	42
72	11	1.99024  	42
73	11	2.95122  	42
74	16	2.10732  	42
75	23	8.16585  	42
76	24	7.11707  	42
77	22	3.76098  	42
78	17	4.25366  	42
79	24	7.38537  	42
80	28	10.2195  	42
81	21	9.39512  	42
82	22	9.16098  	42
83	26	9.67805  	42
84	20	8.02439  	42
85	21	7.09268  	42
86	16	6.32683  	42
87	16	4.89268  	42
88	14	3.86341  	42
89	11	1.51220  	42
90	9	3.50244  	42
91	5	1.52683  	42
92	5	1.16098  	42
93	4	2.26829  	42
94	2	0.785366 	42
95	4	0.917073 	42
96	5	1.25854  	42
97	5	1.63415  	42
98	6	0.248780 	42
99	6	2.33659  	42
100	11	5.05854  	42
101	9	3.51220  	42
102	12	5.96098  	42
103	15	3.86829  	42
104	14	5.08780  	42
105	9	3.40000  	42
106	9	3.62439  	42
107	6	0.302439 	42
108	3	1.02927  	42
109	2	0.936585 	42
110	4	1.04878  	42
111	3	1.01951  	42
112	1	0.0829268	42
113	7	1.08780  	42
114	15	1.98537  	42
115	11	1.62439  	42
116	15	3.97561  	42
117	12	5.29756  	42
118	16	6.58049  	42
119	18	7.27317  	42
120	20	5.69268  	42
121	19	7.54634  	42
122	24	7.55610  	42
123	28	11.9854  	42
124	25	8.69756  	42
125	23	7.49756  	42
126	27	12.4976  	42
127	26	11.6634  	42
128	24	10.9415  	42
129	21	6.80976  	42
130	23	14.1561  	42
131	19	7.19024  	42
132	24	7.69268  	42
133	16	9.82439  	42
134	19	6.73171  	42
135	14	4.38049  	42
136	11	4.78049  	42
137	11	2.14146  	42
138	5	1.81463  	42
139	8	1.17561  	42
140	8	2.65366  	42
141	7	3.14634  	42
142	7	3.65854  	42
143	6	0.112195 	42
144	4	0.795122 	42
145	3	0.0682927	42
146	5	2.68293  	42
147	5	1.09756  	42
148	5	0.121951 	42
149	5	0.717073 	42
150	7	0.678049 	42
151	6	2.11220  	42
152	12	2.12683  	42
153	10	4.00976  	42
154	13	4.62439  	42
155	11	3.30244  	42
156	11	4.16585  	42
157	15	3.41463  	42
158	16	3.11707  	42
159	20	4.00976  	42
160	15	7.04390  	42
161	16	6.55610  	42
162	18	7.36098  	42
163	19	9.80976  	42
164	19	10.2439  	42
165	24	8.18537  	42
166	23	10.9805  	42
167	17	6.43415  	42
168	12	6.39512  	42
169	19	7.02927  	42
170	17	4.45854  	42
171	18	5.65366  	42
172	17	8.98537  	42
173	22	5.50244  	42
174	13	4.87805  	42
175	15	4.25366  	42
176	14	3.97073  	42
177	14	0.809756 	42
178	11	0.653659 	42
179	6	0.931707 	42
180	1	0.0195122	42
181	2	1.02927  	42
182	4	0.0731707	42
183	4	0.619512 	42
184	7	1.57073  	42
185	10	2.18537  	42
186	13	2.55610  	42
187	12	4.40488  	42
188	5	0.317073 	42
189	5	3.44878  	42
190	6	1.03902  	42
191	3	0.0536585	42
192	1	0.00975610	42
193	1	0.0292683	42
194	2	0.478049 	42
195	6	0.185366 	42
196	9	2.46341  	42
197	14	3.10244  	42
198	20	5.45854  	42
199	22	7.97073  	42
200	20	9.31219  	42
201	26	10.4098  	42
202	26	13.5951  	42
203	27	15.0683  	42
204	28	18.9707  	42
205	28	18.0927  	42

Y - Directed channels:

i	max occ	av_occ		capacity
0	31	20.0976  	42
1	33	21.8585  	42
2	33	21.0927  	42
3	34	20.8390  	42
4	33	20.6878  	42
5	33	21.9024  	42
6	34	19.9073  	42
7	33	18.4244  	42
8	34	19.5415  	42
9	34	19.7317  	42
10	34	15.8488  	42
11	34	16.7707  	42
12	26	14.0244  	42
13	28	12.4732  	42
14	24	11.1805  	42
15	18	7.22927  	42
16	16	7.16098  	42
17	16	7.00488  	42
18	11	4.28781  	42
19	15	7.73659  	42
20	13	5.71707  	42
21	19	7.57561  	42
22	18	10.7951  	42
23	24	7.28781  	42
24	22	7.85854  	42
25	23	7.02927  	42
26	24	7.83902  	42
27	24	8.21951  	42
28	18	5.40000  	42
29	18	7.57073  	42
30	18	4.90244  	42
31	19	3.10244  	42
32	11	0.926829 	42
33	8	1.08780  	42
34	5	1.19512  	42
35	8	1.67317  	42
36	5	0.151220 	42
37	5	0.521951 	42
38	3	0.882927 	42
39	2	0.717073 	42
40	4	0.204878 	42
41	2	0.0829268	42
42	3	0.717073 	42
43	6	1.01463  	42
44	5	1.08293  	42
45	5	0.292683 	42
46	3	0.151220 	42
47	3	0.878049 	42
48	2	0.0682927	42
49	1	0.0585366	42
50	2	0.317073 	42
51	2	0.721951 	42
52	7	1.41463  	42
53	9	2.78537  	42
54	15	3.43902  	42
55	13	2.51220  	42
56	13	4.83902  	42
57	15	0.926829 	42
58	17	5.59024  	42
59	18	2.85366  	42
60	23	4.23415  	42
61	18	3.64390  	42
62	20	4.01951  	42
63	18	2.58049  	42
64	16	2.37073  	42
65	15	2.84390  	42
66	15	3.82927  	42
67	18	2.90244  	42
68	22	6.90732  	42
69	22	4.13171  	42
70	21	4.03415  	42
71	19	5.39512  	42
72	20	5.38049  	42
73	21	7.33659  	42
74	17	7.16585  	42
75	23	6.96098  	42
76	20	5.43415  	42
77	20	3.14634  	42
78	17	4.38049  	42
79	23	1.49756  	42
80	25	1.63902  	42
81	21	1.76585  	42
82	20	4.45366  	42
83	23	5.47805  	42
84	27	6.67805  	42
85	26	4.35610  	42
86	31	8.83415  	42
87	28	7.78049  	42
88	27	6.63415  	42
89	25	6.56585  	42
90	27	6.54146  	42
91	32	9.01951  	42
92	28	6.26341  	42
93	29	8.29268  	42
94	28	6.14634  	42
95	29	6.87317  	42
96	30	6.32195  	42
97	30	3.92683  	42
98	28	5.79512  	42
99	30	6.14146  	42
100	29	5.95122  	42
101	24	4.73659  	42
102	29	4.21951  	42
103	26	6.80488  	42
104	26	6.00488  	42
105	27	5.09268  	42
106	29	5.87805  	42
107	29	5.83902  	42
108	30	7.00976  	42
109	27	9.04390  	42
110	30	6.63415  	42
111	32	7.50732  	42
112	28	4.96098  	42
113	30	6.41951  	42
114	32	9.29756  	42
115	31	6.18049  	42
116	33	7.00000  	42
117	31	7.77561  	42
118	31	7.69756  	42
119	32	7.31707  	42
120	36	9.86829  	42
121	28	7.83902  	42
122	31	7.76585  	42
123	31	9.86829  	42
124	33	9.73659  	42
125	30	9.93659  	42
126	31	7.50244  	42
127	32	11.4976  	42
128	32	11.0732  	42
129	29	9.90244  	42
130	32	10.9805  	42
131	36	12.7171  	42
132	30	9.25854  	42
133	31	10.4195  	42
134	35	11.3707  	42
135	34	6.56585  	42
136	33	7.65366  	42
137	33	6.95610  	42
138	32	8.16585  	42
139	30	7.48293  	42
140	30	6.52195  	42
141	29	8.60000  	42
142	32	7.54146  	42
143	29	7.12683  	42
144	29	5.95610  	42
145	34	7.30244  	42
146	30	6.70244  	42
147	34	6.92683  	42
148	34	9.22439  	42
149	31	7.39024  	42
150	30	7.71219  	42
151	30	7.66341  	42
152	28	7.06829  	42
153	31	9.10732  	42
154	31	6.27317  	42
155	30	6.90244  	42
156	26	6.80000  	42
157	28	6.02439  	42
158	24	6.38049  	42
159	22	5.97073  	42
160	25	5.58049  	42
161	25	5.32195  	42
162	26	5.41463  	42
163	26	8.80488  	42
164	28	5.33659  	42
165	23	6.69756  	42
166	29	9.33659  	42
167	24	8.46829  	42
168	25	6.72683  	42
169	26	6.31707  	42
170	24	7.78049  	42
171	30	9.24878  	42
172	25	6.76585  	42
173	22	5.33171  	42
174	20	4.43902  	42
175	19	2.88780  	42
176	21	2.36585  	42
177	24	4.65366  	42
178	17	4.13171  	42
179	16	6.79512  	42
180	13	7.41951  	42
181	14	4.66341  	42
182	15	8.26341  	42
183	14	6.06341  	42
184	21	8.49268  	42
185	17	7.33171  	42
186	19	8.72683  	42
187	21	11.3561  	42
188	20	10.9463  	42
189	23	9.59024  	42
190	22	13.8439  	42
191	26	17.6829  	42
192	29	16.1415  	42
193	28	16.0244  	42
194	29	15.1610  	42
195	33	17.9366  	42
196	36	18.6488  	42
197	34	18.1707  	42
198	36	19.9707  	42
199	36	21.5610  	42
200	33	21.8537  	42
201	33	21.3073  	42
202	32	21.6244  	42
203	36	21.2244  	42
204	31	19.4098  	42
205	29	19.3366  	42

Total Tracks in X-direction: 8652  in Y-direction: 8652

Logic Area (in minimum width transistor areas):
Total Logic Area: 1.26075e+09  Per 1x1 logic tile: 30000

Routing area (in minimum width transistor areas):
Total Routing Area: 2.17487e+08  Per logic tile: 5175.17

Segment usage by type (index):
Segment type       Fractional utilization
------------       ----------------------
       0                  0.197

Segment usage by length:
Segment length       Fractional utilization
--------------       ----------------------
        2                   0.197

Critical Path: 9.58334e-08 (s)

Time elapsed (PLACE&ROUTE): 601206559.793000 ms


Time elapsed (Fernando): 601206559.825000 ms

