
VPR FPGA Placement and Routing.
Version: Version 5.0.2
Compiled: Dec 11 2020.
Original VPR by V. Betz.
Timing-driven placement enhancements by A. Marquardt.
Single-drivers enhancements by Andy Ye with additions by.
Mark Fang, Jason Luu, Ted Campbell
Heterogeneous stucture support by Jason Luu and Ted Campbell.
This code is licensed only for non-commercial use.

Auto-sizing FPGA, try x = 82 y = 82
Auto-sizing FPGA, try x = 164 y = 164
Auto-sizing FPGA, try x = 328 y = 328
Auto-sizing FPGA, try x = 164 y = 164
Auto-sizing FPGA, try x = 246 y = 246
Auto-sizing FPGA, try x = 205 y = 205
Auto-sizing FPGA, try x = 184 y = 184
Auto-sizing FPGA, try x = 194 y = 194
Auto-sizing FPGA, try x = 199 y = 199
Auto-sizing FPGA, try x = 202 y = 202
Auto-sizing FPGA, try x = 203 y = 203
Auto-sizing FPGA, try x = 204 y = 204
Auto-sizing FPGA, try x = 204 y = 204
FPGA auto-sized to, x = 205 y = 205

Resource Usage:
Netlist      0	blocks of type <EMPTY>
Architecture 4	blocks of type <EMPTY>
Netlist      817	blocks of type .io
Architecture 820	blocks of type .io
Netlist      5859	blocks of type .clb
Architecture 42025	blocks of type .clb

Timing analysis: ON

Operation:  ROUTE_ONLY

PlacerOpts.place_freq:  PLACE_NEVER

RouterOpts.route_type:  DETAILED
RouterOpts.router_algorithm:  TIMING_DRIVEN
RouterOpts.base_cost_type:  DELAY_NORMALIZED
RouterOpts.fixed_channel_width:  NO_FIXED_CHANNEL_WIDTH
RouterOpts.acc_fac:  1.000000
RouterOpts.bb_factor:  3
RouterOpts.bend_cost:  0.000000
RouterOpts.first_iter_pres_fac:  0.500000
RouterOpts.initial_pres_fac:  0.500000
RouterOpts.pres_fac_mult:  1.300000
RouterOpts.max_router_iterations:  50
RouterOpts.astar_fac:  1.200000
RouterOpts.criticality_exp:  1.000000
RouterOpts.max_criticality:  0.990000

RoutingArch.directionality:  UNI_DIRECTIONAL
RoutingArch.switch_block_type:  WILTON
RoutingArch.Fs:  3

The circuit will be mapped into a 205 x 205 array of clbs.

Netlist num_nets:  5987
Netlist num_blocks:  6676
Netlist inputs pins:  128
Netlist output pins:  689

115 29 0
0 112 0
1 61 0
154 13 0
114 29 0
4 62 0
3 62 0
3 60 0
158 13 0
2 62 0
8 68 0
2 60 0
2 59 0
8 67 0
9 67 0
103 23 0
4 65 0
84 203 0
101 26 0
1 144 0
84 199 0
100 26 0
2 144 0
113 29 0
0 59 0
157 12 0
84 200 0
3 145 0
85 200 0
159 13 0
158 11 0
110 37 0
28 9 0
113 28 0
26 9 0
201 66 0
112 27 0
112 28 0
204 170 0
28 8 0
26 8 0
26 7 0
3 171 0
111 28 0
31 4 0
158 8 0
81 196 0
28 7 0
24 5 0
4 171 0
27 9 0
109 38 0
39 5 0
156 8 0
25 5 0
107 36 0
25 6 0
113 31 0
111 37 0
25 7 0
40 5 0
30 2 0
87 199 0
1 42 0
108 23 0
108 36 0
26 6 0
109 23 0
164 204 0
108 37 0
110 23 0
111 21 0
161 205 0
6 175 0
83 204 0
35 4 0
38 5 0
1 18 0
136 2 0
109 24 0
31 13 0
103 36 0
84 198 0
34 5 0
4 21 0
24 4 0
30 12 0
174 196 0
101 32 0
161 202 0
86 200 0
135 2 0
32 4 0
154 12 0
4 168 0
110 30 0
94 205 0
104 35 0
38 7 0
111 31 0
202 58 0
204 173 0
129 4 0
131 7 0
156 11 0
157 7 0
155 13 0
35 7 0
130 7 0
108 30 0
33 10 0
103 199 0
109 31 0
112 33 0
110 31 0
1 167 0
37 5 0
205 62 0
7 174 0
31 5 0
3 20 0
6 20 0
31 9 0
126 204 0
203 174 0
31 10 0
165 203 0
32 10 0
116 23 0
204 62 0
37 6 0
39 6 0
129 6 0
125 198 0
157 9 0
132 8 0
31 3 0
134 1 0
30 10 0
131 6 0
36 6 0
104 28 0
167 204 0
116 24 0
38 6 0
103 29 0
74 190 0
112 32 0
102 28 0
118 24 0
103 30 0
102 30 0
100 200 0
34 6 0
160 10 0
132 7 0
22 2 0
35 6 0
21 1 0
2 61 0
103 28 0
105 34 0
117 25 0
101 29 0
198 62 0
27 1 0
90 204 0
152 12 0
124 196 0
159 11 0
125 201 0
198 170 0
23 1 0
77 197 0
22 1 0
107 203 0
21 2 0
21 3 0
5 65 0
104 33 0
111 33 0
103 33 0
103 34 0
104 34 0
204 63 0
5 170 0
124 198 0
124 197 0
83 197 0
83 195 0
114 199 0
201 167 0
114 198 0
36 1 0
36 9 0
111 29 0
104 32 0
35 11 0
202 6 0
103 32 0
115 30 0
82 193 0
33 4 0
84 197 0
156 6 0
81 199 0
115 199 0
113 200 0
201 170 0
198 171 0
200 170 0
33 11 0
109 29 0
199 169 0
80 204 0
110 29 0
75 198 0
111 30 0
77 199 0
114 31 0
76 188 0
103 201 0
153 9 0
79 197 0
113 201 0
71 199 0
200 173 0
80 205 0
76 187 0
81 205 0
117 28 0
4 64 0
117 26 0
171 1 0
70 199 0
116 198 0
83 201 0
200 171 0
73 196 0
73 200 0
73 199 0
72 197 0
206 70 0
33 3 0
78 188 0
74 199 0
75 199 0
111 19 0
116 29 0
115 28 0
126 197 0
115 27 0
116 25 0
108 22 0
119 192 0
2 42 0
76 190 0
28 3 0
205 59 0
3 178 0
119 201 0
1 16 0
70 200 0
73 202 0
80 198 0
125 197 0
72 200 0
121 199 0
205 166 0
72 199 0
79 205 0
168 203 0
26 4 0
1 143 0
79 204 0
76 200 0
114 27 0
119 191 0
107 21 0
80 190 0
203 57 0
4 177 0
120 202 0
75 205 0
77 201 0
120 198 0
1 174 0
78 205 0
173 197 0
38 4 0
74 200 0
56 191 0
205 43 0
76 203 0
83 203 0
6 66 0
106 35 0
107 22 0
106 22 0
133 2 0
201 59 0
101 24 0
2 167 0
65 195 0
59 201 0
1 87 0
125 203 0
120 204 0
203 168 0
77 205 0
75 204 0
75 203 0
74 201 0
134 2 0
78 204 0
77 204 0
76 202 0
33 1 0
76 201 0
77 203 0
107 35 0
5 8 0
57 191 0
4 75 0
107 23 0
106 23 0
113 24 0
3 78 0
1 47 0
130 5 0
204 58 0
2 179 0
113 205 0
6 89 0
156 12 0
71 205 0
111 205 0
74 204 0
2 171 0
199 170 0
74 203 0
101 199 0
52 191 0
51 191 0
75 202 0
102 33 0
77 202 0
24 2 0
55 193 0
109 22 0
117 193 0
5 79 0
58 192 0
112 24 0
120 192 0
2 47 0
99 201 0
29 3 0
199 63 0
116 202 0
2 88 0
63 195 0
60 205 0
116 200 0
51 192 0
175 195 0
54 192 0
59 190 0
98 200 0
24 3 0
55 192 0
56 192 0
62 193 0
7 69 0
114 21 0
114 22 0
111 23 0
112 23 0
1 48 0
132 3 0
199 61 0
105 203 0
3 168 0
89 202 0
51 204 0
200 60 0
59 195 0
64 195 0
78 198 0
51 193 0
59 193 0
205 176 0
50 191 0
59 191 0
60 193 0
166 204 0
105 202 0
49 192 0
61 191 0
60 191 0
62 192 0
64 192 0
114 196 0
185 205 0
113 27 0
113 25 0
177 198 0
157 13 0
1 43 0
105 35 0
121 195 0
102 200 0
5 176 0
57 200 0
86 199 0
82 200 0
68 199 0
204 175 0
59 194 0
72 201 0
60 192 0
72 202 0
103 200 0
61 192 0
45 198 0
63 192 0
43 198 0
102 32 0
110 26 0
42 200 0
3 43 0
111 26 0
112 26 0
108 32 0
107 38 0
172 205 0
1 41 0
118 192 0
28 2 0
2 19 0
6 171 0
85 198 0
29 205 0
75 30 0
70 201 0
57 202 0
66 197 0
71 200 0
71 201 0
169 199 0
3 17 0
44 200 0
23 2 0
42 199 0
43 199 0
48 194 0
48 196 0
107 37 0
104 29 0
106 37 0
105 31 0
175 204 0
122 194 0
97 205 0
113 32 0
4 169 0
90 201 0
58 202 0
66 28 0
70 28 0
201 172 0
1 62 0
163 204 0
70 203 0
78 202 0
70 202 0
44 201 0
95 204 0
150 9 0
131 8 0
48 199 0
47 196 0
35 1 0
2 156 0
107 30 0
4 153 0
104 30 0
107 32 0
104 31 0
105 29 0
107 31 0
182 203 0
1 46 0
30 3 0
151 13 0
97 203 0
122 204 0
155 11 0
71 27 0
45 202 0
65 27 0
202 169 0
44 198 0
31 205 0
30 205 0
3 172 0
151 14 0
35 200 0
134 4 0
46 197 0
47 197 0
39 200 0
107 29 0
106 29 0
205 148 0
112 37 0
106 31 0
106 32 0
106 33 0
203 153 0
183 204 0
30 7 0
4 20 0
98 202 0
118 200 0
83 196 0
55 13 0
141 7 0
155 10 0
54 13 0
55 15 0
43 197 0
33 204 0
98 201 0
31 203 0
33 205 0
202 173 0
36 201 0
37 200 0
36 200 0
36 202 0
38 199 0
38 200 0
34 201 0
184 204 0
32 203 0
201 154 0
106 24 0
180 201 0
205 46 0
133 1 0
131 205 0
3 6 0
105 205 0
200 64 0
53 203 0
88 202 0
140 7 0
140 8 0
55 14 0
138 1 0
54 14 0
45 197 0
44 196 0
168 199 0
37 204 0
35 205 0
121 205 0
32 205 0
32 204 0
37 201 0
36 203 0
151 10 0
34 205 0
37 202 0
35 202 0
34 202 0
64 196 0
33 202 0
106 25 0
110 36 0
33 201 0
124 1 0
203 89 0
104 26 0
68 198 0
105 23 0
105 24 0
125 7 0
175 203 0
31 6 0
129 5 0
150 12 0
201 65 0
139 2 0
2 43 0
5 20 0
203 120 0
83 193 0
152 9 0
118 13 0
176 199 0
5 123 0
166 205 0
206 76 0
42 196 0
117 200 0
147 0 0
147 9 0
79 28 0
39 201 0
70 198 0
66 6 0
175 197 0
118 15 0
1 67 0
70 17 0
203 119 0
201 18 0
2 7 0
29 2 0
204 118 0
201 153 0
163 6 0
95 20 0
92 25 0
67 196 0
72 1 0
67 195 0
131 202 0
200 20 0
154 3 0
91 11 0
71 17 0
90 12 0
49 7 0
80 195 0
123 0 0
203 176 0
74 26 0
197 5 0
70 10 0
4 120 0
117 5 0
56 205 0
4 9 0
3 177 0
204 146 0
80 28 0
83 26 0
115 195 0
203 62 0
162 202 0
7 172 0
87 10 0
3 180 0
88 15 0
2 48 0
84 27 0
84 29 0
3 94 0
83 30 0
163 8 0
203 144 0
80 4 0
41 2 0
70 18 0
79 11 0
40 205 0
90 24 0
200 61 0
57 198 0
67 6 0
70 14 0
4 148 0
4 6 0
75 36 0
91 25 0
202 89 0
99 5 0
6 73 0
89 30 0
93 29 0
82 192 0
170 202 0
94 13 0
94 0 0
108 0 0
111 32 0
57 27 0
145 8 0
94 28 0
202 124 0
204 88 0
60 20 0
205 92 0
79 194 0
90 25 0
2 188 0
85 28 0
78 31 0
41 200 0
1 7 0
83 29 0
135 3 0
2 98 0
50 200 0
68 16 0
69 200 0
103 13 0
125 4 0
107 20 0
117 27 0
115 18 0
132 2 0
77 28 0
202 120 0
93 11 0
204 27 0
61 27 0
59 23 0
59 10 0
86 28 0
205 115 0
97 24 0
69 18 0
59 203 0
163 7 0
55 191 0
178 199 0
68 15 0
100 205 0
51 196 0
36 199 0
41 194 0
99 203 0
199 71 0
5 77 0
63 9 0
107 15 0
62 8 0
76 199 0
75 3 0
95 8 0
127 7 0
61 205 0
57 187 0
118 193 0
88 28 0
109 17 0
96 27 0
98 6 0
99 4 0
45 4 0
127 201 0
55 24 0
108 31 0
100 204 0
206 205 0
122 203 0
82 4 0
203 25 0
70 11 0
52 204 0
145 4 0
3 119 0
165 200 0
101 204 0
205 77 0
206 26 0
43 12 0
67 4 0
143 9 0
2 173 0
111 6 0
6 183 0
204 70 0
85 19 0
199 148 0
112 6 0
179 198 0
79 33 0
96 204 0
46 10 0
2 126 0
74 23 0
169 196 0
56 203 0
76 24 0
83 33 0
118 26 0
136 3 0
99 29 0
111 25 0
62 21 0
70 19 0
1 166 0
119 204 0
202 177 0
88 30 0
158 12 0
86 25 0
87 28 0
59 4 0
45 13 0
65 201 0
98 4 0
205 132 0
76 205 0
98 5 0
131 3 0
125 199 0
110 2 0
112 202 0
41 10 0
205 17 0
64 24 0
47 11 0
203 2 0
110 39 0
119 12 0
60 198 0
84 201 0
82 206 0
79 12 0
70 1 0
72 7 0
200 183 0
107 14 0
113 5 0
162 5 0
200 122 0
90 26 0
63 27 0
95 29 0
65 0 0
117 3 0
78 1 0
91 19 0
171 202 0
58 24 0
143 8 0
109 8 0
75 28 0
70 22 0
116 17 0
3 129 0
157 0 0
105 5 0
51 202 0
89 27 0
105 8 0
204 2 0
90 22 0
55 188 0
73 28 0
178 203 0
71 26 0
88 27 0
202 3 0
5 117 0
85 25 0
39 4 0
87 26 0
169 201 0
169 195 0
94 19 0
84 33 0
117 12 0
106 16 0
204 126 0
203 19 0
85 202 0
129 203 0
3 99 0
57 15 0
194 3 0
80 191 0
3 7 0
203 122 0
73 194 0
76 192 0
108 10 0
204 181 0
0 71 0
38 197 0
201 73 0
174 201 0
115 3 0
101 198 0
53 16 0
118 8 0
74 19 0
106 26 0
202 65 0
117 2 0
91 2 0
100 25 0
69 198 0
123 10 0
61 18 0
179 200 0
199 146 0
172 203 0
57 19 0
72 23 0
0 177 0
109 20 0
66 19 0
202 123 0
77 25 0
203 76 0
88 26 0
97 21 0
117 204 0
62 6 0
205 95 0
96 11 0
56 14 0
204 96 0
1 91 0
105 2 0
165 202 0
58 27 0
89 28 0
55 202 0
84 15 0
76 7 0
153 5 0
2 79 0
52 205 0
122 9 0
175 200 0
142 6 0
203 95 0
77 193 0
167 197 0
94 29 0
78 193 0
203 64 0
114 2 0
90 33 0
164 199 0
1 128 0
110 5 0
203 206 0
86 38 0
4 186 0
116 8 0
45 205 0
88 35 0
168 2 0
143 2 0
75 33 0
117 7 0
76 27 0
78 27 0
1 10 0
75 29 0
110 20 0
195 5 0
148 7 0
122 11 0
94 21 0
58 194 0
92 22 0
171 0 0
95 17 0
94 10 0
200 123 0
122 202 0
97 9 0
99 7 0
97 2 0
76 32 0
34 204 0
68 32 0
4 89 0
146 5 0
95 27 0
6 121 0
70 24 0
72 33 0
73 203 0
67 192 0
4 24 0
64 200 0
98 11 0
112 29 0
1 149 0
200 1 0
151 4 0
181 202 0
42 12 0
76 206 0
112 16 0
3 5 0
4 181 0
77 191 0
82 199 0
182 202 0
75 27 0
104 0 0
120 200 0
70 23 0
94 17 0
201 148 0
126 200 0
68 21 0
144 7 0
95 15 0
98 18 0
205 114 0
115 9 0
97 6 0
76 195 0
54 7 0
200 174 0
68 29 0
97 3 0
205 75 0
51 19 0
48 205 0
199 6 0
54 189 0
2 8 0
68 191 0
62 0 0
182 205 0
202 72 0
201 182 0
111 24 0
35 9 0
108 7 0
42 5 0
84 4 0
204 6 0
205 187 0
141 5 0
56 195 0
92 14 0
45 195 0
109 21 0
78 28 0
118 2 0
1 146 0
200 151 0
55 10 0
114 10 0
77 26 0
85 31 0
85 203 0
202 122 0
5 89 0
82 32 0
2 22 0
203 67 0
33 203 0
163 199 0
203 4 0
78 25 0
71 5 0
97 17 0
95 7 0
123 201 0
63 203 0
29 9 0
52 17 0
204 172 0
92 13 0
46 195 0
76 36 0
94 9 0
76 37 0
1 147 0
42 10 0
2 67 0
0 154 0
98 16 0
98 20 0
153 0 0
164 1 0
130 201 0
71 8 0
103 205 0
112 205 0
123 4 0
90 27 0
6 71 0
26 5 0
98 30 0
202 70 0
75 31 0
96 30 0
66 3 0
63 5 0
7 122 0
2 111 0
114 30 0
87 24 0
98 2 0
149 6 0
102 31 0
93 27 0
5 179 0
206 4 0
5 64 0
106 36 0
205 7 0
149 7 0
177 203 0
73 191 0
173 202 0
165 198 0
89 3 0
55 199 0
52 187 0
65 16 0
159 2 0
94 20 0
108 24 0
126 7 0
2 76 0
34 203 0
26 206 0
113 9 0
99 0 0
75 22 0
123 13 0
126 10 0
110 13 0
0 107 0
144 3 0
82 195 0
69 21 0
109 9 0
100 21 0
205 29 0
202 67 0
112 10 0
166 6 0
45 204 0
94 18 0
97 18 0
47 2 0
167 205 0
4 180 0
1 130 0
99 20 0
96 18 0
97 12 0
55 189 0
96 16 0
83 10 0
80 21 0
74 30 0
96 5 0
203 27 0
70 31 0
94 6 0
8 69 0
98 9 0
72 28 0
67 18 0
99 9 0
94 3 0
105 26 0
1 129 0
1 175 0
95 3 0
77 35 0
50 192 0
152 3 0
101 206 0
4 7 0
203 69 0
128 205 0
78 11 0
162 197 0
4 125 0
87 31 0
72 190 0
132 4 0
74 193 0
203 73 0
57 22 0
171 204 0
61 204 0
139 6 0
0 84 0
25 3 0
119 196 0
199 21 0
119 195 0
65 203 0
5 180 0
5 21 0
69 190 0
171 205 0
74 20 0
76 34 0
75 21 0
88 9 0
67 14 0
203 75 0
67 15 0
105 3 0
71 203 0
109 13 0
96 19 0
96 3 0
74 192 0
120 15 0
64 3 0
108 14 0
93 28 0
63 28 0
3 73 0
33 6 0
110 11 0
160 3 0
93 13 0
103 14 0
97 25 0
206 99 0
204 167 0
2 113 0
76 204 0
75 35 0
1 45 0
141 10 0
75 25 0
50 13 0
130 8 0
94 8 0
130 203 0
78 197 0
176 195 0
60 2 0
67 17 0
66 15 0
143 6 0
147 2 0
57 25 0
1 170 0
5 148 0
2 92 0
204 91 0
28 1 0
2 127 0
50 194 0
70 190 0
77 11 0
204 74 0
121 196 0
120 195 0
206 151 0
203 185 0
112 36 0
176 198 0
122 195 0
202 76 0
186 204 0
101 6 0
116 195 0
76 193 0
107 13 0
70 197 0
4 128 0
162 0 0
199 60 0
110 10 0
205 156 0
159 5 0
85 23 0
109 12 0
78 196 0
77 33 0
101 8 0
71 190 0
110 21 0
70 6 0
88 201 0
91 21 0
77 17 0
114 4 0
3 127 0
99 21 0
116 201 0
202 5 0
48 9 0
68 23 0
114 26 0
9 122 0
101 21 0
3 25 0
72 204 0
119 5 0
165 3 0
2 72 0
167 199 0
204 166 0
56 18 0
87 5 0
123 8 0
102 21 0
56 24 0
96 7 0
71 20 0
95 9 0
124 5 0
42 198 0
0 19 0
4 119 0
1 5 0
202 111 0
102 19 0
81 191 0
2 117 0
70 34 0
2 63 0
68 8 0
74 194 0
112 8 0
32 201 0
100 7 0
205 67 0
203 97 0
43 6 0
116 3 0
183 205 0
113 23 0
120 206 0
1 28 0
120 196 0
151 0 0
160 6 0
97 27 0
82 2 0
2 16 0
56 189 0
6 185 0
165 6 0
86 32 0
2 70 0
130 4 0
54 200 0
1 185 0
204 23 0
83 27 0
46 200 0
109 3 0
102 22 0
59 3 0
68 1 0
200 146 0
75 200 0
116 194 0
72 34 0
70 21 0
110 12 0
200 70 0
61 7 0
81 17 0
51 195 0
116 6 0
154 4 0
3 117 0
78 12 0
42 194 0
53 188 0
3 150 0
48 202 0
205 27 0
53 21 0
104 19 0
81 10 0
101 22 0
106 19 0
187 205 0
47 4 0
90 30 0
95 6 0
27 8 0
96 6 0
56 7 0
67 202 0
114 1 0
94 1 0
87 8 0
112 9 0
90 2 0
71 204 0
43 201 0
205 143 0
83 8 0
115 20 0
80 197 0
176 197 0
96 201 0
102 10 0
3 118 0
104 27 0
74 1 0
62 195 0
200 73 0
101 20 0
0 89 0
4 88 0
73 197 0
202 109 0
4 78 0
129 201 0
92 203 0
68 192 0
203 154 0
175 205 0
110 19 0
200 129 0
91 1 0
202 69 0
55 23 0
93 25 0
54 191 0
202 145 0
203 155 0
79 6 0
4 151 0
107 10 0
36 7 0
107 9 0
59 202 0
109 10 0
181 201 0
119 17 0
118 17 0
48 198 0
66 192 0
205 127 0
122 200 0
64 25 0
93 20 0
125 6 0
203 3 0
85 30 0
171 201 0
140 3 0
1 25 0
92 20 0
105 21 0
89 22 0
89 11 0
199 122 0
111 2 0
81 37 0
80 24 0
5 88 0
125 5 0
172 194 0
51 1 0
112 3 0
83 7 0
84 35 0
95 19 0
92 34 0
82 10 0
91 202 0
75 15 0
6 126 0
84 193 0
104 16 0
139 8 0
58 200 0
100 13 0
114 8 0
61 196 0
171 203 0
3 111 0
68 24 0
63 20 0
106 20 0
102 5 0
64 14 0
203 88 0
71 18 0
205 123 0
94 7 0
2 99 0
1 98 0
163 5 0
72 30 0
5 183 0
172 200 0
128 8 0
104 17 0
101 31 0
1 6 0
24 6 0
136 1 0
109 7 0
105 17 0
28 205 0
38 198 0
85 27 0
158 2 0
51 21 0
66 14 0
76 26 0
75 16 0
65 14 0
119 197 0
142 10 0
98 8 0
65 7 0
203 126 0
102 205 0
104 22 0
72 19 0
72 26 0
8 173 0
205 1 0
158 5 0
86 30 0
86 31 0
76 31 0
113 12 0
88 4 0
198 63 0
102 17 0
88 31 0
107 11 0
162 7 0
125 12 0
92 12 0
90 28 0
74 33 0
83 6 0
74 34 0
83 5 0
123 206 0
79 5 0
66 191 0
59 200 0
204 150 0
56 8 0
87 7 0
115 12 0
48 11 0
56 204 0
204 26 0
159 4 0
115 1 0
67 0 0
92 10 0
51 198 0
81 35 0
85 8 0
73 9 0
113 3 0
56 206 0
62 205 0
90 4 0
107 206 0
56 199 0
69 202 0
107 4 0
72 192 0
124 201 0
76 11 0
86 19 0
197 125 0
201 23 0
97 19 0
8 72 0
200 110 0
3 21 0
87 33 0
108 15 0
97 4 0
74 35 0
153 2 0
201 4 0
1 65 0
100 12 0
205 79 0
165 7 0
93 15 0
205 152 0
171 191 0
205 150 0
1 181 0
60 200 0
106 18 0
198 2 0
66 13 0
77 18 0
34 11 0
91 20 0
194 5 0
67 13 0
205 149 0
36 3 0
175 199 0
65 13 0
1 206 0
0 22 0
67 16 0
201 178 0
114 16 0
3 79 0
1 179 0
63 13 0
178 205 0
115 196 0
101 17 0
72 11 0
99 22 0
100 17 0
126 8 0
53 17 0
121 192 0
93 7 0
81 31 0
85 32 0
90 34 0
53 15 0
78 13 0
113 1 0
126 5 0
115 202 0
6 151 0
176 203 0
94 2 0
49 199 0
74 27 0
106 28 0
30 204 0
205 105 0
84 8 0
2 4 0
119 8 0
83 31 0
4 147 0
1 113 0
64 27 0
6 69 0
150 5 0
3 173 0
3 71 0
117 13 0
84 17 0
53 198 0
86 33 0
1 79 0
87 23 0
163 202 0
64 11 0
75 190 0
66 12 0
66 198 0
181 204 0
76 6 0
58 4 0
58 13 0
4 70 0
3 70 0
162 201 0
2 130 0
92 23 0
106 5 0
68 17 0
196 6 0
204 1 0
100 16 0
71 21 0
205 91 0
96 22 0
73 25 0
201 169 0
92 17 0
123 200 0
199 147 0
89 23 0
201 69 0
5 125 0
70 195 0
107 7 0
95 5 0
115 203 0
71 6 0
10 205 0
206 120 0
84 32 0
34 12 0
82 5 0
6 70 0
71 31 0
80 27 0
86 8 0
152 5 0
203 107 0
2 96 0
53 5 0
92 29 0
201 21 0
1 184 0
174 200 0
73 204 0
0 118 0
114 24 0
75 191 0
202 75 0
79 4 0
110 6 0
1 121 0
1 89 0
80 36 0
94 30 0
96 10 0
99 199 0
74 32 0
149 5 0
110 22 0
48 18 0
54 22 0
142 3 0
171 194 0
37 4 0
144 2 0
83 14 0
91 4 0
113 6 0
81 32 0
168 1 0
60 10 0
41 1 0
78 2 0
108 28 0
67 28 0
40 2 0
44 194 0
27 6 0
63 205 0
204 151 0
65 197 0
189 206 0
75 18 0
81 6 0
111 10 0
202 19 0
120 12 0
97 7 0
53 190 0
80 38 0
3 24 0
61 15 0
90 14 0
80 23 0
197 3 0
64 12 0
155 12 0
2 121 0
117 16 0
147 205 0
204 180 0
92 21 0
97 10 0
202 20 0
93 2 0
99 18 0
61 24 0
2 68 0
201 185 0
47 205 0
76 29 0
66 16 0
68 197 0
205 172 0
205 163 0
113 22 0
83 32 0
121 4 0
105 4 0
202 184 0
91 23 0
80 2 0
46 7 0
83 3 0
41 11 0
202 25 0
131 4 0
104 202 0
80 8 0
1 154 0
89 5 0
169 2 0
0 133 0
81 4 0
178 198 0
85 0 0
97 202 0
5 74 0
105 16 0
116 11 0
203 181 0
26 1 0
205 69 0
89 17 0
71 22 0
46 198 0
45 15 0
95 23 0
1 188 0
167 3 0
4 118 0
39 9 0
164 4 0
126 6 0
67 20 0
78 194 0
103 3 0
127 205 0
136 5 0
77 3 0
165 2 0
50 20 0
163 2 0
204 123 0
117 8 0
106 8 0
113 204 0
78 6 0
85 9 0
57 11 0
120 197 0
100 23 0
205 122 0
77 0 0
49 1 0
73 31 0
64 9 0
55 185 0
101 205 0
201 184 0
5 124 0
2 18 0
205 89 0
84 22 0
40 200 0
79 188 0
103 31 0
66 22 0
92 31 0
88 10 0
80 12 0
45 8 0
49 10 0
200 2 0
192 2 0
64 16 0
62 7 0
205 93 0
87 29 0
77 2 0
58 3 0
52 196 0
5 120 0
158 6 0
112 22 0
4 71 0
85 5 0
101 15 0
4 129 0
205 13 0
97 20 0
24 0 0
197 1 0
202 185 0
71 4 0
204 21 0
179 203 0
68 19 0
98 14 0
206 81 0
79 0 0
177 206 0
202 26 0
82 12 0
6 123 0
3 182 0
4 182 0
86 36 0
109 11 0
63 8 0
51 2 0
202 24 0
100 19 0
97 29 0
202 57 0
177 197 0
67 193 0
71 0 0
95 26 0
108 35 0
200 22 0
92 2 0
74 21 0
2 189 0
87 200 0
153 3 0
3 126 0
30 8 0
61 8 0
62 11 0
203 18 0
111 12 0
63 10 0
101 2 0
114 203 0
1 19 0
110 16 0
2 24 0
205 124 0
102 204 0
85 34 0
48 17 0
144 6 0
74 2 0
79 10 0
93 1 0
53 23 0
115 11 0
54 188 0
66 31 0
199 20 0
1 148 0
203 16 0
52 21 0
157 4 0
84 12 0
111 13 0
153 11 0
3 64 0
68 14 0
146 204 0
3 95 0
204 75 0
100 9 0
156 3 0
119 15 0
204 18 0
65 11 0
75 11 0
6 67 0
205 100 0
76 25 0
49 12 0
81 195 0
94 16 0
93 12 0
97 31 0
205 119 0
101 28 0
50 193 0
60 6 0
41 195 0
127 198 0
79 7 0
196 5 0
52 202 0
87 25 0
3 183 0
43 193 0
2 180 0
177 204 0
58 190 0
170 193 0
166 201 0
121 200 0
1 73 0
80 202 0
99 200 0
89 33 0
91 22 0
7 181 0
48 192 0
204 17 0
76 28 0
151 6 0
106 27 0
6 124 0
159 3 0
101 4 0
69 22 0
72 205 0
115 31 0
201 179 0
3 77 0
57 192 0
176 204 0
111 27 0
204 67 0
120 14 0
54 12 0
203 90 0
5 118 0
27 4 0
130 3 0
142 1 0
7 68 0
199 1 0
48 0 0
1 173 0
115 5 0
87 11 0
73 198 0
172 202 0
42 202 0
203 5 0
2 110 0
58 205 0
4 150 0
204 149 0
110 25 0
111 36 0
92 1 0
204 131 0
102 26 0
64 22 0
98 7 0
201 181 0
149 2 0
44 12 0
139 3 0
78 203 0
66 7 0
85 11 0
91 32 0
40 8 0
40 196 0
59 1 0
204 178 0
200 180 0
76 3 0
116 10 0
51 14 0
96 26 0
65 25 0
82 34 0
120 194 0
86 35 0
121 1 0
1 21 0
77 6 0
57 26 0
130 202 0
120 193 0
148 10 0
204 71 0
97 1 0
115 8 0
78 33 0
204 176 0
201 1 0
5 72 0
145 1 0
200 172 0
170 197 0
205 186 0
57 199 0
123 197 0
202 152 0
87 38 0
199 8 0
93 203 0
39 8 0
205 72 0
204 57 0
37 2 0
43 9 0
160 7 0
117 6 0
68 202 0
65 20 0
206 153 0
69 13 0
75 26 0
74 14 0
67 19 0
161 200 0
5 126 0
69 27 0
7 121 0
100 32 0
2 152 0
101 23 0
44 202 0
199 22 0
81 20 0
113 4 0
45 1 0
161 5 0
0 184 0
199 23 0
200 126 0
76 4 0
81 3 0
71 191 0
63 197 0
58 16 0
61 12 0
147 1 0
169 203 0
199 24 0
149 1 0
79 38 0
109 0 0
76 35 0
50 19 0
59 25 0
201 110 0
106 17 0
61 3 0
106 2 0
102 27 0
50 1 0
2 116 0
88 32 0
104 5 0
83 9 0
59 2 0
52 13 0
191 1 0
95 11 0
204 127 0
71 2 0
116 16 0
0 174 0
76 191 0
62 4 0
206 14 0
43 4 0
115 2 0
89 0 0
74 3 0
106 1 0
85 7 0
203 150 0
172 192 0
40 10 0
103 7 0
84 18 0
202 180 0
57 188 0
69 14 0
81 34 0
44 13 0
71 34 0
109 2 0
2 185 0
100 22 0
91 14 0
82 36 0
62 200 0
56 198 0
195 1 0
121 5 0
131 204 0
64 23 0
1 152 0
100 24 0
56 190 0
204 28 0
205 85 0
87 35 0
147 10 0
116 26 0
63 7 0
2 93 0
98 3 0
61 14 0
80 3 0
206 88 0
200 182 0
53 22 0
54 23 0
46 11 0
206 110 0
96 24 0
69 5 0
115 17 0
40 204 0
84 10 0
77 1 0
51 186 0
61 4 0
115 21 0
4 99 0
91 7 0
205 177 0
205 71 0
113 197 0
43 10 0
108 8 0
118 196 0
66 11 0
2 75 0
121 10 0
0 183 0
118 14 0
1 116 0
103 11 0
65 196 0
201 20 0
72 21 0
120 1 0
110 35 0
90 32 0
104 21 0
167 203 0
77 10 0
204 114 0
147 6 0
206 58 0
69 11 0
59 187 0
184 202 0
2 69 0
76 189 0
98 25 0
117 4 0
3 63 0
101 16 0
203 130 0
96 9 0
162 1 0
204 24 0
197 6 0
1 200 0
132 1 0
74 191 0
99 17 0
198 3 0
1 77 0
97 15 0
201 180 0
61 28 0
78 29 0
51 203 0
86 1 0
92 7 0
40 201 0
79 1 0
46 0 0
86 0 0
8 172 0
81 194 0
73 26 0
96 21 0
82 204 0
200 23 0
73 32 0
146 206 0
100 6 0
6 180 0
80 203 0
69 15 0
82 29 0
205 28 0
93 5 0
111 39 0
94 204 0
0 159 0
90 23 0
62 10 0
68 190 0
128 5 0
0 73 0
79 3 0
206 93 0
81 2 0
118 1 0
68 203 0
165 5 0
86 2 0
109 27 0
61 5 0
31 7 0
131 2 0
92 15 0
126 199 0
45 201 0
202 121 0
160 5 0
8 0 0
3 153 0
152 8 0
59 26 0
145 10 0
159 1 0
2 109 0
94 11 0
99 31 0
92 30 0
42 197 0
114 14 0
154 10 0
1 114 0
205 131 0
130 204 0
74 197 0
90 29 0
56 17 0
169 192 0
97 11 0
86 10 0
73 8 0
196 2 0
206 172 0
161 9 0
137 2 0
201 111 0
9 183 0
63 191 0
1 84 0
75 34 0
76 22 0
205 81 0
47 10 0
3 4 0
115 6 0
174 197 0
115 7 0
77 195 0
39 197 0
116 4 0
200 59 0
32 3 0
156 5 0
76 39 0
94 4 0
85 12 0
116 1 0
81 7 0
118 203 0
60 4 0
1 120 0
57 184 0
98 15 0
205 66 0
104 10 0
98 26 0
170 204 0
58 17 0
67 200 0
86 6 0
102 203 0
61 26 0
89 201 0
79 29 0
52 201 0
168 4 0
42 8 0
79 15 0
50 204 0
203 68 0
61 203 0
55 17 0
120 2 0
154 1 0
61 198 0
169 194 0
28 4 0
95 1 0
1 68 0
106 9 0
173 201 0
205 41 0
197 2 0
3 22 0
7 67 0
2 20 0
203 145 0
88 13 0
96 205 0
199 125 0
99 16 0
201 145 0
118 205 0
41 205 0
138 2 0
6 64 0
64 5 0
117 194 0
126 1 0
202 119 0
77 24 0
194 6 0
68 12 0
54 0 0
90 31 0
100 31 0
7 123 0
112 203 0
205 78 0
7 72 0
108 6 0
131 1 0
73 3 0
198 7 0
60 23 0
98 27 0
143 3 0
193 2 0
6 74 0
113 10 0
201 120 0
82 6 0
146 6 0
113 203 0
106 203 0
70 20 0
26 2 0
204 4 0
159 206 0
5 73 0
91 28 0
202 94 0
115 197 0
123 203 0
78 7 0
124 3 0
92 205 0
59 28 0
3 91 0
85 38 0
69 0 0
90 203 0
201 5 0
101 197 0
103 35 0
106 6 0
161 204 0
141 8 0
83 4 0
105 28 0
49 205 0
130 2 0
66 196 0
59 20 0
1 119 0
175 196 0
1 182 0
98 31 0
88 21 0
78 8 0
113 36 0
145 5 0
25 1 0
5 182 0
0 169 0
153 4 0
94 24 0
63 18 0
133 4 0
103 10 0
89 20 0
3 89 0
69 16 0
1 97 0
59 17 0
112 18 0
63 15 0
87 27 0
105 6 0
56 22 0
85 29 0
205 205 0
73 4 0
200 184 0
166 4 0
1 24 0
201 109 0
103 16 0
158 3 0
203 175 0
199 5 0
96 13 0
176 205 0
42 11 0
204 22 0
129 3 0
1 205 0
92 18 0
77 4 0
146 2 0
89 8 0
48 4 0
201 116 0
203 26 0
203 132 0
79 16 0
42 2 0
50 196 0
0 41 0
96 29 0
114 11 0
53 19 0
89 34 0
164 5 0
104 205 0
99 10 0
1 95 0
73 192 0
146 7 0
4 23 0
170 194 0
82 3 0
202 147 0
58 18 0
115 16 0
74 38 0
82 28 0
179 196 0
86 27 0
205 179 0
171 199 0
162 9 0
47 14 0
122 198 0
42 1 0
63 202 0
88 5 0
89 4 0
85 21 0
157 14 0
58 25 0
68 27 0
3 72 0
45 5 0
164 7 0
119 199 0
171 196 0
104 15 0
110 8 0
205 73 0
109 36 0
118 206 0
75 197 0
109 37 0
44 195 0
67 8 0
174 193 0
83 11 0
204 186 0
156 14 0
103 1 0
99 204 0
81 198 0
174 206 0
100 18 0
58 11 0
200 149 0
141 0 0
79 9 0
78 3 0
64 19 0
75 2 0
165 4 0
202 108 0
1 26 0
3 179 0
167 4 0
181 205 0
52 22 0
113 21 0
201 123 0
201 152 0
42 6 0
45 200 0
102 1 0
84 36 0
59 205 0
58 1 0
63 12 0
71 7 0
142 4 0
161 1 0
95 12 0
60 3 0
200 116 0
167 1 0
166 3 0
183 202 0
97 26 0
35 10 0
203 179 0
6 22 0
76 40 0
111 1 0
203 71 0
87 13 0
89 19 0
78 32 0
81 25 0
87 16 0
127 204 0
86 7 0
103 26 0
126 205 0
203 123 0
1 78 0
160 11 0
117 24 0
64 10 0
121 6 0
95 28 0
107 28 0
148 1 0
201 70 0
5 119 0
7 71 0
94 27 0
153 10 0
58 19 0
6 120 0
89 14 0
65 12 0
69 191 0
77 192 0
74 37 0
205 18 0
110 38 0
109 30 0
44 0 0
172 195 0
88 14 0
79 17 0
79 30 0
204 92 0
67 30 0
62 191 0
86 206 0
205 64 0
73 193 0
202 128 0
73 21 0
80 9 0
206 187 0
146 205 0
204 78 0
148 205 0
142 7 0
137 6 0
203 17 0
60 202 0
103 17 0
143 7 0
205 164 0
85 13 0
202 73 0
84 11 0
200 68 0
46 3 0
61 6 0
159 7 0
69 32 0
2 153 0
205 153 0
5 75 0
68 0 0
204 119 0
78 23 0
205 120 0
169 3 0
82 11 0
86 14 0
82 30 0
51 9 0
118 197 0
100 3 0
52 5 0
88 12 0
145 204 0
68 201 0
93 4 0
4 73 0
79 23 0
76 2 0
124 12 0
4 185 0
99 15 0
81 11 0
2 86 0
1 183 0
205 58 0
61 10 0
204 185 0
203 22 0
0 65 0
205 23 0
3 152 0
198 61 0
2 166 0
3 184 0
97 8 0
77 36 0
71 11 0
204 174 0
67 23 0
177 195 0
0 148 0
99 27 0
105 14 0
202 112 0
50 10 0
2 112 0
204 16 0
46 15 0
141 1 0
93 21 0
87 6 0
171 2 0
83 15 0
74 22 0
143 5 0
170 1 0
1 186 0
206 199 0
62 15 0
204 20 0
52 189 0
201 72 0
205 125 0
43 200 0
63 206 0
1 108 0
54 10 0
74 18 0
1 23 0
60 26 0
87 9 0
199 64 0
202 181 0
168 200 0
35 203 0
85 6 0
102 20 0
156 4 0
51 8 0
203 23 0
106 202 0
69 23 0
1 153 0
1 74 0
196 4 0
54 15 0
204 115 0
7 184 0
145 2 0
113 15 0
1 165 0
116 193 0
82 197 0
107 1 0
204 121 0
174 192 0
86 13 0
46 4 0
110 7 0
205 63 0
66 27 0
5 23 0
100 14 0
84 13 0
65 24 0
149 11 0
124 0 0
84 204 0
85 26 0
206 109 0
42 195 0
203 180 0
102 9 0
206 97 0
82 20 0
105 10 0
92 4 0
2 80 0
9 173 0
205 19 0
75 201 0
75 193 0
73 1 0
83 12 0
105 15 0
82 26 0
203 21 0
137 5 0
107 3 0
205 65 0
71 19 0
163 9 0
109 5 0
75 4 0
90 3 0
107 5 0
3 121 0
202 114 0
202 88 0
62 204 0
200 124 0
81 29 0
114 3 0
43 195 0
101 10 0
75 195 0
203 146 0
0 7 0
119 23 0
95 4 0
39 2 0
105 1 0
200 117 0
61 29 0
179 199 0
120 201 0
58 7 0
206 41 0
204 117 0
84 16 0
203 129 0
206 94 0
97 22 0
101 11 0
111 8 0
205 68 0
80 1 0
204 179 0
82 8 0
205 151 0
78 5 0
57 203 0
202 22 0
178 195 0
88 11 0
34 8 0
195 4 0
69 4 0
55 16 0
175 194 0
205 174 0
2 73 0
78 4 0
58 193 0
206 86 0
201 174 0
5 147 0
103 2 0
204 183 0
96 15 0
145 205 0
115 23 0
39 1 0
68 31 0
113 16 0
2 71 0
203 113 0
205 44 0
60 24 0
45 6 0
2 149 0
97 5 0
55 19 0
103 19 0
126 0 0
93 19 0
123 204 0
61 11 0
144 4 0
108 5 0
104 14 0
204 97 0
88 23 0
169 198 0
105 19 0
46 16 0
202 178 0
118 195 0
52 10 0
166 2 0
91 18 0
68 22 0
90 11 0
114 28 0
50 8 0
2 129 0
103 21 0
201 128 0
94 5 0
75 6 0
32 8 0
107 8 0
55 1 0
121 202 0
58 5 0
100 30 0
103 9 0
117 199 0
74 25 0
206 132 0
108 13 0
2 148 0
80 39 0
50 14 0
203 6 0
60 27 0
131 203 0
53 6 0
117 15 0
104 36 0
77 32 0
204 47 0
60 9 0
202 146 0
150 6 0
2 94 0
205 97 0
49 13 0
110 205 0
203 118 0
117 9 0
65 4 0
125 11 0
174 203 0
79 2 0
75 1 0
116 9 0
102 3 0
43 3 0
40 206 0
74 24 0
69 29 0
161 2 0
106 14 0
100 10 0
95 2 0
122 10 0
99 13 0
103 8 0
102 8 0
205 25 0
95 13 0
116 7 0
164 197 0
205 15 0
203 63 0
75 14 0
204 25 0
109 6 0
117 192 0
108 18 0
2 183 0
121 11 0
4 90 0
77 20 0
205 169 0
108 9 0
110 24 0
205 182 0
202 153 0
123 194 0
103 27 0
110 9 0
124 205 0
185 203 0
45 2 0
180 199 0
102 35 0
60 11 0
43 13 0
55 20 0
85 36 0
48 15 0
140 0 0
96 4 0
58 14 0
73 19 0
71 195 0
58 28 0
64 15 0
203 166 0
115 10 0
52 9 0
100 28 0
60 22 0
92 8 0
3 154 0
176 202 0
90 5 0
43 192 0
112 201 0
118 199 0
72 32 0
206 20 0
151 5 0
43 194 0
105 9 0
22 0 0
200 127 0
101 25 0
171 195 0
168 194 0
202 182 0
108 16 0
46 201 0
183 203 0
68 196 0
70 13 0
115 4 0
111 20 0
53 9 0
202 77 0
47 200 0
64 191 0
69 196 0
99 23 0
99 28 0
66 194 0
121 194 0
1 22 0
59 6 0
202 2 0
204 106 0
101 9 0
172 191 0
188 204 0
7 0 0
205 20 0
114 197 0
109 4 0
5 181 0
187 203 0
103 5 0
97 13 0
203 117 0
88 34 0
162 8 0
71 25 0
49 9 0
127 6 0
113 17 0
3 122 0
4 184 0
141 206 0
79 24 0
200 67 0
164 2 0
123 196 0
91 12 0
195 3 0
203 96 0
1 27 0
104 1 0
72 27 0
53 191 0
101 13 0
0 147 0
101 203 0
84 195 0
67 29 0
205 22 0
76 19 0
109 1 0
58 199 0
100 11 0
82 203 0
80 31 0
205 144 0
48 2 0
125 8 0
68 20 0
72 29 0
53 8 0
200 69 0
148 8 0
88 29 0
99 11 0
109 205 0
47 3 0
99 3 0
32 11 0
78 26 0
201 183 0
64 205 0
3 92 0
105 18 0
55 25 0
85 2 0
46 2 0
84 5 0
145 3 0
206 100 0
112 2 0
52 19 0
204 69 0
8 174 0
50 11 0
202 74 0
66 4 0
137 4 0
123 9 0
203 20 0
118 3 0
203 24 0
49 5 0
56 184 0
47 17 0
1 111 0
104 24 0
80 7 0
104 11 0
41 5 0
104 2 0
52 8 0
206 117 0
55 21 0
67 190 0
45 11 0
60 1 0
123 199 0
157 8 0
103 6 0
96 23 0
3 187 0
107 204 0
64 8 0
103 22 0
205 61 0
53 201 0
84 1 0
97 30 0
102 6 0
165 1 0
104 4 0
71 194 0
103 4 0
96 14 0
203 171 0
105 12 0
199 150 0
114 17 0
2 123 0
105 13 0
204 155 0
63 25 0
200 24 0
1 124 0
79 13 0
104 13 0
74 198 0
178 202 0
86 9 0
96 8 0
205 184 0
167 200 0
174 198 0
75 38 0
64 4 0
117 1 0
4 179 0
144 8 0
91 26 0
96 28 0
1 109 0
62 9 0
203 182 0
1 156 0
201 108 0
1 17 0
63 193 0
1 122 0
99 2 0
120 4 0
54 18 0
104 7 0
98 19 0
36 4 0
148 2 0
81 36 0
87 2 0
97 0 0
194 2 0
72 198 0
50 9 0
116 12 0
148 5 0
93 18 0
146 203 0
122 4 0
182 199 0
102 2 0
69 192 0
199 151 0
95 10 0
179 197 0
67 26 0
58 195 0
29 206 0
125 1 0
123 3 0
4 115 0
59 29 0
65 193 0
100 1 0
54 24 0
62 23 0
42 192 0
3 123 0
206 163 0
203 7 0
204 152 0
117 197 0
91 33 0
93 6 0
124 8 0
102 4 0
82 33 0
68 11 0
4 122 0
103 20 0
46 6 0
79 203 0
71 24 0
115 24 0
101 1 0
99 30 0
69 31 0
114 5 0
0 42 0
106 13 0
102 11 0
201 147 0
3 75 0
101 14 0
91 34 0
76 41 0
202 68 0
57 204 0
171 200 0
67 194 0
83 194 0
69 203 0
4 117 0
147 204 0
117 17 0
204 3 0
86 11 0
101 0 0
43 196 0
118 7 0
92 16 0
112 34 0
203 98 0
121 3 0
122 2 0
61 202 0
204 169 0
74 196 0
91 204 0
83 0 0
73 27 0
56 202 0
172 1 0
66 30 0
129 2 0
150 2 0
2 184 0
1 107 0
117 23 0
103 15 0
203 184 0
38 205 0
162 205 0
203 109 0
49 204 0
81 24 0
3 65 0
106 3 0
93 16 0
60 5 0
113 202 0
200 179 0
54 19 0
77 198 0
120 0 0
87 206 0
126 11 0
85 1 0
72 17 0
57 194 0
91 15 0
125 3 0
1 20 0
65 204 0
170 191 0
113 18 0
201 117 0
116 205 0
119 13 0
45 10 0
125 205 0
122 201 0
81 33 0
54 21 0
177 201 0
39 196 0
54 194 0
90 35 0
80 33 0
104 201 0
80 30 0
5 127 0
110 32 0
102 14 0
205 181 0
81 19 0
75 24 0
57 3 0
120 6 0
111 15 0
203 167 0
124 4 0
160 4 0
85 15 0
81 30 0
2 77 0
109 25 0
201 175 0
119 7 0
3 47 0
74 13 0
4 152 0
119 6 0
32 2 0
52 16 0
70 194 0
0 103 0
65 9 0
42 193 0
150 1 0
98 12 0
45 9 0
44 2 0
44 11 0
154 206 0
81 26 0
57 6 0
64 0 0
205 47 0
153 6 0
6 148 0
72 2 0
101 27 0
201 24 0
107 12 0
204 130 0
105 11 0
4 116 0
53 12 0
105 27 0
1 172 0
149 8 0
100 199 0
108 11 0
116 196 0
112 31 0
104 9 0
80 32 0
147 7 0
71 3 0
48 6 0
92 24 0
199 2 0
84 37 0
83 21 0
83 36 0
83 28 0
198 125 0
70 196 0
80 16 0
199 181 0
74 17 0
8 121 0
147 3 0
50 203 0
91 17 0
58 189 0
51 190 0
104 12 0
66 201 0
68 30 0
165 197 0
166 200 0
3 96 0
178 204 0
5 66 0
106 11 0
59 8 0
99 205 0
5 177 0
113 26 0
108 1 0
112 13 0
64 28 0
201 58 0
88 200 0
91 24 0
79 35 0
78 30 0
82 37 0
202 116 0
198 6 0
9 121 0
93 10 0
62 22 0
102 18 0
108 19 0
100 5 0
82 35 0
133 5 0
55 18 0
69 20 0
173 1 0
95 18 0
40 197 0
67 204 0
203 186 0
87 12 0
4 178 0
108 4 0
89 24 0
1 180 0
4 69 0
128 202 0
78 189 0
55 3 0
65 26 0
55 198 0
205 109 0
85 35 0
94 12 0
62 5 0
56 15 0
162 6 0
69 205 0
68 200 0
94 15 0
147 8 0
117 10 0
186 205 0
70 206 0
58 191 0
73 20 0
169 1 0
66 1 0
57 16 0
99 6 0
202 18 0
54 199 0
2 151 0
77 30 0
91 5 0
113 19 0
6 6 0
1 189 0
204 19 0
75 20 0
178 197 0
168 193 0
0 137 0
38 8 0
108 3 0
141 6 0
73 14 0
106 21 0
71 35 0
46 199 0
101 5 0
154 11 0
79 31 0
160 2 0
91 29 0
201 22 0
66 21 0
204 124 0
205 99 0
52 11 0
68 26 0
90 19 0
181 200 0
104 8 0
44 14 0
200 152 0
2 124 0
58 2 0
201 61 0
102 13 0
201 3 0
69 199 0
149 3 0
106 15 0
66 24 0
84 6 0
53 200 0
91 30 0
73 22 0
40 4 0
200 4 0
57 24 0
114 202 0
51 197 0
123 202 0
72 24 0
58 23 0
106 10 0
110 1 0
91 8 0
68 33 0
101 3 0
202 117 0
91 203 0
98 29 0
204 73 0
145 6 0
206 123 0
201 118 0
89 200 0
99 12 0
174 204 0
1 70 0
121 15 0
79 32 0
35 201 0
87 14 0
100 4 0
103 12 0
0 47 0
95 21 0
74 31 0
59 5 0
56 186 0
96 12 0
124 9 0
61 22 0
179 205 0
85 18 0
60 7 0
2 89 0
59 7 0
202 71 0
2 186 0
110 3 0
90 17 0
48 12 0
118 6 0
72 3 0
110 4 0
54 185 0
177 205 0
45 199 0
193 1 0
107 18 0
166 5 0
76 5 0
136 4 0
204 110 0
128 10 0
38 203 0
70 9 0
144 205 0
134 7 0
174 199 0
55 2 0
96 17 0
155 1 0
104 3 0
76 38 0
58 15 0
67 31 0
6 182 0
0 95 0
77 27 0
163 3 0
52 188 0
135 4 0
6 181 0
112 39 0
85 10 0
52 20 0
104 18 0
90 7 0
83 13 0
62 24 0
99 8 0
60 0 0
166 1 0
111 206 0
206 46 0
90 16 0
2 119 0
77 7 0
102 16 0
107 6 0
61 20 0
87 30 0
121 13 0
98 21 0
101 19 0
196 1 0
4 183 0
98 10 0
201 6 0
52 12 0
74 15 0
68 28 0
98 13 0
198 1 0
205 24 0
105 7 0
37 3 0
201 68 0
199 171 0
63 23 0
144 5 0
55 22 0
58 6 0
202 129 0
91 13 0
1 125 0
92 32 0
180 204 0
116 13 0
57 12 0
84 202 0
205 16 0
51 17 0
179 204 0
48 193 0
86 26 0
101 7 0
204 145 0
109 35 0
107 25 0
205 5 0
61 2 0
204 184 0
72 12 0
79 40 0
56 16 0
2 26 0
84 30 0
63 201 0
78 34 0
5 185 0
48 1 0
4 79 0
63 198 0
75 23 0
4 123 0
2 169 0
111 5 0
2 146 0
97 28 0
81 5 0
99 14 0
96 20 0
81 28 0
205 204 0
170 203 0
27 7 0
61 200 0
48 16 0
86 3 0
64 2 0
1 3 0
3 181 0
91 3 0
141 4 0
89 1 0
85 197 0
76 20 0
56 196 0
128 3 0
157 11 0
90 10 0
160 1 0
31 8 0
203 1 0
28 6 0
156 2 0
100 15 0
202 1 0
40 195 0
3 67 0
53 204 0
91 27 0
93 24 0
87 22 0
204 109 0
204 65 0
88 33 0
54 204 0
195 6 0
102 12 0
4 19 0
85 33 0
3 10 0
123 12 0
102 199 0
68 25 0
7 125 0
72 31 0
86 34 0
122 12 0
46 203 0
84 34 0
66 195 0
2 10 0
79 201 0
121 12 0
109 40 0
130 1 0
64 7 0
64 6 0
82 31 0
4 22 0
90 15 0
65 6 0
202 126 0
46 9 0
66 199 0
4 121 0
65 8 0
204 44 0
204 77 0
47 198 0
85 17 0
61 21 0
2 97 0
66 8 0
204 87 0
66 9 0
4 74 0
101 18 0
161 10 0
67 205 0
187 204 0
86 37 0
168 196 0
71 189 0
168 202 0
109 14 0
5 174 0
175 192 0
204 111 0
77 12 0
173 193 0
85 3 0
1 151 0
87 3 0
92 3 0
205 74 0
56 13 0
203 72 0
1 96 0
204 45 0
2 125 0
148 4 0
205 108 0
30 6 0
74 6 0
32 0 0
107 27 0
112 1 0
91 9 0
5 6 0
93 9 0
29 7 0
100 2 0
127 10 0
29 6 0
90 9 0
6 146 0
92 27 0
115 14 0
158 1 0
125 204 0
79 196 0
205 116 0
93 22 0
203 70 0
41 201 0
72 36 0
203 124 0
83 202 0
143 4 0
62 203 0
162 2 0
61 199 0
62 199 0
2 5 0
69 1 0
82 9 0
172 2 0
69 3 0
69 2 0
65 22 0
129 202 0
67 3 0
52 2 0
142 5 0
57 2 0
128 6 0
63 6 0
2 154 0
186 203 0
118 4 0
107 19 0
74 5 0
5 68 0
56 12 0
87 36 0
75 5 0
1 72 0
65 10 0
203 151 0
201 177 0
124 203 0
173 198 0
146 9 0
85 37 0
102 29 0
57 10 0
203 131 0
58 10 0
95 24 0
4 126 0
141 9 0
167 195 0
59 12 0
67 25 0
203 143 0
205 185 0
159 6 0
62 12 0
84 2 0
159 12 0
205 173 0
173 192 0
180 203 0
3 174 0
204 66 0
158 7 0
140 4 0
53 192 0
36 5 0
1 118 0
153 15 0
128 2 0
29 5 0
3 61 0
77 14 0
205 147 0
201 173 0
89 10 0
177 200 0
81 192 0
102 7 0
89 9 0
97 23 0
170 2 0
96 202 0
129 9 0
95 22 0
77 188 0
205 21 0
50 195 0
94 22 0
6 179 0
128 9 0
163 1 0
48 13 0
198 5 0
154 7 0
88 20 0
66 2 0
158 4 0
93 26 0
86 198 0
118 202 0
151 8 0
68 3 0
48 195 0
44 203 0
62 202 0
159 8 0
78 40 0
55 186 0
69 19 0
7 119 0
68 2 0
50 202 0
67 2 0
59 192 0
88 2 0
100 20 0
108 2 0
78 39 0
49 202 0
80 29 0
112 35 0
38 2 0
168 3 0
70 4 0
102 15 0
74 4 0
68 13 0
198 149 0
74 28 0
4 173 0
73 5 0
203 91 0
81 12 0
80 11 0
57 14 0
72 16 0
59 13 0
4 8 0
113 30 0
114 7 0
127 3 0
172 193 0
79 202 0
95 203 0
173 194 0
67 203 0
30 9 0
205 171 0
1 8 0
82 15 0
204 128 0
203 149 0
122 7 0
114 6 0
104 6 0
78 35 0
89 6 0
48 200 0
151 2 0
205 112 0
60 28 0
162 10 0
145 203 0
98 32 0
58 26 0
33 7 0
62 2 0
88 16 0
62 3 0
44 9 0
99 32 0
94 26 0
98 23 0
76 0 0
80 199 0
62 1 0
64 1 0
65 1 0
202 115 0
87 18 0
67 1 0
78 15 0
193 3 0
37 198 0
110 204 0
156 9 0
112 204 0
68 4 0
68 5 0
58 204 0
71 23 0
61 16 0
128 4 0
4 76 0
205 26 0
67 22 0
203 110 0
70 3 0
204 143 0
127 4 0
180 197 0
72 4 0
62 14 0
72 5 0
67 12 0
54 8 0
81 13 0
205 45 0
3 124 0
173 200 0
56 188 0
3 149 0
111 3 0
54 11 0
57 13 0
92 19 0
200 72 0
200 71 0
203 93 0
68 204 0
50 12 0
96 25 0
67 5 0
1 169 0
78 199 0
77 41 0
99 25 0
2 175 0
99 24 0
50 18 0
62 28 0
86 4 0
188 205 0
7 73 0
184 205 0
166 199 0
93 8 0
164 202 0
3 74 0
95 206 0
101 200 0
80 5 0
203 94 0
120 5 0
105 30 0
97 14 0
72 10 0
46 14 0
100 203 0
1 100 0
151 15 0
3 19 0
27 3 0
4 174 0
67 10 0
0 81 0
198 8 0
41 9 0
24 1 0
0 189 0
107 26 0
204 144 0
90 8 0
133 6 0
25 2 0
63 3 0
63 2 0
132 6 0
67 199 0
61 1 0
204 108 0
51 6 0
69 9 0
162 3 0
71 32 0
70 7 0
48 10 0
121 198 0
83 34 0
204 205 0
69 6 0
204 90 0
54 198 0
54 197 0
71 1 0
96 1 0
118 9 0
76 13 0
76 30 0
90 6 0
4 146 0
119 14 0
82 13 0
81 14 0
147 4 0
77 9 0
57 193 0
182 200 0
73 24 0
79 8 0
81 38 0
67 11 0
42 201 0
56 10 0
79 190 0
32 12 0
76 198 0
59 15 0
55 9 0
205 98 0
99 26 0
91 16 0
189 205 0
56 2 0
202 62 0
56 1 0
75 13 0
82 205 0
89 26 0
81 204 0
101 202 0
61 25 0
1 94 0
79 193 0
205 96 0
3 76 0
47 19 0
204 89 0
49 11 0
119 200 0
65 5 0
122 199 0
194 4 0
203 111 0
39 7 0
108 27 0
80 18 0
0 151 0
39 198 0
59 16 0
2 23 0
38 3 0
63 4 0
3 48 0
69 28 0
106 7 0
68 10 0
147 203 0
67 9 0
69 197 0
205 118 0
43 11 0
83 1 0
80 10 0
63 196 0
32 5 0
161 8 0
121 7 0
204 153 0
161 7 0
117 203 0
128 201 0
72 15 0
69 8 0
80 37 0
72 14 0
1 168 0
205 107 0
2 114 0
68 6 0
119 205 0
74 11 0
63 1 0
43 206 0
93 205 0
81 39 0
52 14 0
61 9 0
59 197 0
75 12 0
204 15 0
89 35 0
79 39 0
158 9 0
89 15 0
66 10 0
55 11 0
39 10 0
199 127 0
205 202 0
60 196 0
96 203 0
199 126 0
45 7 0
57 8 0
53 7 0
56 5 0
45 14 0
56 23 0
101 12 0
163 198 0
78 187 0
81 202 0
164 203 0
108 34 0
202 61 0
203 183 0
2 46 0
40 199 0
47 202 0
3 8 0
205 203 0
34 7 0
112 14 0
89 7 0
175 202 0
122 196 0
80 25 0
79 36 0
112 7 0
71 192 0
149 4 0
77 8 0
42 3 0
204 182 0
43 205 0
126 201 0
168 197 0
205 111 0
129 1 0
142 9 0
56 25 0
92 9 0
69 17 0
150 13 0
88 204 0
88 7 0
53 20 0
56 26 0
50 6 0
114 25 0
39 3 0
89 32 0
57 189 0
72 13 0
140 1 0
125 202 0
73 13 0
71 13 0
150 8 0
124 10 0
70 8 0
202 150 0
68 7 0
74 16 0
71 14 0
83 20 0
85 205 0
119 198 0
76 12 0
88 22 0
75 194 0
7 183 0
68 189 0
4 42 0
46 196 0
114 15 0
205 48 0
85 204 0
59 204 0
86 22 0
201 130 0
53 13 0
200 153 0
81 22 0
184 201 0
5 184 0
72 9 0
202 183 0
57 9 0
35 5 0
55 197 0
68 9 0
55 8 0
205 76 0
2 21 0
203 172 0
203 127 0
169 0 0
82 23 0
57 7 0
81 190 0
6 65 0
4 4 0
203 92 0
205 70 0
56 6 0
55 6 0
74 202 0
64 197 0
205 117 0
6 72 0
171 198 0
54 2 0
109 19 0
121 2 0
72 191 0
168 201 0
1 99 0
88 1 0
118 194 0
7 182 0
31 204 0
204 94 0
4 72 0
57 18 0
52 18 0
180 205 0
204 93 0
70 25 0
77 29 0
64 26 0
114 13 0
124 202 0
179 202 0
74 195 0
68 193 0
204 112 0
1 123 0
47 199 0
200 121 0
73 11 0
1 40 0
114 19 0
119 1 0
81 203 0
202 110 0
107 24 0
3 42 0
75 17 0
97 16 0
60 18 0
154 14 0
112 21 0
70 16 0
69 12 0
72 18 0
82 194 0
2 65 0
71 16 0
73 12 0
64 20 0
154 0 0
44 8 0
1 150 0
152 14 0
43 202 0
71 15 0
89 13 0
141 3 0
45 203 0
75 9 0
70 15 0
146 1 0
75 10 0
114 200 0
54 190 0
79 14 0
75 19 0
81 193 0
77 22 0
119 9 0
81 23 0
111 7 0
71 9 0
198 151 0
180 198 0
86 205 0
0 106 0
123 1 0
58 8 0
62 26 0
64 203 0
80 13 0
4 47 0
201 129 0
95 14 0
56 9 0
134 3 0
53 4 0
53 3 0
111 14 0
149 205 0
176 201 0
88 3 0
202 95 0
47 13 0
155 7 0
54 20 0
122 1 0
57 5 0
154 2 0
78 10 0
165 201 0
80 35 0
87 32 0
166 194 0
65 194 0
70 191 0
9 182 0
109 15 0
204 125 0
113 7 0
111 11 0
133 3 0
155 4 0
171 192 0
75 32 0
65 2 0
67 7 0
95 25 0
3 185 0
205 141 0
170 195 0
89 2 0
154 5 0
72 193 0
55 203 0
78 206 0
150 7 0
59 11 0
146 11 0
100 202 0
199 7 0
204 95 0
201 127 0
178 201 0
120 8 0
115 205 0
155 8 0
41 6 0
146 3 0
3 80 0
116 22 0
60 29 0
152 13 0
79 27 0
74 12 0
47 16 0
110 18 0
132 5 0
73 18 0
73 17 0
88 8 0
173 199 0
119 2 0
37 8 0
201 25 0
87 20 0
86 5 0
35 2 0
205 113 0
74 7 0
153 12 0
110 15 0
75 7 0
102 24 0
72 203 0
84 25 0
78 19 0
118 10 0
145 7 0
118 22 0
74 10 0
77 19 0
120 203 0
76 9 0
70 204 0
78 190 0
83 22 0
77 21 0
115 198 0
202 4 0
81 27 0
59 19 0
126 3 0
205 126 0
117 205 0
173 204 0
77 37 0
49 197 0
181 199 0
165 205 0
71 10 0
201 94 0
64 201 0
58 9 0
70 12 0
146 202 0
204 72 0
114 195 0
54 3 0
111 22 0
116 2 0
54 193 0
202 93 0
33 2 0
44 10 0
44 1 0
55 7 0
97 200 0
53 2 0
116 28 0
110 14 0
79 191 0
102 198 0
169 200 0
81 197 0
206 162 0
65 3 0
113 11 0
112 11 0
29 204 0
77 13 0
0 121 0
2 147 0
147 12 0
127 200 0
111 16 0
161 12 0
160 12 0
167 202 0
82 22 0
155 5 0
101 30 0
157 10 0
102 202 0
150 3 0
77 189 0
49 18 0
48 201 0
197 0 0
100 8 0
205 130 0
98 22 0
5 78 0
171 193 0
103 18 0
122 6 0
51 5 0
54 184 0
117 14 0
1 126 0
1 112 0
202 63 0
53 196 0
202 23 0
69 201 0
204 98 0
205 146 0
0 68 0
112 19 0
5 122 0
36 10 0
83 18 0
205 198 0
123 6 0
4 63 0
5 71 0
200 21 0
76 8 0
54 205 0
98 28 0
55 205 0
206 125 0
7 22 0
81 200 0
74 9 0
89 18 0
35 8 0
88 18 0
107 16 0
60 15 0
200 6 0
82 17 0
205 183 0
7 120 0
82 27 0
71 12 0
121 14 0
2 90 0
168 204 0
54 5 0
203 60 0
0 78 0
122 14 0
80 34 0
205 129 0
204 132 0
117 11 0
77 187 0
72 25 0
161 201 0
107 205 0
114 12 0
113 13 0
66 5 0
60 17 0
112 12 0
205 170 0
155 6 0
80 26 0
85 4 0
86 202 0
205 168 0
0 163 0
73 23 0
98 17 0
203 178 0
205 162 0
2 176 0
56 11 0
104 204 0
176 196 0
129 204 0
154 8 0
52 4 0
104 23 0
80 22 0
120 9 0
174 205 0
121 8 0
73 30 0
6 122 0
162 204 0
80 206 0
32 6 0
4 67 0
1 64 0
96 2 0
0 93 0
72 8 0
73 7 0
93 3 0
30 4 0
84 19 0
140 9 0
122 5 0
80 20 0
77 196 0
54 1 0
204 61 0
83 198 0
33 9 0
5 149 0
108 38 0
83 19 0
43 5 0
74 8 0
78 9 0
205 42 0
163 200 0
85 16 0
100 198 0
41 198 0
82 19 0
152 7 0
89 29 0
84 9 0
81 18 0
65 205 0
90 202 0
194 1 0
200 3 0
128 200 0
2 95 0
86 17 0
7 124 0
84 21 0
56 193 0
85 22 0
98 1 0
105 33 0
35 3 0
83 17 0
77 23 0
91 35 0
79 21 0
56 4 0
119 3 0
200 178 0
50 4 0
110 33 0
41 196 0
1 81 0
51 4 0
116 14 0
82 1 0
199 123 0
199 124 0
2 6 0
59 18 0
107 202 0
169 205 0
74 29 0
63 19 0
201 125 0
63 199 0
61 17 0
157 5 0
72 35 0
200 147 0
164 205 0
140 5 0
68 18 0
1 187 0
203 170 0
177 202 0
59 9 0
60 8 0
44 197 0
87 205 0
3 175 0
87 34 0
101 201 0
3 66 0
86 204 0
200 125 0
182 204 0
104 25 0
203 148 0
51 3 0
144 1 0
55 201 0
51 13 0
205 87 0
8 122 0
81 16 0
202 171 0
127 202 0
122 13 0
148 3 0
152 1 0
199 182 0
93 14 0
33 5 0
204 147 0
202 21 0
34 3 0
73 6 0
55 184 0
27 5 0
87 19 0
72 6 0
86 20 0
59 27 0
85 20 0
77 40 0
84 20 0
126 12 0
91 6 0
80 14 0
86 16 0
81 15 0
80 15 0
130 6 0
37 203 0
201 71 0
126 198 0
105 32 0
156 10 0
87 17 0
85 14 0
52 193 0
64 198 0
79 20 0
53 1 0
78 20 0
55 4 0
53 10 0
178 196 0
57 201 0
51 10 0
116 27 0
60 21 0
201 62 0
50 3 0
3 146 0
1 69 0
6 7 0
203 125 0
50 2 0
60 19 0
156 1 0
43 2 0
34 9 0
202 130 0
108 203 0
170 200 0
166 196 0
5 172 0
32 202 0
4 172 0
83 2 0
39 205 0
87 204 0
1 177 0
151 7 0
202 60 0
103 203 0
52 1 0
203 128 0
55 5 0
79 22 0
204 171 0
201 150 0
131 5 0
84 14 0
75 196 0
125 200 0
153 1 0
201 119 0
53 205 0
144 204 0
118 11 0
54 187 0
204 113 0
77 15 0
86 18 0
114 18 0
51 199 0
204 116 0
78 16 0
94 31 0
6 149 0
205 40 0
93 30 0
81 21 0
57 23 0
163 4 0
90 18 0
104 20 0
126 203 0
82 18 0
70 27 0
86 15 0
111 9 0
3 128 0
80 17 0
88 17 0
121 201 0
120 7 0
55 204 0
76 10 0
78 21 0
112 17 0
172 201 0
77 200 0
78 22 0
4 144 0
127 9 0
59 21 0
66 17 0
66 18 0
205 157 0
95 205 0
41 199 0
57 4 0
79 198 0
73 33 0
143 1 0
57 1 0
43 1 0
205 84 0
2 181 0
1 164 0
88 205 0
204 60 0
61 23 0
42 7 0
150 4 0
73 201 0
159 9 0
82 21 0
5 67 0
89 31 0
69 7 0
78 17 0
76 15 0
85 39 0
4 95 0
78 14 0
172 197 0
6 184 0
155 2 0
100 29 0
1 110 0
123 198 0
92 6 0
69 195 0
87 21 0
105 20 0
33 8 0
111 35 0
79 34 0
91 31 0
200 5 0
201 121 0
173 196 0
119 10 0
0 49 0
203 121 0
79 25 0
128 1 0
51 15 0
92 5 0
118 198 0
44 193 0
2 187 0
81 9 0
151 1 0
71 196 0
40 202 0
80 6 0
52 7 0
46 202 0
118 16 0
111 204 0
51 7 0
50 5 0
129 8 0
61 19 0
65 17 0
2 91 0
206 71 0
67 21 0
65 18 0
60 14 0
108 17 0
82 14 0
3 115 0
82 201 0
2 182 0
39 199 0
109 39 0
40 9 0
204 148 0
5 173 0
74 36 0
80 192 0
98 204 0
117 195 0
112 4 0
172 204 0
75 8 0
118 12 0
51 205 0
118 201 0
5 76 0
1 76 0
90 1 0
2 41 0
3 23 0
54 4 0
77 16 0
84 26 0
77 5 0
55 190 0
205 106 0
116 203 0
128 11 0
127 2 0
90 13 0
44 4 0
192 1 0
204 76 0
54 202 0
107 2 0
46 5 0
179 201 0
9 123 0
109 33 0
79 26 0
154 6 0
7 149 0
1 82 0
86 29 0
78 24 0
48 5 0
124 11 0
49 3 0
73 35 0
132 205 0
49 2 0
48 3 0
2 9 0
177 196 0
104 203 0
65 23 0
5 145 0
113 2 0
89 16 0
51 12 0
83 200 0
1 171 0
1 86 0
61 13 0
82 191 0
133 7 0
109 204 0
112 5 0
124 199 0
172 198 0
87 1 0
56 3 0
199 172 0
119 4 0
157 6 0
3 186 0
122 205 0
205 165 0
65 15 0
40 198 0
201 63 0
103 204 0
123 5 0
79 192 0
5 7 0
4 145 0
177 199 0
205 188 0
71 193 0
119 202 0
76 16 0
83 23 0
60 204 0
80 194 0
76 14 0
177 194 0
7 66 0
82 24 0
157 1 0
203 46 0
202 125 0
89 21 0
142 8 0
45 3 0
67 198 0
82 25 0
64 193 0
45 196 0
153 7 0
126 9 0
47 6 0
64 18 0
45 194 0
92 204 0
167 194 0
66 23 0
74 39 0
65 19 0
44 199 0
2 142 0
99 198 0
124 6 0
145 9 0
175 198 0
112 15 0
166 203 0
196 3 0
1 117 0
114 201 0
205 167 0
3 69 0
36 2 0
188 203 0
120 3 0
62 27 0
205 180 0
6 173 0
99 202 0
1 142 0
202 151 0
121 9 0
69 193 0
205 14 0
5 22 0
203 108 0
6 68 0
85 24 0
124 2 0
86 23 0
84 23 0
76 17 0
148 11 0
84 24 0
57 196 0
162 4 0
110 27 0
83 25 0
41 3 0
134 5 0
126 202 0
6 125 0
72 20 0
42 4 0
110 28 0
122 197 0
84 3 0
201 122 0
107 17 0
128 7 0
170 199 0
201 146 0
1 80 0
67 201 0
162 199 0
138 5 0
60 13 0
94 14 0
111 17 0
200 169 0
1 59 0
165 204 0
51 201 0
76 21 0
110 17 0
1 66 0
3 68 0
81 8 0
3 18 0
4 68 0
49 19 0
1 71 0
138 7 0
58 198 0
49 17 0
138 6 0
84 7 0
3 176 0
203 59 0
103 202 0
54 17 0
3 125 0
100 201 0
1 9 0
56 200 0
202 149 0
55 200 0
4 124 0
80 19 0
127 1 0
127 5 0
37 1 0
68 195 0
203 112 0
47 1 0
41 7 0
69 188 0
118 27 0
202 179 0
203 115 0
121 197 0
69 24 0
8 183 0
123 195 0
82 7 0
173 191 0
139 5 0
90 20 0
76 194 0
73 10 0
63 22 0
63 21 0
60 201 0
70 5 0
1 4 0
56 187 0
108 12 0
163 197 0
162 200 0
86 39 0
164 200 0
164 201 0
88 19 0
163 201 0
97 201 0
139 4 0
81 201 0
8 182 0
47 18 0
1 75 0
4 175 0
203 61 0
2 143 0
77 34 0
109 34 0
3 151 0
4 77 0
203 169 0
8 119 0
5 121 0
5 152 0
161 3 0
155 3 0
86 12 0
60 16 0
44 3 0
43 8 0
76 18 0
6 118 0
86 24 0
83 16 0
106 205 0
69 25 0
129 7 0
163 196 0
119 193 0
164 196 0
79 189 0
51 0 0
170 192 0
170 201 0
1 145 0
56 21 0
172 196 0
62 25 0
198 172 0
60 203 0
203 173 0
152 10 0
203 66 0
135 1 0
111 18 0
56 19 0
204 41 0
42 9 0
70 26 0
157 2 0
164 3 0
206 89 0
54 196 0
69 26 0
116 5 0
62 16 0
52 3 0
203 114 0
118 191 0
82 16 0
108 29 0
34 10 0
77 190 0
47 8 0
204 46 0
49 4 0
2 25 0
75 192 0
64 17 0
62 20 0
66 25 0
180 200 0
65 29 0
175 201 0
73 29 0
77 39 0
166 197 0
168 195 0
47 195 0
170 198 0
85 201 0
204 64 0
46 1 0
102 23 0
203 65 0
176 193 0
70 2 0
70 205 0
115 15 0
1 178 0
120 199 0
57 20 0
205 6 0
138 3 0
34 4 0
1 44 0
73 34 0
205 3 0
160 8 0
41 8 0
72 194 0
36 8 0
44 6 0
31 12 0
62 13 0
114 205 0
146 8 0
46 8 0
63 14 0
152 6 0
57 186 0
166 202 0
2 78 0
29 1 0
64 21 0
116 15 0
170 205 0
63 16 0
83 24 0
57 190 0
198 150 0
62 19 0
99 1 0
94 23 0
182 201 0
167 193 0
167 196 0
2 174 0
67 27 0
168 192 0
167 201 0
84 31 0
119 203 0
171 197 0
63 24 0
83 199 0
205 178 0
86 201 0
158 10 0
50 198 0
2 74 0
203 177 0
3 41 0
151 12 0
119 11 0
76 1 0
2 177 0
200 62 0
195 2 0
102 201 0
73 16 0
80 193 0
116 197 0
200 150 0
68 194 0
151 3 0
1 63 0
41 203 0
61 0 0
44 7 0
200 66 0
203 58 0
55 12 0
58 187 0
140 6 0
141 2 0
48 8 0
113 20 0
58 188 0
56 185 0
51 20 0
125 9 0
31 2 0
73 205 0
23 3 0
1 155 0
57 205 0
80 189 0
181 203 0
166 198 0
164 198 0
105 201 0
173 190 0
58 196 0
204 168 0
169 204 0
204 177 0
82 198 0
86 203 0
6 172 0
29 8 0
78 191 0
71 28 0
204 86 0
2 87 0
38 1 0
199 4 0
47 9 0
44 5 0
47 15 0
162 203 0
102 25 0
148 9 0
60 189 0
47 7 0
201 60 0
108 26 0
205 90 0
59 189 0
60 190 0
62 18 0
62 17 0
119 16 0
39 203 0
115 25 0
106 30 0
40 203 0
41 202 0
155 9 0
184 203 0
117 196 0
74 205 0
197 4 0
39 204 0
149 9 0
67 191 0
122 8 0
77 31 0
52 197 0
169 193 0
148 204 0
56 20 0
174 191 0
165 199 0
167 198 0
87 203 0
79 199 0
167 2 0
156 7 0
52 190 0
2 64 0
156 13 0
7 173 0
3 170 0
201 2 0
50 205 0
2 3 0
205 145 0
148 6 0
201 115 0
52 6 0
31 11 0
78 18 0
31 1 0
53 14 0
117 198 0
49 6 0
203 116 0
206 23 0
59 188 0
49 8 0
202 174 0
61 189 0
27 2 0
53 189 0
127 11 0
205 199 0
4 149 0
115 13 0
83 205 0
161 6 0
193 4 0
38 204 0
73 36 0
113 8 0
205 4 0
50 15 0
178 200 0
108 204 0
4 176 0
128 0 0
176 194 0
87 202 0
153 8 0
205 110 0
82 202 0
2 107 0
54 201 0
76 33 0
5 5 0
71 198 0
81 189 0
50 7 0
30 5 0
55 183 0
44 205 0
5 146 0
66 204 0
202 64 0
123 7 0
105 22 0
8 124 0
26 3 0
53 187 0
120 10 0
168 205 0
138 4 0
111 203 0
106 12 0
70 30 0
116 21 0
71 30 0
103 24 0
189 204 0
163 205 0
121 193 0
119 194 0
2 0 0
160 9 0
204 68 0
113 34 0
158 14 0
63 11 0
59 14 0
2 178 0
201 64 0
97 204 0
71 29 0
151 9 0
3 9 0
9 205 0
205 86 0
173 205 0
203 147 0
41 4 0
84 28 0
198 4 0
199 3 0
48 7 0
56 183 0
108 21 0
180 196 0
52 192 0
114 9 0
139 1 0
60 188 0
91 10 0
62 189 0
39 202 0
65 192 0
62 196 0
185 204 0
109 26 0
40 1 0
1 131 0
113 14 0
38 202 0
142 2 0
123 11 0
41 197 0
73 15 0
54 186 0
201 171 0
49 196 0
4 170 0
115 201 0
120 13 0
67 197 0
50 197 0
87 15 0
161 4 0
1 93 0
75 37 0
108 33 0
2 150 0
49 14 0
199 173 0
177 193 0
174 194 0
161 11 0
200 128 0
202 127 0
84 205 0
79 206 0
105 204 0
40 6 0
78 192 0
205 94 0
1 92 0
86 21 0
2 120 0
173 195 0
109 18 0
108 20 0
53 202 0
79 18 0
3 143 0
140 2 0
49 194 0
114 23 0
1 127 0
126 2 0
49 195 0
38 201 0
205 155 0
172 199 0
48 197 0
50 188 0
51 188 0
56 194 0
51 189 0
49 198 0
111 40 0
161 203 0
93 204 0
57 17 0
199 128 0
90 21 0
201 124 0
69 194 0
205 60 0
48 203 0
72 196 0
205 154 0
70 192 0
202 66 0
63 17 0
197 7 0
70 33 0
60 25 0
53 194 0
2 128 0
10 206 0
1 115 0
89 205 0
49 193 0
2 122 0
53 195 0
87 4 0
52 195 0
205 142 0
51 187 0
50 189 0
58 203 0
2 66 0
54 9 0
54 6 0
50 190 0
175 193 0
78 38 0
78 37 0
79 195 0
108 25 0
1 176 0
201 168 0
205 175 0
198 124 0
202 118 0
50 16 0
70 29 0
205 128 0
76 197 0
118 5 0
89 199 0
202 59 0
80 200 0
3 88 0
56 197 0
65 21 0
173 203 0
29 4 0
204 59 0
4 66 0
57 0 0
55 194 0
167 5 0
110 34 0
79 19 0
205 2 0
72 22 0
38 196 0
36 204 0
66 205 0
53 193 0
4 114 0
168 198 0
6 119 0
109 28 0
3 147 0
52 194 0
202 155 0
93 23 0
51 194 0
89 204 0
76 23 0
63 200 0
205 121 0
132 204 0
200 181 0
64 194 0
58 20 0
65 28 0
77 38 0
169 197 0
47 12 0
197 124 0
73 2 0
199 62 0
98 205 0
78 36 0
3 90 0
109 32 0
129 205 0
34 2 0
201 19 0
117 202 0
204 154 0
3 110 0
111 34 0
191 2 0
91 201 0
70 189 0
2 168 0
115 22 0
197 150 0
169 202 0
69 189 0
54 195 0
4 5 0
69 10 0
66 200 0
30 1 0
109 16 0
64 199 0
65 200 0
49 201 0
32 1 0
62 201 0
118 204 0
61 201 0
50 201 0
205 88 0
204 5 0
60 199 0
204 129 0
66 29 0
147 5 0
106 4 0
71 33 0
127 8 0
67 24 0
2 170 0
204 165 0
2 172 0
5 70 0
63 26 0
99 19 0
3 169 0
174 202 0
3 120 0
8 123 0
58 22 0
112 20 0
5 151 0
53 199 0
65 199 0
25 4 0
52 200 0
104 200 0
49 203 0
66 26 0
51 200 0
71 202 0
60 195 0
127 203 0
49 200 0
56 201 0
98 24 0
137 3 0
69 33 0
202 175 0
159 10 0
90 205 0
48 14 0
5 175 0
98 203 0
66 20 0
121 204 0
147 11 0
106 204 0
150 11 0
32 7 0
73 195 0
157 3 0
117 21 0
53 197 0
78 200 0
3 116 0
112 30 0
52 199 0
76 196 0
52 198 0
88 6 0
77 194 0
123 2 0
163 203 0
28 5 0
71 197 0
47 203 0
41 204 0
50 199 0
42 204 0
202 176 0
42 203 0
4 91 0
49 15 0
54 16 0
43 203 0
50 17 0
202 172 0
80 196 0
80 201 0
64 13 0
94 25 0
40 7 0
201 126 0
88 203 0
51 16 0
5 171 0
52 203 0
115 200 0
61 193 0
114 204 0
200 63 0
130 205 0
3 114 0
149 10 0
107 33 0
176 200 0
72 195 0
92 26 0
2 118 0
110 40 0
124 7 0
204 122 0
88 24 0
124 200 0
2 115 0
106 34 0
83 192 0
170 196 0
47 5 0
107 34 0
5 69 0
205 200 0
201 151 0
46 205 0
89 12 0
34 1 0
47 201 0
47 204 0
63 204 0
64 202 0
120 205 0
64 204 0
152 4 0
3 144 0
1 88 0
52 15 0
51 18 0
164 8 0
49 16 0
153 14 0
87 201 0
128 203 0
125 10 0
93 31 0
44 204 0
58 12 0
51 11 0
43 204 0
108 39 0
69 204 0
3 148 0
48 204 0
199 149 0
40 3 0
2 17 0
66 202 0
69 30 0
53 18 0
79 200 0
59 24 0
90 200 0
91 205 0
123 205 0
46 18 0
146 10 0
55 187 0
89 203 0
150 10 0
100 27 0
78 195 0
201 149 0
70 188 0
47 194 0
92 28 0
81 1 0
103 25 0
70 32 0
46 204 0
93 17 0
32 9 0
68 205 0
65 202 0
61 197 0
149 12 0
95 16 0
60 197 0
127 199 0
116 199 0
59 198 0
59 199 0
121 203 0
88 199 0
92 11 0
58 201 0
204 120 0
117 201 0
151 11 0
125 2 0
82 196 0
203 152 0
120 11 0
53 11 0
70 193 0
120 23 0
205 57 0
118 23 0
136 6 0
42 205 0
61 195 0
112 25 0
154 9 0
200 148 0
78 201 0
202 148 0
62 197 0
153 13 0
201 67 0
62 198 0
85 199 0
59 196 0
43 7 0
116 204 0
5 129 0
79 37 0
1 90 0
55 196 0
202 167 0
46 13 0
46 12 0
45 12 0
5 150 0
122 3 0
111 4 0
117 22 0
204 107 0
63 194 0
111 38 0
62 194 0
164 6 0
2 145 0
126 4 0
73 37 0
114 20 0
61 194 0
152 2 0
204 156 0
60 194 0
89 25 0
183 201 0
65 198 0
74 206 0
4 18 0
83 35 0
66 203 0
143 205 0
128 204 0
57 197 0
88 25 0
58 197 0
4 127 0
55 195 0
57 195 0
58 21 0
202 170 0
203 165 0
6 174 0
37 7 0
203 74 0
115 204 0
152 11 0
180 202 0
105 25 0
202 154 0
35 204 0
115 26 0
202 168 0
206 3 0
124 204 0
137 1 0
37 199 0
36 205 0
34 200 0
66 193 0
174 195 0
146 4 0
7 70 0
57 21 0
37 205 0
59 22 0
60 12 0
157 15 0
54 203 0
139 7 0
175 0 0
206 112 0
0 113 0
206 59 0
0 145 0
173 0 0
0 74 0
206 51 0
206 62 0
0 50 0
0 32 0
0 51 0
0 64 0
189 0 0
190 0 0
192 0 0
0 127 0
206 68 0
0 70 0
0 57 0
206 126 0
177 0 0
206 30 0
206 129 0
0 126 0
0 35 0
201 0 0
0 130 0
0 72 0
206 37 0
0 37 0
206 39 0
206 64 0
206 65 0
206 52 0
190 206 0
206 170 0
0 67 0
206 35 0
0 52 0
206 168 0
206 29 0
178 0 0
142 206 0
0 172 0
130 206 0
127 206 0
0 33 0
206 43 0
140 206 0
126 206 0
206 42 0
206 13 0
132 206 0
145 206 0
0 143 0
122 206 0
193 0 0
131 206 0
144 206 0
0 191 0
0 15 0
59 206 0
143 206 0
129 206 0
128 206 0
206 190 0
182 0 0
0 132 0
117 206 0
0 190 0
15 206 0
206 12 0
106 206 0
202 0 0
180 0 0
105 206 0
103 206 0
16 206 0
104 206 0
183 0 0
115 206 0
113 206 0
110 206 0
24 206 0
22 206 0
206 36 0
109 206 0
114 206 0
112 206 0
23 206 0
30 206 0
0 29 0
206 34 0
0 83 0
0 30 0
0 198 0
206 204 0
206 203 0
206 198 0
206 200 0
0 53 0
0 36 0
206 137 0
206 78 0
0 197 0
0 204 0
0 199 0
3 206 0
0 203 0
187 0 0
0 136 0
206 128 0
0 80 0
0 196 0
6 206 0
0 205 0
5 206 0
206 201 0
99 206 0
188 0 0
185 0 0
186 0 0
206 156 0
0 149 0
9 206 0
134 206 0
20 0 0
75 0 0
0 173 0
131 0 0
77 206 0
0 155 0
0 85 0
95 0 0
206 195 0
56 0 0
165 0 0
96 0 0
191 206 0
206 31 0
194 0 0
206 17 0
91 206 0
206 141 0
0 128 0
58 0 0
149 0 0
192 206 0
198 206 0
206 197 0
191 0 0
91 0 0
206 85 0
0 179 0
0 171 0
0 77 0
69 206 0
4 206 0
65 206 0
206 67 0
107 0 0
32 206 0
196 206 0
138 206 0
206 38 0
0 17 0
0 108 0
0 99 0
45 206 0
0 175 0
90 0 0
206 124 0
206 134 0
80 0 0
92 0 0
125 206 0
206 53 0
146 0 0
34 0 0
206 166 0
88 0 0
0 201 0
206 104 0
0 188 0
206 98 0
9 0 0
46 206 0
25 206 0
176 206 0
31 206 0
72 0 0
0 144 0
0 1 0
21 0 0
0 141 0
206 136 0
0 79 0
0 58 0
206 101 0
74 0 0
83 206 0
206 145 0
185 206 0
0 167 0
0 82 0
39 0 0
206 155 0
163 206 0
52 0 0
118 0 0
206 66 0
0 86 0
73 0 0
181 0 0
155 0 0
59 0 0
81 206 0
0 102 0
63 0 0
206 193 0
206 122 0
206 184 0
206 18 0
54 206 0
179 0 0
206 183 0
0 182 0
3 0 0
100 0 0
47 0 0
0 150 0
29 0 0
0 28 0
116 0 0
10 0 0
0 180 0
116 206 0
19 206 0
200 0 0
93 0 0
206 130 0
124 206 0
206 116 0
206 103 0
0 38 0
206 19 0
36 206 0
1 0 0
97 206 0
172 206 0
206 87 0
67 206 0
206 6 0
17 206 0
206 185 0
206 47 0
0 104 0
0 114 0
206 140 0
206 105 0
7 206 0
206 25 0
0 56 0
89 206 0
0 63 0
0 142 0
206 127 0
94 206 0
52 206 0
96 206 0
152 0 0
206 154 0
147 206 0
44 206 0
0 16 0
0 152 0
0 164 0
206 175 0
40 0 0
57 206 0
110 0 0
171 206 0
184 206 0
85 206 0
139 206 0
206 182 0
50 0 0
35 206 0
206 159 0
45 0 0
0 43 0
206 50 0
33 0 0
0 138 0
0 139 0
0 165 0
0 90 0
0 24 0
149 206 0
102 0 0
0 181 0
206 181 0
0 158 0
206 79 0
152 206 0
0 76 0
205 206 0
206 180 0
133 0 0
121 206 0
62 206 0
70 0 0
66 0 0
204 0 0
137 206 0
117 0 0
78 0 0
176 0 0
53 0 0
206 146 0
206 152 0
206 114 0
111 0 0
164 0 0
156 0 0
0 20 0
206 165 0
201 206 0
136 206 0
206 179 0
47 206 0
173 206 0
187 206 0
193 206 0
0 3 0
184 0 0
121 0 0
122 0 0
119 0 0
199 206 0
148 206 0
206 90 0
0 117 0
112 0 0
12 206 0
11 0 0
73 206 0
181 206 0
200 206 0
206 33 0
132 0 0
206 167 0
0 101 0
202 206 0
0 2 0
0 153 0
206 142 0
206 131 0
18 0 0
160 206 0
206 27 0
195 0 0
206 158 0
206 191 0
130 0 0
206 107 0
194 206 0
0 75 0
113 0 0
0 98 0
125 0 0
135 206 0
0 123 0
206 111 0
0 202 0
49 0 0
129 0 0
27 206 0
163 0 0
0 55 0
103 0 0
206 74 0
206 177 0
0 156 0
0 129 0
206 202 0
139 0 0
0 111 0
0 34 0
34 206 0
159 0 0
127 0 0
106 0 0
206 95 0
4 0 0
12 0 0
196 0 0
14 0 0
14 206 0
37 0 0
87 0 0
134 0 0
38 206 0
0 46 0
0 31 0
186 206 0
82 0 0
206 150 0
206 61 0
137 0 0
13 0 0
0 161 0
17 0 0
15 0 0
105 0 0
0 62 0
206 5 0
0 193 0
0 97 0
206 133 0
102 206 0
206 80 0
75 206 0
164 206 0
25 0 0
168 206 0
206 138 0
81 0 0
0 135 0
206 11 0
16 0 0
206 157 0
206 10 0
2 206 0
206 72 0
0 120 0
0 157 0
206 8 0
21 206 0
115 0 0
64 206 0
43 0 0
206 9 0
0 100 0
0 92 0
182 206 0
148 0 0
170 206 0
203 0 0
19 0 0
84 0 0
26 0 0
206 60 0
27 0 0
0 124 0
0 11 0
206 40 0
151 206 0
0 40 0
42 0 0
0 61 0
0 27 0
158 0 0
0 12 0
23 0 0
30 0 0
0 195 0
98 0 0
206 49 0
206 192 0
206 102 0
98 206 0
206 108 0
205 0 0
0 146 0
206 1 0
206 63 0
0 5 0
51 206 0
0 125 0
28 0 0
0 21 0
168 0 0
0 23 0
5 0 0
6 0 0
133 206 0
38 0 0
0 39 0
0 178 0
195 206 0
206 45 0
206 115 0
204 206 0
11 206 0
0 6 0
0 26 0
0 25 0
136 0 0
161 0 0
0 192 0
35 0 0
31 0 0
180 206 0
138 0 0
206 24 0
33 206 0
206 194 0
28 206 0
170 0 0
160 0 0
206 178 0
145 0 0
144 0 0
142 0 0
0 14 0
167 0 0
0 140 0
166 0 0
206 106 0
20 206 0
41 0 0
197 206 0
206 169 0
156 206 0
157 206 0
135 0 0
158 206 0
206 44 0
206 2 0
0 96 0
155 206 0
0 110 0
0 109 0
175 206 0
0 13 0
206 21 0
206 15 0
143 0 0
0 176 0
153 206 0
0 105 0
206 171 0
18 206 0
206 135 0
0 185 0
206 69 0
166 206 0
165 206 0
183 206 0
206 176 0
0 9 0
162 206 0
206 189 0
0 18 0
8 206 0
119 206 0
167 206 0
206 96 0
206 148 0
0 170 0
0 4 0
0 66 0
178 206 0
206 7 0
199 0 0
206 186 0
206 84 0
198 0 0
188 206 0
0 45 0
206 147 0
0 69 0
0 8 0
0 187 0
108 206 0
100 206 0
0 186 0
58 206 0
0 87 0
0 44 0
179 206 0
206 149 0
0 115 0
41 206 0
13 206 0
55 206 0
206 55 0
161 206 0
206 143 0
206 16 0
0 88 0
37 206 0
206 188 0
206 83 0
206 174 0
0 116 0
206 77 0
206 196 0
172 0 0
36 0 0
0 162 0
88 206 0
66 206 0
39 206 0
60 206 0
206 22 0
0 194 0
206 73 0
206 82 0
55 0 0
206 32 0
0 131 0
61 206 0
93 206 0
92 206 0
206 144 0
0 166 0
0 119 0
206 92 0
206 56 0
48 206 0
49 206 0
0 91 0
206 173 0
206 57 0
174 0 0
53 206 0
50 206 0
150 206 0
206 113 0
0 54 0
206 48 0
169 206 0
0 48 0
114 0 0
206 119 0
206 54 0
90 206 0
206 75 0
206 118 0
0 122 0
0 134 0
84 206 0
150 0 0
206 139 0
42 206 0
72 206 0
0 10 0
0 168 0
206 121 0
0 60 0
71 206 0
68 206 0
206 164 0
206 28 0
0 200 0
0 94 0
206 91 0
low, high, current -1 -1 8
Confirming Router Algorithm: TIMING_DRIVEN.
T_crit: 1.13035e-07.
T_crit: 1.12931e-07.
T_crit: 1.12826e-07.
T_crit: 1.12915e-07.
T_crit: 1.12904e-07.
T_crit: 1.12927e-07.
T_crit: 1.12929e-07.
T_crit: 1.12935e-07.
T_crit: 1.12935e-07.
T_crit: 1.13048e-07.
T_crit: 1.13048e-07.
T_crit: 1.13154e-07.
T_crit: 1.13256e-07.
T_crit: 1.13257e-07.
T_crit: 1.13366e-07.
T_crit: 1.13359e-07.
T_crit: 1.13573e-07.
T_crit: 1.1367e-07.
T_crit: 1.13989e-07.
T_crit: 1.13569e-07.
T_crit: 1.14812e-07.
T_crit: 1.14812e-07.
T_crit: 1.15232e-07.
T_crit: 1.15126e-07.
T_crit: 1.1555e-07.
T_crit: 1.15856e-07.
T_crit: 1.15751e-07.
T_crit: 1.17937e-07.
T_crit: 1.17844e-07.
T_crit: 1.18673e-07.
T_crit: 1.19286e-07.
T_crit: 1.19708e-07.
T_crit: 1.19909e-07.
T_crit: 1.20635e-07.
T_crit: 1.20433e-07.
T_crit: 1.20843e-07.
T_crit: 1.22306e-07.
T_crit: 1.21269e-07.
T_crit: 1.20126e-07.
T_crit: 1.20963e-07.
T_crit: 1.20858e-07.
T_crit: 1.2065e-07.
T_crit: 1.21679e-07.
T_crit: 1.22615e-07.
T_crit: 1.21685e-07.
T_crit: 1.21788e-07.
T_crit: 1.21675e-07.
T_crit: 1.21059e-07.
T_crit: 1.20939e-07.
T_crit: 1.20854e-07.
Routing failed.
low, high, current 8 -1 16
Confirming Router Algorithm: TIMING_DRIVEN.
T_crit: 1.12884e-07.
T_crit: 1.12831e-07.
T_crit: 1.12623e-07.
T_crit: 1.12728e-07.
T_crit: 1.12728e-07.
T_crit: 1.12799e-07.
T_crit: 1.12799e-07.
T_crit: 1.12799e-07.
T_crit: 1.12801e-07.
T_crit: 1.12801e-07.
T_crit: 1.13018e-07.
T_crit: 1.13018e-07.
T_crit: 1.13018e-07.
T_crit: 1.13018e-07.
T_crit: 1.12923e-07.
T_crit: 1.12922e-07.
T_crit: 1.1313e-07.
T_crit: 1.1313e-07.
T_crit: 1.1313e-07.
T_crit: 1.1313e-07.
T_crit: 1.1313e-07.
T_crit: 1.13966e-07.
T_crit: 1.14485e-07.
T_crit: 1.14381e-07.
T_crit: 1.14277e-07.
T_crit: 1.14589e-07.
T_crit: 1.1522e-07.
T_crit: 1.15012e-07.
T_crit: 1.16252e-07.
T_crit: 1.17292e-07.
T_crit: 1.17504e-07.
T_crit: 1.17293e-07.
T_crit: 1.18434e-07.
T_crit: 1.18109e-07.
T_crit: 1.18626e-07.
T_crit: 1.17802e-07.
T_crit: 1.1781e-07.
T_crit: 1.18018e-07.
T_crit: 1.17521e-07.
T_crit: 1.17521e-07.
T_crit: 1.17924e-07.
T_crit: 1.18552e-07.
T_crit: 1.18451e-07.
T_crit: 1.21041e-07.
T_crit: 1.19162e-07.
T_crit: 1.18883e-07.
T_crit: 1.19179e-07.
T_crit: 1.19293e-07.
T_crit: 1.19483e-07.
T_crit: 1.20103e-07.
Routing failed.
low, high, current 16 -1 32
Confirming Router Algorithm: TIMING_DRIVEN.
T_crit: 1.12884e-07.
T_crit: 1.12831e-07.
T_crit: 1.12623e-07.
T_crit: 1.12623e-07.
T_crit: 1.12728e-07.
T_crit: 1.12728e-07.
T_crit: 1.12748e-07.
T_crit: 1.12637e-07.
T_crit: 1.12623e-07.
T_crit: 1.12623e-07.
T_crit: 1.12623e-07.
T_crit: 1.12623e-07.
T_crit: 1.12623e-07.
T_crit: 1.12623e-07.
T_crit: 1.12624e-07.
T_crit: 1.12623e-07.
T_crit: 1.12623e-07.
T_crit: 1.12624e-07.
T_crit: 1.12623e-07.
T_crit: 1.12624e-07.
T_crit: 1.12624e-07.
T_crit: 1.12624e-07.
T_crit: 1.12624e-07.
T_crit: 1.12624e-07.
T_crit: 1.1274e-07.
T_crit: 1.1274e-07.
T_crit: 1.1274e-07.
T_crit: 1.1274e-07.
T_crit: 1.1274e-07.
T_crit: 1.12738e-07.
T_crit: 1.13278e-07.
T_crit: 1.13068e-07.
T_crit: 1.13383e-07.
T_crit: 1.13174e-07.
T_crit: 1.13172e-07.
T_crit: 1.13172e-07.
T_crit: 1.13172e-07.
T_crit: 1.13172e-07.
T_crit: 1.1286e-07.
T_crit: 1.1286e-07.
T_crit: 1.13259e-07.
T_crit: 1.13165e-07.
T_crit: 1.13477e-07.
T_crit: 1.13572e-07.
T_crit: 1.13171e-07.
T_crit: 1.13068e-07.
T_crit: 1.1326e-07.
T_crit: 1.1326e-07.
T_crit: 1.1326e-07.
T_crit: 1.1326e-07.
Routing failed.
low, high, current 32 -1 64
Confirming Router Algorithm: TIMING_DRIVEN.
T_crit: 1.12884e-07.
T_crit: 1.12728e-07.
T_crit: 1.12728e-07.
T_crit: 1.12623e-07.
T_crit: 1.12623e-07.
T_crit: 1.12623e-07.
T_crit: 1.12623e-07.
T_crit: 1.12623e-07.
T_crit: 1.12623e-07.
T_crit: 1.12623e-07.
T_crit: 1.12623e-07.
T_crit: 1.12623e-07.
T_crit: 1.12623e-07.
T_crit: 1.12623e-07.
T_crit: 1.12623e-07.
T_crit: 1.12623e-07.
T_crit: 1.12623e-07.
T_crit: 1.12623e-07.
Successfully routed after 19 routing iterations.
Completed net delay value cross check successfully.
low, high, current 32 64 48
Confirming Router Algorithm: TIMING_DRIVEN.
T_crit: 1.12779e-07.
T_crit: 1.12934e-07.
T_crit: 1.12726e-07.
T_crit: 1.12623e-07.
T_crit: 1.12623e-07.
T_crit: 1.12831e-07.
T_crit: 1.12728e-07.
T_crit: 1.12728e-07.
T_crit: 1.12728e-07.
T_crit: 1.12728e-07.
T_crit: 1.12831e-07.
T_crit: 1.12728e-07.
T_crit: 1.12831e-07.
T_crit: 1.12728e-07.
T_crit: 1.12832e-07.
T_crit: 1.12728e-07.
T_crit: 1.12832e-07.
T_crit: 1.12729e-07.
T_crit: 1.12937e-07.
T_crit: 1.13041e-07.
Successfully routed after 21 routing iterations.
Completed net delay value cross check successfully.
low, high, current 32 48 40
Confirming Router Algorithm: TIMING_DRIVEN.
T_crit: 1.12884e-07.
T_crit: 1.12831e-07.
T_crit: 1.12726e-07.
T_crit: 1.12623e-07.
T_crit: 1.12623e-07.
T_crit: 1.12623e-07.
T_crit: 1.12623e-07.
T_crit: 1.12623e-07.
T_crit: 1.12623e-07.
T_crit: 1.12623e-07.
T_crit: 1.12624e-07.
T_crit: 1.12623e-07.
T_crit: 1.12623e-07.
T_crit: 1.12623e-07.
T_crit: 1.12623e-07.
T_crit: 1.12623e-07.
T_crit: 1.12623e-07.
T_crit: 1.12623e-07.
T_crit: 1.12623e-07.
Successfully routed after 20 routing iterations.
Completed net delay value cross check successfully.
low, high, current 32 40 36
Confirming Router Algorithm: TIMING_DRIVEN.
T_crit: 1.12414e-07.
T_crit: 1.12378e-07.
T_crit: 1.12484e-07.
T_crit: 1.12071e-07.
T_crit: 1.12484e-07.
T_crit: 1.12486e-07.
T_crit: 1.12382e-07.
T_crit: 1.12383e-07.
T_crit: 1.12546e-07.
T_crit: 1.12314e-07.
T_crit: 1.12484e-07.
T_crit: 1.12383e-07.
T_crit: 1.12484e-07.
T_crit: 1.12383e-07.
T_crit: 1.12486e-07.
T_crit: 1.12383e-07.
T_crit: 1.12386e-07.
T_crit: 1.12386e-07.
T_crit: 1.12386e-07.
T_crit: 1.12386e-07.
T_crit: 1.12489e-07.
T_crit: 1.12489e-07.
T_crit: 1.12489e-07.
T_crit: 1.12489e-07.
T_crit: 1.12489e-07.
T_crit: 1.12489e-07.
T_crit: 1.12489e-07.
T_crit: 1.12489e-07.
T_crit: 1.12593e-07.
T_crit: 1.12487e-07.
T_crit: 1.12487e-07.
Successfully routed after 32 routing iterations.
Completed net delay value cross check successfully.
low, high, current 32 36 34
Warning (check_all_tracks_reach_pins):  track 32 does not 
	connect to any FB IPINs.
Warning (check_all_tracks_reach_pins):  track 33 does not 
	connect to any FB IPINs.
Confirming Router Algorithm: TIMING_DRIVEN.
T_crit: 1.12421e-07.
T_crit: 1.12239e-07.
T_crit: 1.12201e-07.
T_crit: 1.12387e-07.
T_crit: 1.12208e-07.
T_crit: 1.12368e-07.
T_crit: 1.12244e-07.
T_crit: 1.12346e-07.
T_crit: 1.12346e-07.
T_crit: 1.12346e-07.
T_crit: 1.12346e-07.
T_crit: 1.1244e-07.
T_crit: 1.1244e-07.
T_crit: 1.12508e-07.
T_crit: 1.1244e-07.
T_crit: 1.12335e-07.
T_crit: 1.12335e-07.
T_crit: 1.12335e-07.
T_crit: 1.12335e-07.
T_crit: 1.12335e-07.
T_crit: 1.12335e-07.
T_crit: 1.12335e-07.
T_crit: 1.12335e-07.
T_crit: 1.12335e-07.
T_crit: 1.12335e-07.
T_crit: 1.12335e-07.
T_crit: 1.12335e-07.
T_crit: 1.12552e-07.
T_crit: 1.12552e-07.
T_crit: 1.12552e-07.
T_crit: 1.12552e-07.
T_crit: 1.12552e-07.
T_crit: 1.12552e-07.
T_crit: 1.12552e-07.
T_crit: 1.12552e-07.
T_crit: 1.12552e-07.
T_crit: 1.12552e-07.
T_crit: 1.12552e-07.
T_crit: 1.12552e-07.
T_crit: 1.12552e-07.
T_crit: 1.12552e-07.
T_crit: 1.12552e-07.
T_crit: 1.12552e-07.
T_crit: 1.12552e-07.
T_crit: 1.12552e-07.
T_crit: 1.12552e-07.
T_crit: 1.12552e-07.
T_crit: 1.12552e-07.
T_crit: 1.12552e-07.
T_crit: 1.12552e-07.
Routing failed.

Checking to ensure routing is legal ...
Completed routing consistency check successfully.

Serial number (magic cookie) for the routing is: 1077751264
Best routing used a channel width factor of 36.


Average number of bends per net: 9.91298  Maximum # of bends: 407


The number of routed nets (nonglobal): 5987
Wirelength results (all in units of 1 clb segments):
	Total wirelength: 679701   Average net length: 113.529
	Maximum net length: 1982

Wirelength results in terms of physical segments:
	Total wiring segments used: 340625   Av. wire segments per net: 56.8941
	Maximum segments used by a net: 994


X - Directed channels:

j	max occ	av_occ		capacity
0	34	21.6585  	36
1	34	21.5951  	36
2	34	20.2878  	36
3	35	20.0439  	36
4	34	21.2829  	36
5	35	20.3171  	36
6	35	19.8341  	36
7	36	19.6146  	36
8	36	20.2098  	36
9	35	18.6195  	36
10	34	17.4732  	36
11	34	16.5756  	36
12	35	16.9512  	36
13	33	16.6439  	36
14	34	16.1561  	36
15	34	17.7463  	36
16	35	17.5073  	36
17	34	18.0976  	36
18	34	15.4585  	36
19	34	16.9415  	36
20	34	16.9171  	36
21	33	17.2195  	36
22	34	15.5902  	36
23	33	16.4537  	36
24	34	13.2927  	36
25	33	15.7366  	36
26	33	13.9317  	36
27	32	12.2976  	36
28	33	11.6439  	36
29	32	11.1561  	36
30	30	12.9463  	36
31	35	12.4683  	36
32	33	11.8390  	36
33	31	11.6537  	36
34	32	12.1512  	36
35	32	13.2829  	36
36	32	13.0341  	36
37	31	11.4488  	36
38	32	11.5171  	36
39	29	10.8439  	36
40	32	12.4878  	36
41	29	9.35122  	36
42	29	10.4927  	36
43	26	9.21951  	36
44	25	8.80976  	36
45	22	9.84390  	36
46	21	8.55122  	36
47	21	8.51220  	36
48	17	5.00000  	36
49	14	5.23415  	36
50	13	3.28293  	36
51	13	3.81463  	36
52	7	2.04878  	36
53	8	2.14146  	36
54	9	2.24390  	36
55	8	1.89756  	36
56	9	2.00976  	36
57	11	4.45366  	36
58	13	3.40976  	36
59	14	3.01951  	36
60	17	5.80488  	36
61	18	5.92683  	36
62	18	11.2780  	36
63	16	7.95610  	36
64	16	9.79512  	36
65	18	6.18049  	36
66	15	7.36098  	36
67	15	3.63902  	36
68	18	8.10732  	36
69	17	5.75122  	36
70	18	8.73659  	36
71	18	6.26829  	36
72	16	7.57073  	36
73	15	10.9122  	36
74	14	7.10732  	36
75	14	4.35610  	36
76	12	4.72683  	36
77	14	7.54146  	36
78	12	3.08293  	36
79	13	3.93659  	36
80	9	3.22927  	36
81	5	1.06829  	36
82	6	1.67317  	36
83	5	1.20976  	36
84	7	2.53171  	36
85	9	3.12683  	36
86	13	3.61463  	36
87	12	4.39512  	36
88	16	3.36098  	36
89	11	5.00000  	36
90	19	7.16098  	36
91	13	6.40976  	36
92	11	2.69268  	36
93	15	5.33171  	36
94	18	5.70732  	36
95	16	3.54634  	36
96	9	1.57073  	36
97	17	4.91220  	36
98	7	3.39512  	36
99	6	3.37561  	36
100	3	1.07805  	36
101	4	1.23902  	36
102	3	1.00488  	36
103	2	0.0878049	36
104	5	1.07317  	36
105	9	1.81463  	36
106	10	2.24878  	36
107	11	3.09268  	36
108	15	4.40976  	36
109	15	5.73659  	36
110	16	5.03902  	36
111	16	3.06341  	36
112	14	4.90732  	36
113	13	3.23415  	36
114	15	9.04390  	36
115	17	5.38537  	36
116	13	4.63902  	36
117	14	5.39512  	36
118	15	3.93659  	36
119	15	4.81951  	36
120	17	8.08780  	36
121	16	5.62439  	36
122	16	3.93171  	36
123	18	5.01951  	36
124	16	6.38537  	36
125	19	6.83415  	36
126	19	5.68293  	36
127	19	6.39024  	36
128	11	5.27805  	36
129	15	5.62927  	36
130	11	4.92195  	36
131	5	1.09756  	36
132	7	1.92683  	36
133	4	1.30732  	36
134	2	0.0243902	36
135	4	1.07805  	36
136	3	0.341463 	36
137	1	0.682927 	36
138	2	0.707317 	36
139	2	0.107317 	36
140	4	0.0975610	36
141	7	1.21951  	36
142	10	3.20976  	36
143	10	5.35610  	36
144	16	5.50732  	36
145	16	5.47317  	36
146	17	5.79512  	36
147	14	4.26341  	36
148	14	4.27805  	36
149	18	8.77561  	36
150	18	9.51220  	36
151	17	4.94146  	36
152	12	4.91220  	36
153	15	2.18049  	36
154	14	2.18049  	36
155	9	1.13171  	36
156	5	0.531707 	36
157	2	0.0780488	36
158	2	0.0195122	36
159	1	0.0243902	36
160	2	0.0439024	36
161	4	1.19512  	36
162	1	0.0146341	36
163	4	1.53659  	36
164	7	1.52195  	36
165	8	1.54146  	36
166	12	3.56585  	36
167	13	4.47805  	36
168	14	6.81463  	36
169	18	9.68293  	36
170	18	7.26829  	36
171	20	9.08293  	36
172	18	8.47805  	36
173	18	9.45854  	36
174	14	8.89268  	36
175	13	7.52683  	36
176	13	6.60000  	36
177	18	6.03902  	36
178	15	8.72683  	36
179	17	9.29756  	36
180	16	8.38537  	36
181	16	8.58049  	36
182	20	8.60976  	36
183	19	8.29268  	36
184	18	8.70732  	36
185	19	8.68781  	36
186	21	8.31707  	36
187	22	9.02927  	36
188	25	9.89756  	36
189	27	10.4634  	36
190	28	12.2927  	36
191	32	11.7463  	36
192	29	14.7220  	36
193	31	14.6195  	36
194	28	14.9707  	36
195	30	15.6927  	36
196	34	18.2049  	36
197	29	16.2439  	36
198	30	16.0098  	36
199	33	17.4829  	36
200	30	17.1805  	36
201	29	15.3073  	36
202	27	16.0000  	36
203	31	16.8195  	36
204	28	17.1902  	36
205	31	19.2000  	36

Y - Directed channels:

i	max occ	av_occ		capacity
0	26	17.1707  	36
1	24	15.2390  	36
2	26	15.7805  	36
3	31	18.3415  	36
4	29	16.2098  	36
5	26	14.4829  	36
6	26	13.5463  	36
7	20	11.0390  	36
8	21	11.4829  	36
9	12	6.26341  	36
10	11	5.64878  	36
11	6	1.49756  	36
12	2	0.556098 	36
13	2	0.0731707	36
14	2	0.190244 	36
15	1	0.0731707	36
16	3	0.0487805	36
17	2	0.00975610	36
18	1	0.00975610	36
19	4	0.482927 	36
20	4	1.04390  	36
21	4	1.06829  	36
22	10	1.67805  	36
23	12	0.858537 	36
24	11	2.80488  	36
25	14	5.08293  	36
26	15	2.24878  	36
27	16	1.97073  	36
28	14	2.70732  	36
29	17	3.50732  	36
30	19	5.13659  	36
31	25	5.33171  	36
32	19	5.94146  	36
33	21	5.49756  	36
34	21	4.71219  	36
35	18	6.06829  	36
36	20	4.72195  	36
37	17	4.25854  	36
38	21	3.76585  	36
39	19	6.45854  	36
40	19	11.0195  	36
41	21	9.15122  	36
42	23	8.28293  	36
43	24	7.45854  	36
44	23	9.28293  	36
45	21	6.70732  	36
46	22	7.27805  	36
47	30	8.37561  	36
48	25	9.23902  	36
49	25	11.2634  	36
50	29	11.2146  	36
51	28	12.5366  	36
52	25	10.2341  	36
53	28	15.1220  	36
54	27	13.7073  	36
55	28	14.4146  	36
56	28	14.5463  	36
57	28	12.9854  	36
58	30	15.5268  	36
59	29	14.1659  	36
60	28	12.3073  	36
61	26	11.0927  	36
62	26	12.9366  	36
63	27	10.2976  	36
64	25	12.0098  	36
65	29	11.2390  	36
66	27	13.3951  	36
67	28	13.8683  	36
68	30	13.7707  	36
69	28	13.5171  	36
70	28	14.9268  	36
71	29	14.4146  	36
72	29	12.5512  	36
73	33	13.2878  	36
74	27	11.5171  	36
75	27	11.5805  	36
76	26	14.7854  	36
77	29	12.9902  	36
78	26	12.8244  	36
79	30	13.7561  	36
80	28	13.4829  	36
81	28	13.3415  	36
82	29	12.6634  	36
83	29	13.0098  	36
84	30	12.3317  	36
85	29	15.2878  	36
86	30	14.2634  	36
87	29	13.0488  	36
88	30	12.4146  	36
89	30	11.0244  	36
90	28	13.4585  	36
91	28	9.12683  	36
92	28	9.60000  	36
93	29	8.39512  	36
94	26	7.80488  	36
95	28	8.33171  	36
96	28	9.52195  	36
97	30	8.88780  	36
98	30	9.46341  	36
99	30	11.2585  	36
100	29	10.0683  	36
101	30	8.27317  	36
102	27	10.4439  	36
103	29	9.64878  	36
104	27	11.2780  	36
105	30	9.96098  	36
106	29	11.7073  	36
107	27	11.1805  	36
108	29	9.18537  	36
109	28	13.3073  	36
110	26	12.6244  	36
111	26	8.59024  	36
112	25	11.8244  	36
113	28	14.0049  	36
114	28	11.9561  	36
115	25	10.9951  	36
116	24	10.3951  	36
117	28	12.2634  	36
118	28	11.0780  	36
119	26	12.1512  	36
120	28	10.0439  	36
121	23	9.15610  	36
122	25	14.8146  	36
123	25	11.8049  	36
124	26	12.4780  	36
125	23	7.91220  	36
126	22	7.37073  	36
127	22	8.67317  	36
128	24	5.26341  	36
129	18	5.32195  	36
130	19	3.85366  	36
131	19	2.39024  	36
132	19	3.65366  	36
133	17	1.80488  	36
134	16	1.80976  	36
135	17	1.35610  	36
136	17	2.23902  	36
137	20	4.80000  	36
138	21	2.80000  	36
139	17	1.84878  	36
140	20	2.73659  	36
141	17	1.73659  	36
142	20	2.69756  	36
143	17	4.51220  	36
144	19	4.77073  	36
145	17	3.94634  	36
146	21	5.74146  	36
147	19	7.09756  	36
148	23	6.00488  	36
149	19	5.48780  	36
150	19	6.15610  	36
151	24	3.51220  	36
152	20	3.94146  	36
153	22	4.52683  	36
154	27	4.60488  	36
155	25	8.62439  	36
156	23	6.04390  	36
157	25	5.89756  	36
158	25	7.72683  	36
159	22	4.75122  	36
160	22	7.74146  	36
161	23	7.64878  	36
162	24	10.1756  	36
163	20	8.40000  	36
164	16	8.75122  	36
165	17	6.07317  	36
166	16	7.65854  	36
167	18	5.09268  	36
168	17	7.27317  	36
169	17	7.79512  	36
170	21	4.32195  	36
171	17	6.18537  	36
172	20	6.53171  	36
173	24	7.68780  	36
174	20	6.43902  	36
175	18	2.22439  	36
176	17	4.02927  	36
177	16	2.33171  	36
178	15	2.80976  	36
179	13	3.56098  	36
180	11	2.83415  	36
181	15	1.26829  	36
182	9	2.80976  	36
183	10	3.78537  	36
184	7	1.39024  	36
185	7	1.20976  	36
186	4	1.02927  	36
187	9	1.20976  	36
188	5	1.20000  	36
189	4	0.385366 	36
190	6	0.907317 	36
191	5	0.726829 	36
192	9	0.863415 	36
193	11	2.59512  	36
194	10	4.87317  	36
195	16	8.98049  	36
196	21	11.0829  	36
197	21	12.1561  	36
198	29	15.7854  	36
199	26	17.6634  	36
200	26	16.2146  	36
201	29	16.1463  	36
202	27	17.1171  	36
203	28	17.9073  	36
204	28	17.4195  	36
205	24	15.3366  	36

Total Tracks in X-direction: 7416  in Y-direction: 7416

Logic Area (in minimum width transistor areas):
Total Logic Area: 1.26075e+09  Per 1x1 logic tile: 30000

Routing area (in minimum width transistor areas):
Total Routing Area: 1.93739e+08  Per logic tile: 4610.08

Segment usage by type (index):
Segment type       Fractional utilization
------------       ----------------------
       0                  0.223

Segment usage by length:
Segment length       Fractional utilization
--------------       ----------------------
        2                   0.223

Critical Path: 1.12487e-07 (s)

Time elapsed (PLACE&ROUTE): 625274225.378000 ms


Time elapsed (Fernando): 625274225.396000 ms

