
VPR FPGA Placement and Routing.
Version: Version 5.0.2
Compiled: Dec 11 2020.
Original VPR by V. Betz.
Timing-driven placement enhancements by A. Marquardt.
Single-drivers enhancements by Andy Ye with additions by.
Mark Fang, Jason Luu, Ted Campbell
Heterogeneous stucture support by Jason Luu and Ted Campbell.
This code is licensed only for non-commercial use.

Auto-sizing FPGA, try x = 50 y = 50
Auto-sizing FPGA, try x = 100 y = 100
Auto-sizing FPGA, try x = 200 y = 200
Auto-sizing FPGA, try x = 400 y = 400
Auto-sizing FPGA, try x = 200 y = 200
Auto-sizing FPGA, try x = 300 y = 300
Auto-sizing FPGA, try x = 250 y = 250
Auto-sizing FPGA, try x = 225 y = 225
Auto-sizing FPGA, try x = 237 y = 237
Auto-sizing FPGA, try x = 243 y = 243
Auto-sizing FPGA, try x = 240 y = 240
Auto-sizing FPGA, try x = 238 y = 238
Auto-sizing FPGA, try x = 239 y = 239
Auto-sizing FPGA, try x = 239 y = 239
FPGA auto-sized to, x = 240 y = 240

Resource Usage:
Netlist      0	blocks of type <EMPTY>
Architecture 4	blocks of type <EMPTY>
Netlist      957	blocks of type .io
Architecture 960	blocks of type .io
Netlist      1539	blocks of type .clb
Architecture 57600	blocks of type .clb

Timing analysis: ON

Operation:  ROUTE_ONLY

PlacerOpts.place_freq:  PLACE_NEVER

RouterOpts.route_type:  DETAILED
RouterOpts.router_algorithm:  TIMING_DRIVEN
RouterOpts.base_cost_type:  DELAY_NORMALIZED
RouterOpts.fixed_channel_width:  NO_FIXED_CHANNEL_WIDTH
RouterOpts.acc_fac:  1.000000
RouterOpts.bb_factor:  3
RouterOpts.bend_cost:  0.000000
RouterOpts.first_iter_pres_fac:  0.500000
RouterOpts.initial_pres_fac:  0.500000
RouterOpts.pres_fac_mult:  1.300000
RouterOpts.max_router_iterations:  50
RouterOpts.astar_fac:  1.200000
RouterOpts.criticality_exp:  1.000000
RouterOpts.max_criticality:  0.990000

RoutingArch.directionality:  UNI_DIRECTIONAL
RoutingArch.switch_block_type:  WILTON
RoutingArch.Fs:  3

The circuit will be mapped into a 240 x 240 array of clbs.

Netlist num_nets:  2373
Netlist num_blocks:  2496
Netlist inputs pins:  834
Netlist output pins:  123

62 1 0
65 2 0
230 239 0
54 2 0
55 4 0
60 3 0
64 4 0
66 2 0
50 6 0
0 152 0
57 8 0
51 7 0
51 6 0
66 1 0
238 236 0
237 220 0
232 234 0
141 237 0
239 215 0
141 1 0
236 233 0
202 238 0
106 0 0
151 238 0
142 238 0
70 240 0
2 3 0
227 238 0
241 196 0
1 134 0
193 0 0
123 241 0
238 11 0
241 125 0
224 0 0
241 53 0
241 81 0
213 2 0
215 4 0
231 0 0
239 137 0
30 240 0
239 59 0
180 3 0
113 241 0
2 136 0
240 151 0
77 240 0
1 30 0
47 238 0
1 87 0
56 5 0
238 104 0
204 240 0
240 71 0
8 0 0
59 241 0
1 14 0
95 241 0
0 218 0
4 153 0
1 111 0
1 109 0
123 0 0
2 215 0
239 43 0
241 82 0
119 0 0
76 1 0
241 115 0
2 137 0
239 232 0
238 228 0
148 2 0
51 4 0
48 2 0
49 2 0
102 241 0
147 3 0
76 0 0
31 240 0
51 3 0
76 2 0
240 111 0
0 112 0
2 240 0
0 187 0
4 238 0
0 16 0
241 27 0
7 0 0
0 238 0
0 96 0
241 111 0
240 164 0
235 152 0
48 1 0
1 164 0
232 241 0
174 240 0
1 218 0
1 167 0
140 240 0
240 120 0
240 116 0
187 0 0
241 166 0
39 240 0
117 241 0
239 166 0
1 136 0
173 240 0
5 241 0
150 1 0
0 188 0
146 3 0
241 223 0
238 102 0
240 231 0
52 2 0
231 233 0
236 227 0
37 1 0
50 3 0
32 2 0
241 65 0
233 233 0
62 4 0
5 149 0
181 1 0
120 0 0
181 4 0
241 193 0
103 2 0
57 1 0
91 0 0
240 37 0
239 148 0
27 241 0
240 230 0
236 152 0
240 85 0
53 5 0
208 0 0
205 240 0
129 241 0
57 4 0
241 4 0
147 237 0
140 237 0
61 2 0
54 6 0
23 1 0
59 6 0
233 2 0
34 2 0
49 1 0
4 147 0
241 177 0
2 4 0
83 0 0
56 6 0
4 237 0
58 6 0
48 239 0
239 9 0
196 237 0
49 241 0
55 1 0
241 182 0
58 7 0
162 240 0
240 184 0
81 0 0
0 128 0
1 171 0
50 0 0
2 98 0
234 238 0
238 227 0
241 63 0
31 239 0
193 240 0
207 241 0
195 238 0
0 161 0
161 241 0
63 1 0
0 117 0
218 2 0
43 241 0
0 183 0
239 40 0
1 0 0
176 1 0
201 0 0
178 5 0
201 2 0
237 153 0
241 123 0
106 241 0
2 6 0
1 117 0
0 170 0
2 191 0
240 18 0
57 2 0
14 0 0
5 152 0
190 1 0
241 157 0
3 10 0
0 19 0
77 0 0
234 241 0
162 241 0
142 1 0
235 151 0
137 240 0
0 47 0
0 61 0
0 73 0
241 45 0
236 229 0
59 1 0
1 116 0
237 237 0
238 238 0
83 241 0
3 150 0
241 227 0
56 0 0
190 241 0
59 0 0
126 0 0
151 240 0
118 0 0
1 21 0
87 0 0
88 1 0
22 241 0
240 21 0
1 22 0
71 2 0
239 225 0
168 0 0
149 237 0
207 0 0
80 0 0
241 155 0
193 241 0
1 20 0
233 232 0
216 5 0
219 1 0
2 149 0
174 0 0
21 3 0
142 237 0
232 236 0
239 229 0
153 0 0
180 0 0
241 236 0
117 240 0
201 239 0
145 2 0
143 1 0
119 241 0
1 140 0
141 239 0
0 98 0
220 1 0
97 0 0
83 1 0
1 96 0
241 219 0
239 167 0
1 98 0
195 237 0
29 240 0
53 1 0
168 240 0
1 146 0
241 34 0
149 2 0
241 184 0
93 239 0
2 146 0
0 37 0
241 105 0
0 83 0
205 239 0
241 191 0
180 241 0
1 37 0
146 235 0
2 147 0
241 146 0
112 0 0
60 2 0
240 67 0
102 0 0
0 133 0
214 0 0
237 217 0
241 188 0
240 142 0
236 151 0
140 241 0
205 241 0
216 1 0
241 216 0
50 2 0
213 5 0
3 154 0
241 234 0
241 185 0
60 5 0
237 1 0
2 145 0
241 165 0
54 1 0
240 11 0
237 228 0
215 5 0
228 240 0
195 235 0
1 233 0
239 10 0
51 5 0
3 146 0
1 38 0
0 28 0
238 43 0
238 166 0
211 1 0
0 20 0
240 148 0
170 241 0
240 38 0
240 150 0
239 152 0
93 0 0
1 144 0
240 212 0
238 155 0
54 5 0
227 237 0
236 146 0
238 145 0
241 32 0
55 2 0
179 1 0
53 6 0
1 133 0
27 0 0
4 0 0
1 107 0
78 238 0
199 0 0
238 146 0
157 241 0
236 226 0
3 134 0
201 241 0
90 0 0
241 49 0
241 129 0
0 206 0
0 126 0
176 3 0
240 134 0
12 1 0
241 31 0
4 148 0
0 115 0
240 133 0
173 241 0
149 241 0
79 240 0
3 144 0
1 106 0
0 223 0
0 69 0
203 239 0
77 239 0
235 0 0
3 216 0
1 208 0
237 146 0
197 240 0
1 222 0
198 241 0
233 0 0
241 74 0
239 103 0
0 189 0
239 86 0
241 42 0
235 220 0
2 61 0
100 0 0
198 240 0
240 125 0
88 241 0
240 154 0
239 133 0
0 110 0
227 236 0
19 1 0
1 215 0
228 235 0
147 2 0
231 241 0
1 2 0
239 102 0
55 5 0
143 0 0
0 75 0
241 190 0
239 61 0
0 154 0
194 239 0
241 152 0
1 150 0
240 188 0
238 190 0
0 147 0
0 66 0
1 190 0
229 237 0
34 241 0
26 241 0
2 5 0
72 240 0
240 155 0
1 217 0
241 19 0
241 220 0
239 150 0
234 220 0
116 1 0
0 193 0
239 139 0
241 73 0
240 40 0
49 238 0
241 35 0
235 148 0
237 41 0
73 4 0
241 139 0
70 1 0
3 145 0
240 97 0
241 89 0
216 2 0
184 4 0
141 238 0
145 236 0
241 211 0
1 176 0
62 6 0
237 40 0
188 240 0
238 42 0
240 12 0
0 34 0
239 157 0
2 97 0
168 239 0
239 228 0
236 240 0
229 234 0
3 152 0
0 172 0
4 218 0
168 241 0
237 155 0
188 1 0
196 0 0
2 195 0
96 0 0
0 191 0
238 229 0
240 123 0
238 123 0
239 219 0
67 241 0
238 240 0
240 124 0
240 145 0
241 79 0
239 154 0
241 5 0
234 148 0
3 198 0
220 0 0
215 241 0
2 102 0
239 87 0
89 0 0
203 1 0
3 155 0
241 134 0
241 133 0
94 240 0
240 195 0
68 241 0
214 4 0
241 40 0
37 240 0
236 218 0
1 241 0
194 237 0
239 35 0
198 1 0
7 151 0
188 239 0
241 87 0
17 241 0
0 95 0
105 0 0
1 237 0
1 141 0
241 153 0
20 241 0
0 137 0
3 222 0
97 1 0
38 0 0
3 7 0
196 239 0
0 44 0
241 95 0
213 3 0
0 199 0
240 36 0
223 241 0
183 1 0
239 124 0
235 235 0
241 159 0
239 165 0
0 215 0
236 41 0
240 87 0
55 6 0
241 72 0
1 110 0
195 240 0
240 223 0
35 238 0
3 11 0
150 236 0
225 238 0
149 235 0
185 240 0
4 154 0
215 2 0
99 0 0
239 149 0
239 144 0
182 3 0
215 3 0
240 57 0
1 39 0
65 1 0
0 198 0
99 1 0
1 173 0
240 44 0
177 3 0
226 241 0
0 149 0
5 0 0
175 3 0
237 0 0
202 241 0
240 88 0
241 102 0
35 237 0
0 231 0
0 7 0
0 217 0
237 149 0
237 42 0
220 241 0
241 39 0
111 0 0
99 2 0
97 241 0
241 16 0
163 240 0
1 97 0
0 40 0
175 1 0
239 120 0
241 204 0
241 62 0
238 143 0
75 1 0
101 241 0
214 1 0
21 2 0
2 155 0
3 218 0
0 29 0
195 239 0
235 238 0
169 241 0
184 3 0
241 36 0
59 4 0
218 3 0
239 145 0
184 0 0
239 241 0
1 184 0
1 104 0
59 8 0
191 240 0
240 114 0
53 2 0
152 0 0
239 4 0
196 241 0
240 53 0
0 240 0
151 239 0
0 135 0
2 53 0
216 4 0
240 152 0
33 1 0
239 38 0
51 0 0
240 41 0
0 119 0
118 239 0
214 241 0
0 52 0
1 152 0
0 93 0
241 25 0
178 1 0
173 1 0
34 1 0
236 148 0
183 3 0
144 1 0
74 3 0
0 216 0
1 59 0
20 1 0
241 239 0
116 241 0
5 148 0
175 2 0
185 3 0
177 0 0
147 236 0
0 204 0
236 149 0
0 94 0
37 239 0
241 183 0
239 115 0
36 1 0
182 2 0
85 0 0
241 71 0
120 240 0
0 165 0
234 2 0
238 115 0
101 1 0
72 239 0
59 5 0
241 101 0
200 241 0
235 149 0
161 0 0
186 2 0
1 211 0
240 146 0
32 0 0
1 5 0
1 62 0
0 22 0
234 240 0
2 197 0
61 7 0
240 189 0
240 110 0
1 13 0
1 151 0
56 7 0
46 1 0
1 155 0
240 115 0
177 1 0
2 214 0
206 241 0
174 1 0
218 1 0
6 149 0
186 239 0
233 151 0
77 241 0
169 239 0
75 0 0
2 196 0
110 0 0
0 143 0
6 151 0
195 236 0
240 103 0
69 0 0
54 4 0
16 0 0
1 105 0
146 0 0
237 148 0
3 197 0
233 238 0
2 151 0
63 241 0
2 153 0
61 6 0
2 38 0
227 0 0
159 240 0
118 238 0
206 0 0
231 1 0
21 1 0
4 150 0
30 1 0
0 101 0
35 241 0
32 241 0
237 227 0
62 5 0
1 183 0
53 0 0
61 1 0
146 2 0
0 89 0
78 240 0
230 238 0
0 222 0
5 239 0
0 9 0
0 58 0
237 152 0
1 145 0
213 4 0
239 84 0
0 10 0
201 240 0
241 173 0
98 1 0
185 237 0
58 2 0
241 144 0
92 0 0
241 148 0
1 195 0
64 3 0
85 240 0
240 229 0
94 239 0
4 221 0
1 100 0
0 12 0
240 5 0
0 78 0
1 23 0
212 3 0
3 226 0
235 240 0
4 149 0
1 198 0
39 239 0
4 141 0
67 1 0
0 48 0
105 241 0
2 112 0
239 155 0
239 237 0
0 21 0
239 53 0
131 0 0
239 227 0
148 241 0
239 151 0
58 5 0
2 140 0
241 13 0
1 31 0
82 241 0
214 3 0
197 0 0
217 3 0
0 88 0
160 0 0
2 198 0
3 148 0
241 225 0
238 62 0
239 153 0
241 86 0
185 0 0
241 202 0
55 0 0
237 87 0
36 238 0
0 129 0
239 88 0
212 4 0
240 210 0
133 241 0
48 3 0
0 23 0
65 3 0
210 240 0
103 3 0
241 207 0
236 237 0
1 102 0
73 1 0
0 212 0
0 82 0
238 85 0
240 143 0
240 10 0
240 173 0
2 193 0
180 1 0
184 1 0
12 0 0
241 12 0
217 241 0
51 1 0
231 240 0
59 3 0
79 241 0
241 169 0
213 0 0
194 238 0
62 241 0
239 28 0
34 0 0
105 1 0
241 231 0
241 94 0
240 102 0
240 165 0
51 2 0
1 239 0
106 1 0
5 150 0
104 1 0
238 226 0
180 6 0
238 39 0
22 2 0
77 1 0
0 153 0
240 4 0
0 196 0
0 151 0
217 1 0
1 197 0
117 1 0
58 1 0
0 144 0
4 217 0
31 0 0
2 117 0
209 241 0
34 238 0
211 0 0
239 111 0
1 194 0
0 197 0
103 241 0
10 241 0
239 101 0
1 3 0
18 0 0
15 0 0
45 241 0
37 238 0
241 116 0
0 104 0
144 237 0
0 87 0
238 88 0
240 6 0
1 15 0
189 3 0
47 239 0
126 240 0
130 241 0
241 149 0
147 0 0
0 235 0
240 196 0
241 229 0
34 240 0
218 241 0
194 0 0
240 109 0
238 147 0
2 31 0
114 0 0
0 67 0
200 0 0
238 58 0
241 80 0
238 68 0
38 237 0
0 132 0
241 23 0
173 2 0
241 167 0
2 135 0
208 239 0
82 0 0
132 0 0
240 144 0
212 1 0
240 68 0
185 1 0
5 142 0
217 4 0
59 2 0
240 232 0
28 240 0
213 1 0
203 241 0
240 166 0
239 147 0
203 238 0
63 3 0
228 236 0
93 240 0
134 241 0
150 235 0
233 234 0
212 2 0
240 104 0
2 156 0
29 241 0
3 224 0
58 4 0
22 0 0
0 184 0
216 3 0
11 241 0
183 241 0
15 241 0
2 142 0
1 112 0
241 90 0
231 238 0
18 2 0
78 241 0
199 241 0
0 157 0
73 3 0
217 0 0
0 140 0
47 1 0
1 115 0
236 228 0
241 161 0
240 218 0
237 145 0
239 42 0
189 4 0
240 183 0
1 230 0
241 179 0
35 239 0
211 2 0
47 0 0
238 234 0
121 0 0
3 153 0
1 186 0
240 167 0
239 194 0
238 59 0
204 2 0
0 97 0
151 236 0
3 217 0
239 122 0
121 241 0
241 17 0
59 7 0
234 149 0
239 85 0
237 229 0
235 239 0
0 142 0
6 150 0
6 241 0
219 2 0
3 147 0
240 241 0
0 146 0
189 239 0
150 240 0
126 241 0
69 1 0
1 200 0
240 176 0
19 2 0
120 239 0
204 241 0
68 0 0
2 2 0
138 241 0
43 0 0
4 11 0
7 150 0
1 143 0
8 241 0
238 214 0
239 231 0
241 14 0
240 141 0
66 4 0
35 240 0
142 2 0
5 1 0
36 0 0
239 136 0
87 2 0
1 174 0
60 4 0
0 164 0
87 1 0
30 241 0
1 196 0
39 2 0
186 4 0
241 232 0
149 0 0
62 7 0
229 241 0
184 238 0
0 71 0
150 241 0
144 239 0
185 2 0
238 38 0
0 207 0
178 0 0
58 0 0
2 150 0
60 1 0
73 0 0
179 0 0
190 239 0
92 241 0
2 52 0
182 4 0
94 241 0
241 85 0
1 149 0
36 241 0
238 87 0
241 76 0
2 133 0
140 0 0
0 177 0
229 239 0
60 7 0
191 1 0
44 241 0
222 0 0
2 9 0
36 240 0
25 0 0
178 3 0
0 125 0
28 241 0
155 0 0
239 97 0
235 221 0
33 241 0
241 164 0
0 33 0
21 0 0
200 240 0
38 2 0
36 239 0
70 239 0
0 181 0
3 219 0
39 241 0
235 147 0
6 0 0
6 2 0
189 238 0
239 64 0
64 0 0
239 238 0
240 34 0
36 237 0
240 69 0
239 143 0
241 2 0
241 96 0
1 40 0
236 236 0
228 241 0
46 0 0
182 1 0
93 241 0
1 58 0
176 2 0
0 192 0
55 3 0
241 46 0
0 53 0
60 6 0
148 1 0
172 1 0
39 238 0
240 174 0
241 47 0
1 12 0
241 67 0
47 241 0
71 1 0
241 15 0
241 112 0
241 163 0
0 32 0
202 0 0
240 168 0
2 209 0
231 236 0
87 3 0
0 121 0
42 0 0
116 0 0
237 154 0
132 241 0
183 2 0
152 241 0
49 3 0
3 12 0
240 216 0
241 215 0
0 99 0
84 241 0
1 60 0
202 239 0
233 235 0
107 241 0
45 1 0
62 0 0
239 11 0
34 3 0
92 240 0
4 145 0
184 2 0
238 223 0
1 191 0
239 175 0
240 29 0
191 241 0
0 11 0
241 68 0
0 111 0
241 91 0
230 241 0
1 156 0
241 156 0
237 7 0
240 62 0
34 239 0
4 9 0
12 241 0
143 2 0
175 0 0
238 192 0
239 62 0
2 134 0
239 223 0
78 0 0
152 240 0
239 69 0
2 22 0
66 241 0
239 142 0
29 239 0
241 6 0
119 239 0
240 209 0
125 240 0
232 233 0
65 4 0
239 1 0
85 1 0
29 0 0
198 0 0
0 15 0
3 149 0
241 59 0
2 239 0
238 86 0
241 176 0
223 238 0
195 241 0
186 238 0
138 2 0
239 234 0
2 115 0
241 51 0
241 58 0
0 210 0
0 169 0
151 0 0
240 101 0
215 6 0
237 3 0
1 154 0
2 154 0
182 241 0
66 0 0
172 240 0
241 199 0
73 239 0
1 142 0
65 0 0
78 1 0
241 52 0
2 13 0
177 2 0
38 240 0
0 179 0
238 156 0
0 72 0
0 85 0
52 3 0
176 4 0
179 4 0
241 198 0
179 2 0
146 1 0
0 113 0
145 3 0
0 148 0
72 2 0
164 241 0
238 144 0
241 154 0
183 0 0
231 235 0
241 61 0
55 8 0
47 240 0
1 118 0
181 3 0
57 5 0
241 21 0
2 152 0
4 144 0
0 171 0
241 238 0
5 145 0
240 147 0
143 238 0
50 1 0
236 234 0
53 3 0
180 4 0
240 106 0
52 1 0
239 146 0
2 138 0
0 182 0
238 152 0
240 140 0
240 149 0
239 39 0
64 1 0
235 236 0
189 2 0
240 28 0
171 240 0
240 43 0
4 12 0
240 14 0
240 42 0
226 0 0
2 1 0
239 174 0
233 239 0
240 226 0
75 2 0
238 220 0
39 0 0
240 156 0
241 41 0
241 224 0
234 235 0
180 5 0
1 29 0
241 142 0
237 147 0
2 0 0
57 0 0
98 2 0
73 2 0
200 1 0
1 240 0
240 35 0
240 20 0
20 3 0
0 100 0
145 241 0
117 2 0
153 239 0
1 201 0
63 0 0
147 4 0
41 2 0
30 239 0
240 60 0
40 0 0
63 2 0
0 30 0
32 240 0
2 230 0
241 77 0
241 99 0
0 134 0
169 240 0
153 237 0
0 224 0
37 3 0
167 240 0
86 0 0
240 77 0
241 197 0
3 141 0
0 116 0
238 7 0
0 42 0
239 76 0
241 83 0
71 241 0
154 241 0
0 91 0
74 2 0
0 64 0
89 241 0
240 119 0
38 3 0
149 240 0
23 0 0
217 2 0
237 233 0
238 232 0
240 240 0
241 7 0
202 237 0
5 151 0
240 186 0
239 218 0
240 227 0
148 3 0
144 2 0
233 236 0
241 3 0
33 238 0
3 225 0
178 4 0
232 237 0
152 238 0
238 9 0
240 153 0
154 239 0
83 240 0
241 218 0
1 52 0
169 0 0
142 0 0
241 75 0
2 54 0
0 160 0
73 240 0
56 241 0
1 54 0
0 139 0
1 53 0
236 0 0
239 213 0
140 1 0
241 187 0
158 241 0
1 231 0
158 240 0
241 132 0
1 55 0
1 147 0
1 175 0
133 0 0
0 124 0
204 1 0
0 155 0
98 241 0
2 221 0
222 240 0
18 1 0
239 104 0
223 240 0
223 239 0
239 116 0
241 214 0
240 238 0
240 105 0
135 241 0
241 104 0
124 241 0
138 240 0
108 241 0
52 241 0
148 236 0
5 144 0
2 216 0
215 1 0
153 240 0
238 135 0
240 138 0
0 214 0
194 240 0
239 105 0
154 240 0
176 0 0
149 236 0
154 238 0
148 234 0
155 239 0
212 0 0
153 238 0
237 232 0
115 241 0
148 235 0
145 235 0
232 239 0
236 153 0
109 2 0
159 241 0
127 0 0
234 237 0
154 0 0
234 236 0
177 240 0
241 98 0
233 240 0
144 0 0
114 241 0
1 207 0
1 72 0
1 209 0
240 208 0
241 84 0
1 210 0
0 209 0
226 237 0
138 0 0
239 186 0
75 241 0
192 0 0
9 0 0
2 208 0
224 241 0
239 60 0
2 139 0
147 1 0
2 210 0
235 237 0
234 239 0
232 240 0
176 240 0
236 241 0
153 241 0
137 241 0
1 132 0
0 102 0
241 171 0
237 144 0
209 0 0
236 219 0
187 2 0
0 237 0
241 137 0
175 241 0
235 241 0
0 107 0
204 239 0
225 241 0
33 237 0
171 0 0
176 241 0
3 221 0
3 227 0
2 141 0
241 209 0
42 2 0
78 239 0
241 147 0
4 227 0
1 114 0
177 241 0
41 1 0
91 241 0
224 239 0
166 0 0
241 30 0
4 146 0
3 199 0
240 225 0
0 138 0
0 166 0
0 57 0
1 199 0
240 187 0
2 226 0
202 240 0
2 116 0
2 225 0
241 97 0
240 63 0
1 216 0
1 227 0
240 185 0
163 0 0
241 186 0
241 237 0
128 241 0
0 226 0
173 0 0
71 0 0
241 66 0
234 1 0
2 227 0
240 136 0
64 2 0
40 1 0
3 142 0
178 241 0
148 0 0
41 0 0
166 241 0
239 109 0
2 109 0
34 237 0
237 151 0
7 1 0
3 228 0
233 237 0
100 1 0
236 232 0
118 2 0
31 238 0
180 2 0
185 239 0
236 231 0
20 2 0
30 238 0
236 235 0
174 2 0
56 1 0
53 241 0
240 73 0
241 174 0
155 240 0
0 185 0
239 118 0
228 239 0
2 220 0
135 2 0
31 1 0
36 2 0
240 215 0
35 3 0
61 241 0
237 230 0
144 3 0
38 238 0
101 0 0
145 0 0
241 212 0
0 3 0
0 203 0
1 74 0
156 240 0
3 151 0
1 8 0
2 110 0
152 236 0
0 27 0
241 150 0
62 3 0
241 213 0
241 195 0
239 221 0
1 229 0
35 2 0
232 238 0
35 0 0
0 49 0
119 240 0
240 76 0
146 240 0
136 2 0
137 4 0
86 1 0
213 241 0
139 241 0
239 29 0
135 1 0
86 2 0
210 1 0
136 1 0
2 144 0
102 2 0
1 1 0
239 57 0
137 2 0
226 240 0
162 0 0
103 1 0
137 0 0
0 92 0
0 190 0
84 1 0
241 158 0
1 153 0
104 0 0
122 0 0
137 1 0
2 10 0
241 110 0
191 0 0
241 126 0
219 3 0
240 214 0
221 1 0
232 232 0
85 2 0
236 239 0
0 8 0
143 241 0
220 2 0
1 166 0
159 0 0
241 100 0
234 3 0
0 17 0
0 31 0
32 1 0
33 3 0
137 3 0
139 1 0
240 3 0
113 0 0
205 0 0
228 237 0
90 241 0
228 238 0
229 238 0
241 64 0
37 2 0
104 2 0
57 6 0
239 190 0
136 3 0
237 234 0
237 236 0
237 235 0
239 226 0
1 18 0
238 233 0
196 240 0
238 218 0
28 239 0
229 240 0
234 234 0
2 238 0
52 4 0
57 7 0
237 216 0
52 5 0
231 239 0
231 237 0
232 235 0
239 2 0
155 238 0
149 1 0
238 231 0
53 4 0
236 222 0
239 230 0
0 50 0
238 148 0
0 77 0
22 3 0
241 141 0
179 5 0
4 152 0
238 149 0
18 241 0
54 3 0
238 150 0
238 8 0
69 241 0
61 5 0
63 6 0
1 224 0
238 41 0
145 238 0
31 241 0
145 237 0
146 236 0
239 216 0
2 218 0
207 240 0
238 215 0
100 241 0
239 188 0
230 234 0
241 128 0
0 68 0
0 141 0
226 238 0
35 1 0
80 3 0
241 28 0
186 237 0
226 239 0
3 140 0
227 239 0
240 9 0
54 241 0
4 143 0
229 236 0
239 8 0
230 236 0
235 1 0
239 6 0
239 134 0
0 229 0
241 178 0
222 241 0
144 238 0
241 200 0
239 199 0
203 0 0
0 118 0
241 135 0
145 1 0
239 189 0
134 1 0
0 35 0
145 239 0
230 237 0
215 0 0
170 0 0
239 240 0
241 57 0
219 241 0
238 153 0
241 114 0
33 0 0
227 240 0
240 0 0
115 1 0
116 2 0
2 143 0
3 143 0
0 220 0
1 185 0
241 92 0
139 238 0
7 240 0
1 234 0
201 1 0
0 234 0
0 120 0
1 71 0
240 211 0
117 0 0
88 0 0
124 0 0
190 2 0
0 63 0
49 0 0
2 148 0
4 142 0
240 207 0
239 140 0
237 241 0
150 237 0
230 235 0
225 239 0
197 1 0
5 143 0
216 0 0
214 2 0
188 238 0
6 143 0
181 2 0
190 240 0
31 236 0
10 0 0
234 151 0
32 236 0
236 150 0
3 241 0
239 138 0
237 150 0
1 7 0
3 1 0
150 0 0
0 221 0
84 0 0
240 233 0
241 151 0
239 135 0
0 26 0
241 131 0
22 1 0
55 7 0
143 240 0
0 176 0
76 241 0
58 241 0
241 162 0
239 123 0
164 0 0
240 100 0
3 6 0
40 3 0
77 238 0
32 237 0
146 239 0
98 0 0
239 41 0
63 5 0
75 240 0
238 230 0
236 238 0
151 241 0
109 241 0
199 240 0
0 90 0
57 3 0
152 237 0
57 241 0
0 106 0
81 2 0
31 237 0
0 103 0
241 140 0
33 236 0
21 241 0
60 241 0
187 237 0
230 240 0
241 113 0
147 234 0
186 240 0
184 240 0
187 240 0
19 0 0
84 240 0
0 55 0
51 241 0
186 241 0
2 176 0
237 221 0
240 175 0
241 118 0
147 235 0
241 70 0
72 241 0
96 241 0
147 241 0
188 0 0
0 205 0
115 0 0
240 118 0
185 238 0
235 150 0
189 240 0
238 151 0
184 239 0
117 238 0
224 240 0
183 240 0
187 238 0
0 136 0
240 64 0
241 168 0
237 9 0
229 235 0
2 12 0
231 234 0
99 241 0
36 3 0
187 239 0
1 19 0
238 216 0
239 156 0
240 190 0
240 222 0
238 191 0
240 191 0
12 2 0
188 2 0
2 217 0
1 16 0
240 213 0
239 37 0
8 239 0
3 200 0
2 201 0
171 241 0
240 219 0
240 86 0
0 236 0
0 38 0
0 200 0
238 222 0
236 147 0
136 241 0
241 217 0
1 193 0
240 39 0
32 239 0
237 2 0
1 192 0
240 192 0
0 4 0
227 241 0
241 93 0
0 127 0
0 24 0
0 158 0
0 43 0
79 0 0
188 3 0
240 7 0
189 1 0
72 0 0
170 240 0
1 177 0
221 241 0
240 61 0
3 0 0
0 65 0
189 0 0
204 0 0
238 2 0
239 3 0
111 241 0
241 228 0
1 135 0
40 2 0
158 0 0
11 1 0
240 135 0
10 1 0
65 241 0
235 219 0
11 0 0
11 2 0
241 143 0
211 241 0
239 191 0
47 2 0
2 192 0
236 221 0
187 1 0
142 239 0
237 218 0
8 240 0
6 238 0
1 148 0
118 237 0
103 0 0
6 239 0
116 239 0
6 240 0
197 239 0
4 240 0
238 235 0
80 2 0
241 205 0
241 10 0
73 241 0
5 240 0
32 238 0
218 0 0
241 138 0
116 240 0
150 238 0
143 239 0
1 4 0
128 0 0
68 1 0
33 239 0
188 241 0
241 26 0
40 240 0
117 239 0
234 152 0
208 240 0
240 228 0
40 241 0
1 221 0
118 241 0
0 2 0
3 239 0
238 221 0
238 219 0
196 238 0
241 43 0
240 220 0
197 238 0
39 1 0
187 241 0
210 0 0
177 4 0
0 70 0
131 241 0
4 8 0
1 6 0
210 241 0
0 130 0
20 0 0
241 1 0
240 112 0
0 6 0
52 0 0
5 238 0
237 219 0
0 213 0
2 11 0
1 220 0
7 239 0
0 174 0
0 114 0
190 3 0
240 221 0
42 241 0
238 217 0
214 5 0
0 167 0
3 192 0
240 194 0
239 220 0
191 2 0
186 1 0
225 0 0
240 193 0
230 233 0
238 154 0
240 1 0
236 216 0
37 241 0
239 217 0
0 46 0
236 217 0
236 220 0
237 223 0
167 0 0
240 235 0
241 172 0
239 235 0
6 1 0
143 237 0
76 240 0
148 239 0
2 222 0
241 124 0
10 240 0
9 240 0
58 3 0
50 238 0
50 240 0
2 224 0
240 54 0
182 0 0
56 3 0
107 0 0
1 139 0
2 105 0
141 236 0
241 226 0
1 223 0
189 241 0
241 233 0
197 241 0
1 172 0
240 171 0
0 156 0
241 119 0
125 0 0
164 240 0
239 119 0
61 0 0
0 228 0
181 241 0
48 238 0
240 27 0
238 225 0
107 2 0
49 240 0
124 240 0
238 239 0
203 240 0
241 235 0
72 1 0
48 241 0
1 99 0
241 222 0
0 81 0
74 1 0
0 105 0
145 4 0
48 240 0
125 241 0
120 241 0
3 9 0
108 1 0
0 1 0
107 1 0
9 1 0
108 2 0
141 241 0
0 194 0
46 241 0
4 151 0
104 3 0
108 0 0
1 86 0
4 219 0
25 241 0
50 239 0
73 238 0
134 0 0
2 223 0
239 7 0
1 219 0
1 225 0
238 241 0
46 240 0
1 101 0
202 1 0
3 223 0
4 199 0
0 54 0
1 137 0
2 39 0
241 189 0
79 2 0
142 240 0
2 199 0
238 140 0
186 3 0
163 241 0
79 1 0
187 3 0
0 36 0
149 238 0
0 163 0
241 208 0
241 9 0
80 1 0
0 225 0
186 0 0
240 139 0
237 222 0
0 51 0
1 61 0
3 138 0
0 173 0
56 2 0
1 138 0
241 109 0
87 241 0
144 236 0
148 240 0
241 122 0
2 200 0
1 25 0
62 2 0
240 199 0
1 24 0
240 200 0
241 181 0
239 63 0
156 241 0
9 241 0
0 239 0
138 1 0
0 201 0
0 25 0
50 4 0
241 103 0
241 170 0
238 1 0
38 1 0
144 240 0
145 240 0
100 2 0
129 0 0
144 241 0
61 3 0
80 241 0
160 241 0
240 8 0
78 2 0
209 240 0
236 230 0
3 220 0
77 2 0
240 137 0
81 1 0
0 219 0
147 239 0
40 239 0
109 0 0
147 240 0
150 239 0
102 1 0
149 239 0
1 36 0
0 122 0
2 219 0
141 240 0
51 240 0
4 220 0
237 239 0
236 1 0
1 11 0
1 226 0
240 2 0
240 58 0
233 1 0
1 73 0
232 2 0
95 0 0
232 1 0
33 2 0
240 237 0
194 241 0
64 241 0
241 206 0
239 236 0
142 241 0
241 106 0
155 241 0
37 0 0
234 150 0
67 0 0
24 241 0
156 0 0
238 0 0
241 107 0
1 165 0
48 0 0
175 240 0
192 241 0
241 56 0
3 8 0
2 7 0
241 121 0
241 203 0
71 240 0
1 9 0
240 217 0
1 50 0
1 49 0
1 10 0
240 49 0
241 24 0
0 186 0
238 3 0
225 240 0
2 100 0
212 241 0
239 67 0
4 10 0
238 64 0
241 38 0
241 50 0
241 11 0
38 239 0
49 239 0
241 136 0
238 63 0
70 0 0
239 192 0
0 74 0
241 145 0
241 44 0
198 2 0
172 241 0
241 78 0
210 239 0
239 239 0
240 59 0
0 79 0
240 239 0
240 224 0
241 60 0
46 2 0
7 241 0
241 240 0
2 15 0
13 241 0
241 54 0
0 80 0
241 230 0
0 18 0
2 99 0
237 240 0
240 98 0
240 65 0
237 215 0
2 8 0
4 239 0
179 3 0
1 238 0
238 4 0
3 240 0
238 237 0
236 2 0
151 237 0
240 236 0
146 238 0
237 238 0
178 2 0
63 4 0
138 239 0
139 240 0
139 239 0
239 68 0
146 237 0
33 240 0
152 239 0
148 237 0
118 240 0
61 4 0
240 24 0
147 238 0
219 0 0
52 6 0
216 241 0
148 238 0
56 8 0
56 9 0
140 238 0
140 239 0
239 214 0
56 4 0
54 0 0
44 0 0
74 0 0
45 0 0
28 0 0
16 241 0
0 45 0
13 0 0
0 211 0
0 123 0
157 0 0
141 0 0
184 241 0
4 241 0
241 201 0
241 18 0
110 241 0
185 241 0
229 0 0
228 0 0
241 130 0
0 86 0
0 108 0
174 241 0
30 0 0
0 150 0
241 33 0
241 22 0
241 108 0
130 0 0
0 233 0
208 241 0
241 48 0
172 0 0
232 0 0
112 241 0
241 127 0
0 14 0
0 168 0
165 0 0
241 160 0
241 117 0
60 0 0
0 178 0
81 241 0
223 0 0
0 162 0
230 0 0
0 60 0
55 241 0
190 0 0
0 180 0
165 241 0
241 88 0
241 29 0
0 62 0
38 241 0
17 0 0
0 208 0
241 210 0
241 37 0
0 56 0
139 0 0
241 55 0
233 241 0
195 0 0
24 0 0
0 59 0
241 192 0
241 20 0
0 5 0
0 109 0
181 0 0
0 232 0
0 159 0
0 131 0
74 241 0
241 8 0
23 241 0
0 202 0
122 241 0
221 0 0
0 84 0
0 175 0
14 241 0
0 195 0
0 39 0
0 145 0
179 241 0
167 241 0
0 41 0
19 241 0
135 0 0
146 241 0
241 175 0
0 76 0
241 120 0
241 221 0
50 241 0
70 241 0
41 241 0
241 180 0
127 241 0
241 194 0
0 13 0
0 230 0
136 0 0
94 0 0
0 227 0
239 0 0
26 0 0
241 69 0
2 241 0
234 0 0
low, high, current -1 -1 8
Confirming Router Algorithm: TIMING_DRIVEN.
T_crit: 1.21787e-07.
T_crit: 1.21739e-07.
T_crit: 1.21767e-07.
T_crit: 1.21662e-07.
T_crit: 1.21772e-07.
T_crit: 1.21773e-07.
T_crit: 1.21773e-07.
T_crit: 1.21773e-07.
T_crit: 1.21773e-07.
T_crit: 1.2198e-07.
T_crit: 1.21771e-07.
T_crit: 1.21772e-07.
T_crit: 1.21772e-07.
T_crit: 1.21772e-07.
T_crit: 1.21772e-07.
T_crit: 1.21967e-07.
T_crit: 1.22185e-07.
T_crit: 1.22279e-07.
T_crit: 1.22502e-07.
T_crit: 1.23008e-07.
T_crit: 1.22608e-07.
T_crit: 1.23025e-07.
T_crit: 1.23232e-07.
T_crit: 1.23234e-07.
T_crit: 1.24057e-07.
T_crit: 1.24484e-07.
T_crit: 1.25823e-07.
T_crit: 1.26242e-07.
T_crit: 1.26964e-07.
T_crit: 1.26982e-07.
T_crit: 1.26851e-07.
T_crit: 1.28058e-07.
T_crit: 1.2796e-07.
T_crit: 1.28319e-07.
T_crit: 1.28471e-07.
T_crit: 1.26778e-07.
T_crit: 1.27007e-07.
T_crit: 1.27177e-07.
T_crit: 1.28018e-07.
T_crit: 1.28023e-07.
T_crit: 1.28826e-07.
T_crit: 1.28438e-07.
T_crit: 1.28424e-07.
T_crit: 1.28798e-07.
T_crit: 1.29035e-07.
T_crit: 1.29947e-07.
T_crit: 1.30043e-07.
T_crit: 1.28905e-07.
T_crit: 1.30652e-07.
T_crit: 1.28801e-07.
Routing failed.
low, high, current 8 -1 16
Confirming Router Algorithm: TIMING_DRIVEN.
T_crit: 1.21685e-07.
T_crit: 1.21683e-07.
T_crit: 1.21767e-07.
T_crit: 1.21767e-07.
T_crit: 1.21667e-07.
T_crit: 1.21772e-07.
T_crit: 1.21772e-07.
T_crit: 1.21772e-07.
T_crit: 1.21772e-07.
T_crit: 1.21772e-07.
T_crit: 1.21876e-07.
T_crit: 1.21668e-07.
T_crit: 1.21876e-07.
T_crit: 1.21668e-07.
T_crit: 1.21876e-07.
T_crit: 1.21667e-07.
T_crit: 1.21875e-07.
T_crit: 1.21667e-07.
T_crit: 1.21875e-07.
T_crit: 1.21667e-07.
T_crit: 1.21875e-07.
T_crit: 1.21667e-07.
T_crit: 1.21875e-07.
T_crit: 1.21667e-07.
T_crit: 1.21875e-07.
T_crit: 1.21667e-07.
T_crit: 1.21875e-07.
T_crit: 1.21667e-07.
T_crit: 1.21875e-07.
T_crit: 1.21667e-07.
T_crit: 1.21981e-07.
T_crit: 1.2198e-07.
T_crit: 1.21867e-07.
T_crit: 1.22074e-07.
T_crit: 1.21867e-07.
T_crit: 1.22074e-07.
T_crit: 1.21866e-07.
T_crit: 1.21866e-07.
T_crit: 1.21866e-07.
T_crit: 1.21866e-07.
T_crit: 1.21866e-07.
T_crit: 1.21866e-07.
T_crit: 1.21866e-07.
T_crit: 1.21866e-07.
T_crit: 1.21866e-07.
T_crit: 1.21866e-07.
T_crit: 1.21866e-07.
T_crit: 1.21866e-07.
T_crit: 1.21866e-07.
T_crit: 1.21866e-07.
Routing failed.
low, high, current 16 -1 32
Confirming Router Algorithm: TIMING_DRIVEN.
T_crit: 1.21787e-07.
T_crit: 1.21579e-07.
T_crit: 1.21615e-07.
T_crit: 1.21623e-07.
T_crit: 1.21767e-07.
T_crit: 1.21755e-07.
T_crit: 1.21647e-07.
T_crit: 1.21647e-07.
T_crit: 1.21752e-07.
T_crit: 1.21752e-07.
T_crit: 1.21855e-07.
T_crit: 1.21647e-07.
T_crit: 1.21855e-07.
T_crit: 1.21647e-07.
T_crit: 1.2175e-07.
T_crit: 1.21542e-07.
T_crit: 1.2175e-07.
T_crit: 1.21542e-07.
T_crit: 1.2175e-07.
Successfully routed after 20 routing iterations.
Completed net delay value cross check successfully.
low, high, current 16 32 24
Confirming Router Algorithm: TIMING_DRIVEN.
T_crit: 1.21788e-07.
T_crit: 1.21726e-07.
T_crit: 1.21615e-07.
T_crit: 1.21605e-07.
T_crit: 1.21772e-07.
T_crit: 1.21758e-07.
T_crit: 1.21758e-07.
T_crit: 1.21758e-07.
T_crit: 1.21758e-07.
T_crit: 1.21861e-07.
T_crit: 1.21653e-07.
T_crit: 1.21755e-07.
T_crit: 1.21755e-07.
T_crit: 1.21755e-07.
T_crit: 1.21755e-07.
T_crit: 1.21755e-07.
T_crit: 1.21755e-07.
Successfully routed after 18 routing iterations.
Completed net delay value cross check successfully.
low, high, current 16 24 20
Confirming Router Algorithm: TIMING_DRIVEN.
T_crit: 1.21685e-07.
T_crit: 1.21383e-07.
T_crit: 1.21269e-07.
T_crit: 1.21444e-07.
T_crit: 1.21373e-07.
T_crit: 1.21371e-07.
T_crit: 1.21267e-07.
T_crit: 1.21349e-07.
T_crit: 1.21349e-07.
T_crit: 1.21349e-07.
T_crit: 1.21349e-07.
T_crit: 1.21349e-07.
T_crit: 1.21349e-07.
T_crit: 1.21349e-07.
T_crit: 1.21351e-07.
T_crit: 1.21247e-07.
T_crit: 1.21247e-07.
T_crit: 1.21247e-07.
T_crit: 1.21247e-07.
T_crit: 1.21247e-07.
T_crit: 1.21248e-07.
T_crit: 1.21248e-07.
Successfully routed after 23 routing iterations.
Completed net delay value cross check successfully.
low, high, current 16 20 18
Warning (check_all_tracks_reach_pins):  track 16 does not 
	connect to any FB IPINs.
Warning (check_all_tracks_reach_pins):  track 17 does not 
	connect to any FB IPINs.
Confirming Router Algorithm: TIMING_DRIVEN.
T_crit: 1.2127e-07.
T_crit: 1.21131e-07.
T_crit: 1.21318e-07.
T_crit: 1.21359e-07.
T_crit: 1.21246e-07.
T_crit: 1.21331e-07.
T_crit: 1.21276e-07.
T_crit: 1.21504e-07.
T_crit: 1.21574e-07.
T_crit: 1.21574e-07.
T_crit: 1.2148e-07.
T_crit: 1.21622e-07.
T_crit: 1.21622e-07.
T_crit: 1.21622e-07.
T_crit: 1.21622e-07.
T_crit: 1.21622e-07.
T_crit: 1.21622e-07.
T_crit: 1.21622e-07.
T_crit: 1.21622e-07.
T_crit: 1.21622e-07.
T_crit: 1.21622e-07.
T_crit: 1.21622e-07.
T_crit: 1.21622e-07.
T_crit: 1.21622e-07.
T_crit: 1.21622e-07.
T_crit: 1.21622e-07.
T_crit: 1.21622e-07.
T_crit: 1.21622e-07.
T_crit: 1.21622e-07.
T_crit: 1.21622e-07.
T_crit: 1.21622e-07.
T_crit: 1.21622e-07.
T_crit: 1.21622e-07.
T_crit: 1.21622e-07.
T_crit: 1.21622e-07.
Successfully routed after 36 routing iterations.
Completed net delay value cross check successfully.
Warning (check_all_tracks_reach_pins):  track 16 does not 
	connect to any FB IPINs.
Warning (check_all_tracks_reach_pins):  track 17 does not 
	connect to any FB IPINs.

Checking to ensure routing is legal ...
Completed routing consistency check successfully.

Serial number (magic cookie) for the routing is: 459440758
Best routing used a channel width factor of 18.


Average number of bends per net: 8.21871  Maximum # of bends: 44


The number of routed nets (nonglobal): 2373
Wirelength results (all in units of 1 clb segments):
	Total wirelength: 412896   Average net length: 173.997
	Maximum net length: 739

Wirelength results in terms of physical segments:
	Total wiring segments used: 207187   Av. wire segments per net: 87.3102
	Maximum segments used by a net: 370


X - Directed channels:

j	max occ	av_occ		capacity
0	18	10.3292  	18
1	18	8.81250  	18
2	18	11.1208  	18
3	18	11.0042  	18
4	18	10.7167  	18
5	17	12.1250  	18
6	18	12.8042  	18
7	18	10.8667  	18
8	17	11.5333  	18
9	18	11.6417  	18
10	18	12.0417  	18
11	16	9.05417  	18
12	16	8.72917  	18
13	14	8.22083  	18
14	13	6.49167  	18
15	10	3.91250  	18
16	9	4.23750  	18
17	10	5.15417  	18
18	6	3.10833  	18
19	7	4.55833  	18
20	8	6.28333  	18
21	5	1.26667  	18
22	5	2.56667  	18
23	4	3.00833  	18
24	7	2.50000  	18
25	4	0.166667 	18
26	7	1.46667  	18
27	7	1.83750  	18
28	12	3.15417  	18
29	7	1.00833  	18
30	7	1.40417  	18
31	4	1.81250  	18
32	4	1.75417  	18
33	6	1.40417  	18
34	8	1.28750  	18
35	5	2.40417  	18
36	7	2.75000  	18
37	12	1.56250  	18
38	8	2.30417  	18
39	11	4.72083  	18
40	12	7.30417  	18
41	9	2.92917  	18
42	9	2.02917  	18
43	8	1.30833  	18
44	4	2.95000  	18
45	3	1.05417  	18
46	5	1.01667  	18
47	2	0.0416667	18
48	5	2.48750  	18
49	6	1.01667  	18
50	4	0.616667 	18
51	10	2.26667  	18
52	8	3.88333  	18
53	7	2.90833  	18
54	6	2.92917  	18
55	4	0.350000 	18
56	10	4.66250  	18
57	5	1.76250  	18
58	11	5.06667  	18
59	9	4.22500  	18
60	7	1.77083  	18
61	8	4.81667  	18
62	11	1.32917  	18
63	10	2.20417  	18
64	5	2.71667  	18
65	4	0.170833 	18
66	5	0.354167 	18
67	9	1.50417  	18
68	7	2.13333  	18
69	4	1.18333  	18
70	7	4.24167  	18
71	6	0.783333 	18
72	8	4.40417  	18
73	5	2.15000  	18
74	4	1.07500  	18
75	6	1.05417  	18
76	5	3.62917  	18
77	2	0.600000 	18
78	3	0.700000 	18
79	2	0.933333 	18
80	2	0.0666667	18
81	3	0.133333 	18
82	3	2.64167  	18
83	3	0.266667 	18
84	7	3.79167  	18
85	10	4.09583  	18
86	10	2.70417  	18
87	11	2.79583  	18
88	6	0.962500 	18
89	5	0.179167 	18
90	6	1.10417  	18
91	1	0.0500000	18
92	2	1.23333  	18
93	3	2.87083  	18
94	5	3.32083  	18
95	7	1.60833  	18
96	9	2.11250  	18
97	9	2.91667  	18
98	7	4.06667  	18
99	8	2.61667  	18
100	7	3.10833  	18
101	10	2.69583  	18
102	8	3.66667  	18
103	9	3.02083  	18
104	8	2.79583  	18
105	10	2.19583  	18
106	8	5.41667  	18
107	6	0.433333 	18
108	9	2.37917  	18
109	10	5.97083  	18
110	10	4.47917  	18
111	7	2.33333  	18
112	4	1.45833  	18
113	7	2.46250  	18
114	8	4.26250  	18
115	10	5.94583  	18
116	8	7.28333  	18
117	9	4.13333  	18
118	8	0.379167 	18
119	7	0.470833 	18
120	2	0.0625000	18
121	4	1.15000  	18
122	11	2.17083  	18
123	7	0.683333 	18
124	4	1.41250  	18
125	4	0.220833 	18
126	2	0.0583333	18
127	2	0.108333 	18
128	5	1.88750  	18
129	3	0.879167 	18
130	4	1.39583  	18
131	7	1.34583  	18
132	8	2.61250  	18
133	9	1.82917  	18
134	10	5.38750  	18
135	14	5.80833  	18
136	14	4.63333  	18
137	9	6.75833  	18
138	9	5.86250  	18
139	12	4.80000  	18
140	11	6.31667  	18
141	12	3.85833  	18
142	11	8.31250  	18
143	14	6.40833  	18
144	13	6.25417  	18
145	16	8.71667  	18
146	14	8.60000  	18
147	15	9.25833  	18
148	14	9.35000  	18
149	13	5.96250  	18
150	15	3.80833  	18
151	13	7.05417  	18
152	11	6.44583  	18
153	14	3.60000  	18
154	12	3.31250  	18
155	10	4.98333  	18
156	8	3.95833  	18
157	7	1.27917  	18
158	4	1.12083  	18
159	3	1.07083  	18
160	3	1.05417  	18
161	2	0.0916667	18
162	4	1.43750  	18
163	7	2.95000  	18
164	8	4.13333  	18
165	11	2.11667  	18
166	8	3.55000  	18
167	7	3.83750  	18
168	6	3.31250  	18
169	4	2.00417  	18
170	7	2.36250  	18
171	6	3.51667  	18
172	8	3.06667  	18
173	7	3.95417  	18
174	9	4.52083  	18
175	8	4.87917  	18
176	5	3.42083  	18
177	4	2.47917  	18
178	4	0.775000 	18
179	4	0.200000 	18
180	6	2.07500  	18
181	3	2.63333  	18
182	6	3.91250  	18
183	8	2.86250  	18
184	7	2.82083  	18
185	9	2.03333  	18
186	8	2.00833  	18
187	8	1.76250  	18
188	8	1.01667  	18
189	9	3.70833  	18
190	10	5.54583  	18
191	11	3.88333  	18
192	8	6.83750  	18
193	8	2.22083  	18
194	8	2.85417  	18
195	11	4.03333  	18
196	9	6.53333  	18
197	7	0.295833 	18
198	11	5.68750  	18
199	11	5.05833  	18
200	9	4.19583  	18
201	4	0.491667 	18
202	6	0.225000 	18
203	4	0.0916667	18
204	2	0.133333 	18
205	2	0.237500 	18
206	8	1.20833  	18
207	7	3.57917  	18
208	9	4.71667  	18
209	7	2.95000  	18
210	5	3.69583  	18
211	6	1.55417  	18
212	7	2.47917  	18
213	10	3.32917  	18
214	11	2.52917  	18
215	14	5.07917  	18
216	14	8.25000  	18
217	13	6.16250  	18
218	13	8.34583  	18
219	13	6.09167  	18
220	13	7.91667  	18
221	10	6.38750  	18
222	12	6.83333  	18
223	11	7.96667  	18
224	13	9.29167  	18
225	11	7.95000  	18
226	15	11.5208  	18
227	14	10.8417  	18
228	17	11.5958  	18
229	17	12.4042  	18
230	18	12.8708  	18
231	16	10.7917  	18
232	18	12.9625  	18
233	18	14.0625  	18
234	18	12.7333  	18
235	17	11.5042  	18
236	18	12.7750  	18
237	18	11.4042  	18
238	18	9.43333  	18
239	18	10.7583  	18
240	17	10.2625  	18

Y - Directed channels:

i	max occ	av_occ		capacity
0	15	9.33333  	18
1	16	8.26667  	18
2	16	10.4042  	18
3	15	9.25833  	18
4	17	12.0750  	18
5	18	11.2333  	18
6	17	12.7292  	18
7	17	11.6042  	18
8	16	11.0292  	18
9	15	8.37917  	18
10	15	8.60000  	18
11	11	6.39583  	18
12	14	6.38750  	18
13	9	3.75833  	18
14	12	4.01250  	18
15	7	2.92500  	18
16	8	4.46667  	18
17	4	1.16667  	18
18	5	3.42917  	18
19	10	1.83750  	18
20	8	2.87500  	18
21	9	1.73333  	18
22	9	3.80417  	18
23	6	0.187500 	18
24	3	1.02917  	18
25	2	0.0791667	18
26	3	1.24583  	18
27	6	0.120833 	18
28	7	2.15000  	18
29	9	1.38750  	18
30	13	0.441667 	18
31	10	3.65417  	18
32	14	3.08333  	18
33	12	4.76667  	18
34	11	4.87083  	18
35	14	3.43750  	18
36	11	4.19167  	18
37	13	3.74583  	18
38	10	5.88333  	18
39	9	3.50833  	18
40	8	4.71667  	18
41	7	1.37500  	18
42	5	1.74583  	18
43	4	0.608333 	18
44	3	0.108333 	18
45	7	0.866667 	18
46	9	2.30000  	18
47	11	2.85000  	18
48	12	3.45417  	18
49	11	3.47917  	18
50	11	3.78333  	18
51	16	1.78333  	18
52	12	1.54583  	18
53	11	2.60000  	18
54	12	3.15833  	18
55	11	0.579167 	18
56	14	2.57917  	18
57	14	2.50000  	18
58	14	1.15833  	18
59	16	2.27500  	18
60	13	2.47083  	18
61	16	3.00833  	18
62	12	2.20000  	18
63	12	2.56250  	18
64	13	1.98750  	18
65	13	1.22500  	18
66	9	0.645833 	18
67	7	1.19167  	18
68	10	1.63750  	18
69	9	0.879167 	18
70	11	5.53333  	18
71	9	4.05000  	18
72	11	3.31250  	18
73	9	2.82500  	18
74	7	2.22083  	18
75	7	1.43333  	18
76	9	2.43333  	18
77	9	1.17083  	18
78	7	1.24167  	18
79	12	3.37917  	18
80	8	1.93750  	18
81	6	2.38750  	18
82	6	1.42917  	18
83	6	1.42083  	18
84	6	0.995833 	18
85	9	1.88333  	18
86	8	2.30417  	18
87	6	0.104167 	18
88	6	1.18750  	18
89	2	0.0666667	18
90	3	1.44583  	18
91	3	0.0833333	18
92	7	4.54167  	18
93	7	1.25833  	18
94	3	1.15000  	18
95	2	0.429167 	18
96	4	0.604167 	18
97	6	1.81667  	18
98	9	3.71667  	18
99	8	0.220833 	18
100	5	0.958333 	18
101	8	3.47500  	18
102	14	1.67083  	18
103	11	2.93333  	18
104	9	1.65417  	18
105	7	2.30000  	18
106	11	1.90000  	18
107	8	2.10000  	18
108	9	3.68333  	18
109	4	0.195833 	18
110	2	0.200000 	18
111	2	1.94583  	18
112	2	0.866667 	18
113	2	0.0791667	18
114	5	0.841667 	18
115	7	3.39167  	18
116	8	1.12500  	18
117	10	1.41667  	18
118	10	3.57500  	18
119	8	1.01250  	18
120	7	2.89167  	18
121	6	0.233333 	18
122	4	1.82917  	18
123	3	0.275000 	18
124	5	1.16250  	18
125	4	0.0958333	18
126	4	2.96250  	18
127	5	0.533333 	18
128	3	0.195833 	18
129	3	1.13750  	18
130	2	0.300000 	18
131	2	0.0583333	18
132	3	1.14583  	18
133	4	0.100000 	18
134	5	0.200000 	18
135	6	0.275000 	18
136	9	2.23750  	18
137	10	3.02500  	18
138	8	2.25417  	18
139	9	2.52917  	18
140	12	2.67500  	18
141	11	2.81250  	18
142	9	0.375000 	18
143	12	7.45000  	18
144	14	3.01667  	18
145	12	2.70000  	18
146	12	1.00000  	18
147	12	3.41250  	18
148	13	2.46667  	18
149	17	1.67917  	18
150	14	1.98750  	18
151	11	1.95417  	18
152	11	2.59167  	18
153	12	1.74167  	18
154	10	4.24583  	18
155	10	1.96667  	18
156	9	2.68750  	18
157	5	0.208333 	18
158	3	0.195833 	18
159	4	0.683333 	18
160	2	0.583333 	18
161	4	1.11250  	18
162	5	0.787500 	18
163	5	0.733333 	18
164	4	1.86250  	18
165	3	0.150000 	18
166	5	1.88333  	18
167	8	3.19583  	18
168	8	2.17500  	18
169	6	0.908333 	18
170	5	2.62083  	18
171	3	0.979167 	18
172	5	1.97500  	18
173	9	3.28750  	18
174	10	2.42083  	18
175	10	1.15417  	18
176	11	3.46667  	18
177	12	2.51667  	18
178	7	1.14167  	18
179	11	2.57083  	18
180	13	2.60000  	18
181	9	2.00833  	18
182	9	1.62083  	18
183	11	1.42917  	18
184	10	3.22083  	18
185	12	5.62083  	18
186	12	3.19167  	18
187	11	3.00000  	18
188	12	4.57500  	18
189	10	1.64583  	18
190	7	3.18333  	18
191	6	2.91667  	18
192	7	0.675000 	18
193	8	2.62083  	18
194	10	4.53333  	18
195	10	0.479167 	18
196	11	0.387500 	18
197	9	2.48750  	18
198	8	2.17083  	18
199	6	1.54167  	18
200	9	2.61250  	18
201	9	2.43333  	18
202	9	2.76250  	18
203	9	5.36667  	18
204	8	2.74167  	18
205	11	2.85417  	18
206	7	0.429167 	18
207	5	0.104167 	18
208	6	2.75833  	18
209	7	2.53333  	18
210	6	3.99167  	18
211	9	2.22500  	18
212	9	1.92917  	18
213	10	3.25000  	18
214	11	2.83750  	18
215	12	3.22917  	18
216	10	3.50833  	18
217	10	1.63750  	18
218	12	1.85833  	18
219	10	2.94167  	18
220	7	3.57917  	18
221	6	1.88750  	18
222	9	4.03333  	18
223	13	3.50417  	18
224	15	5.24583  	18
225	16	8.36667  	18
226	16	9.50833  	18
227	16	7.56667  	18
228	18	10.9958  	18
229	15	9.24583  	18
230	17	10.9458  	18
231	16	9.41250  	18
232	17	10.7500  	18
233	17	10.7542  	18
234	17	10.8875  	18
235	17	11.3042  	18
236	17	10.8583  	18
237	17	10.6208  	18
238	17	9.82917  	18
239	18	10.3875  	18
240	15	9.40417  	18

Total Tracks in X-direction: 4338  in Y-direction: 4338

Logic Area (in minimum width transistor areas):
Total Logic Area: 1.728e+09  Per 1x1 logic tile: 30000

Routing area (in minimum width transistor areas):
Total Routing Area: 1.28301e+08  Per logic tile: 2227.44

Segment usage by type (index):
Segment type       Fractional utilization
------------       ----------------------
       0                  0.198

Segment usage by length:
Segment length       Fractional utilization
--------------       ----------------------
        2                   0.198

Critical Path: 1.21622e-07 (s)

Time elapsed (PLACE&ROUTE): 56970042.057000 ms


Time elapsed (Fernando): 56970042.119000 ms

