
VPR FPGA Placement and Routing.
Version: Version 5.0.2
Compiled: Dec 11 2020.
Original VPR by V. Betz.
Timing-driven placement enhancements by A. Marquardt.
Single-drivers enhancements by Andy Ye with additions by.
Mark Fang, Jason Luu, Ted Campbell
Heterogeneous stucture support by Jason Luu and Ted Campbell.
This code is licensed only for non-commercial use.

Auto-sizing FPGA, try x = 38 y = 38
Auto-sizing FPGA, try x = 76 y = 76
Auto-sizing FPGA, try x = 152 y = 152
Auto-sizing FPGA, try x = 304 y = 304
Auto-sizing FPGA, try x = 152 y = 152
Auto-sizing FPGA, try x = 228 y = 228
Auto-sizing FPGA, try x = 190 y = 190
Auto-sizing FPGA, try x = 171 y = 171
Auto-sizing FPGA, try x = 180 y = 180
Auto-sizing FPGA, try x = 175 y = 175
Auto-sizing FPGA, try x = 177 y = 177
Auto-sizing FPGA, try x = 176 y = 176
Auto-sizing FPGA, try x = 176 y = 176
FPGA auto-sized to, x = 177 y = 177

Resource Usage:
Netlist      0	blocks of type <EMPTY>
Architecture 4	blocks of type <EMPTY>
Netlist      705	blocks of type .io
Architecture 708	blocks of type .io
Netlist      762	blocks of type .clb
Architecture 31329	blocks of type .clb

Timing analysis: ON

Operation:  ROUTE_ONLY

PlacerOpts.place_freq:  PLACE_NEVER

RouterOpts.route_type:  DETAILED
RouterOpts.router_algorithm:  TIMING_DRIVEN
RouterOpts.base_cost_type:  DELAY_NORMALIZED
RouterOpts.fixed_channel_width:  NO_FIXED_CHANNEL_WIDTH
RouterOpts.acc_fac:  1.000000
RouterOpts.bb_factor:  3
RouterOpts.bend_cost:  0.000000
RouterOpts.first_iter_pres_fac:  0.500000
RouterOpts.initial_pres_fac:  0.500000
RouterOpts.pres_fac_mult:  1.300000
RouterOpts.max_router_iterations:  50
RouterOpts.astar_fac:  1.200000
RouterOpts.criticality_exp:  1.000000
RouterOpts.max_criticality:  0.990000

RoutingArch.directionality:  UNI_DIRECTIONAL
RoutingArch.switch_block_type:  WILTON
RoutingArch.Fs:  3

The circuit will be mapped into a 177 x 177 array of clbs.

Netlist num_nets:  1251
Netlist num_blocks:  1467
Netlist inputs pins:  489
Netlist output pins:  216

42 11 0
7 178 0
23 9 0
69 7 0
49 12 0
53 16 0
43 14 0
18 9 0
21 8 0
43 7 0
22 8 0
44 16 0
41 53 0
30 10 0
44 15 0
53 2 0
40 14 0
49 9 0
74 12 0
45 9 0
42 14 0
19 7 0
24 7 0
64 10 0
42 4 0
21 10 0
39 12 0
42 13 0
47 14 0
31 7 0
60 6 0
52 10 0
43 4 0
45 18 0
27 4 0
37 4 0
46 8 0
61 8 0
48 1 0
31 13 0
44 9 0
49 13 0
29 10 0
49 11 0
48 12 0
47 1 0
43 9 0
18 23 0
34 7 0
43 17 0
70 7 0
69 11 0
54 16 0
60 5 0
87 2 0
27 6 0
44 13 0
37 15 0
11 7 0
46 17 0
36 10 0
35 9 0
56 1 0
1 6 0
18 8 0
67 4 0
37 11 0
45 60 0
29 8 0
47 12 0
45 13 0
48 10 0
53 4 0
24 3 0
27 8 0
34 14 0
32 8 0
25 7 0
32 10 0
34 8 0
34 9 0
62 178 0
22 5 0
0 177 0
171 0 0
130 0 0
52 178 0
0 126 0
63 6 0
105 4 0
173 178 0
110 73 0
46 6 0
175 21 0
42 6 0
0 113 0
0 26 0
1 87 0
69 91 0
0 80 0
177 27 0
27 15 0
176 34 0
173 64 0
9 0 0
29 0 0
56 178 0
3 17 0
124 3 0
43 5 0
24 1 0
1 20 0
1 117 0
176 32 0
0 99 0
2 31 0
0 118 0
44 4 0
1 100 0
39 3 0
176 7 0
0 71 0
137 3 0
0 146 0
71 9 0
37 18 0
117 14 0
177 76 0
0 45 0
95 1 0
178 17 0
178 15 0
50 8 0
0 158 0
0 4 0
63 11 0
169 29 0
178 52 0
19 6 0
111 2 0
2 0 0
130 105 0
26 9 0
31 3 0
4 7 0
2 27 0
0 21 0
33 11 0
166 0 0
2 39 0
177 51 0
13 0 0
91 0 0
41 159 0
0 44 0
46 11 0
55 0 0
30 7 0
106 3 0
178 118 0
178 100 0
178 26 0
178 135 0
171 13 0
178 11 0
46 4 0
178 71 0
40 15 0
42 0 0
2 46 0
178 116 0
173 67 0
19 5 0
20 12 0
0 61 0
49 5 0
0 51 0
77 0 0
0 155 0
0 175 0
0 20 0
1 158 0
178 44 0
22 3 0
126 0 0
178 18 0
96 5 0
44 8 0
177 36 0
16 9 0
26 5 0
1 60 0
0 121 0
0 59 0
58 6 0
91 24 0
0 156 0
38 14 0
116 17 0
35 7 0
0 88 0
0 16 0
0 79 0
28 0 0
38 11 0
41 6 0
0 46 0
0 13 0
130 178 0
42 12 0
178 136 0
64 5 0
97 0 0
48 8 0
0 60 0
0 90 0
152 0 0
61 178 0
24 178 0
178 69 0
0 86 0
58 1 0
0 139 0
63 0 0
178 96 0
0 89 0
175 86 0
40 3 0
33 2 0
177 82 0
178 143 0
178 56 0
28 8 0
94 0 0
178 64 0
27 9 0
39 15 0
84 5 0
178 86 0
49 14 0
33 13 0
178 16 0
23 43 0
178 144 0
149 0 0
178 110 0
43 3 0
176 76 0
14 7 0
128 177 0
83 0 0
1 25 0
51 178 0
178 128 0
45 0 0
171 43 0
107 178 0
1 47 0
84 0 0
0 63 0
178 59 0
178 120 0
0 124 0
178 61 0
174 51 0
42 15 0
0 40 0
34 4 0
166 177 0
0 160 0
178 1 0
36 9 0
52 0 0
178 157 0
174 59 0
42 25 0
67 0 0
178 171 0
178 161 0
45 1 0
51 2 0
178 168 0
0 138 0
178 89 0
4 35 0
178 87 0
138 3 0
166 178 0
1 38 0
34 13 0
178 90 0
32 12 0
177 16 0
69 177 0
145 178 0
178 109 0
0 70 0
66 1 0
58 28 0
40 7 0
0 36 0
48 14 0
175 100 0
0 42 0
0 48 0
178 139 0
3 1 0
2 38 0
178 133 0
1 32 0
58 14 0
178 102 0
165 178 0
0 69 0
159 77 0
0 52 0
178 111 0
0 14 0
0 64 0
7 6 0
154 62 0
115 176 0
178 103 0
165 58 0
105 0 0
178 37 0
40 11 0
61 117 0
75 3 0
0 101 0
115 0 0
178 104 0
3 59 0
124 49 0
2 81 0
170 11 0
75 0 0
53 9 0
178 82 0
164 178 0
36 11 0
45 4 0
48 9 0
166 78 0
105 6 0
39 24 0
170 18 0
178 97 0
167 0 0
41 0 0
40 178 0
1 54 0
178 156 0
0 9 0
40 6 0
110 178 0
0 84 0
96 0 0
36 178 0
40 13 0
74 8 0
41 7 0
178 58 0
42 1 0
74 164 0
57 4 0
177 104 0
52 5 0
50 7 0
178 141 0
63 7 0
178 123 0
34 15 0
159 5 0
177 98 0
1 71 0
178 176 0
177 17 0
178 92 0
70 1 0
63 60 0
27 1 0
34 0 0
178 173 0
37 28 0
1 45 0
0 8 0
5 178 0
41 9 0
0 17 0
41 11 0
178 30 0
73 2 0
70 0 0
57 5 0
75 4 0
168 178 0
51 4 0
5 16 0
129 50 0
14 6 0
175 77 0
36 3 0
30 12 0
0 161 0
74 2 0
72 11 0
12 0 0
36 15 0
0 37 0
86 77 0
0 96 0
28 6 0
0 41 0
108 0 0
1 126 0
45 8 0
18 7 0
0 159 0
176 18 0
178 165 0
39 4 0
175 2 0
0 162 0
72 10 0
25 0 0
15 8 0
44 3 0
0 76 0
44 1 0
46 16 0
109 0 0
10 2 0
125 115 0
59 6 0
66 4 0
35 3 0
172 45 0
67 7 0
66 11 0
29 4 0
178 43 0
178 42 0
30 11 0
178 35 0
54 1 0
177 144 0
176 33 0
45 7 0
1 7 0
116 3 0
177 64 0
177 45 0
31 8 0
40 8 0
111 49 0
178 7 0
62 11 0
0 115 0
41 14 0
1 116 0
0 82 0
23 4 0
37 10 0
55 11 0
72 17 0
155 0 0
0 3 0
67 178 0
64 178 0
40 1 0
49 0 0
41 2 0
35 12 0
58 5 0
38 15 0
0 56 0
11 9 0
0 10 0
0 12 0
43 11 0
70 4 0
0 157 0
156 14 0
0 145 0
47 9 0
159 0 0
42 16 0
178 145 0
1 17 0
125 0 0
49 1 0
131 2 0
137 4 0
13 10 0
60 84 0
69 10 0
37 1 0
64 161 0
1 107 0
38 5 0
48 5 0
33 16 0
0 112 0
27 5 0
57 7 0
161 137 0
62 14 0
95 0 0
0 136 0
26 0 0
46 9 0
27 12 0
46 2 0
178 40 0
27 2 0
35 11 0
24 5 0
0 1 0
1 86 0
38 8 0
56 28 0
15 178 0
41 3 0
58 4 0
1 69 0
0 141 0
74 4 0
178 99 0
134 0 0
65 7 0
1 89 0
90 178 0
124 178 0
94 1 0
124 0 0
0 133 0
1 70 0
105 177 0
33 8 0
178 81 0
74 6 0
55 10 0
15 4 0
28 1 0
78 1 0
32 176 0
105 10 0
178 129 0
0 154 0
0 15 0
33 21 0
0 72 0
43 6 0
31 6 0
53 1 0
178 34 0
41 4 0
89 87 0
1 44 0
37 7 0
0 62 0
43 10 0
36 8 0
0 81 0
11 5 0
0 11 0
22 11 0
73 3 0
1 110 0
56 0 0
178 119 0
20 6 0
42 3 0
177 100 0
177 120 0
0 35 0
41 10 0
34 3 0
1 42 0
65 5 0
2 47 0
55 2 0
43 2 0
178 45 0
121 5 0
178 101 0
11 10 0
5 11 0
0 29 0
69 8 0
49 4 0
38 16 0
71 12 0
170 5 0
20 5 0
50 9 0
46 1 0
4 26 0
178 108 0
178 121 0
43 1 0
14 28 0
86 169 0
21 2 0
10 0 0
0 117 0
178 47 0
126 154 0
43 18 0
178 55 0
104 178 0
49 3 0
18 17 0
6 18 0
39 2 0
0 163 0
50 11 0
175 178 0
0 74 0
68 0 0
178 91 0
33 4 0
125 5 0
24 2 0
26 7 0
25 1 0
175 84 0
71 13 0
0 30 0
26 178 0
123 0 0
178 20 0
0 83 0
52 13 0
68 7 0
47 11 0
147 0 0
50 6 0
0 27 0
166 124 0
171 44 0
178 46 0
50 12 0
45 6 0
178 88 0
175 0 0
126 49 0
11 0 0
162 0 0
0 95 0
177 127 0
38 1 0
81 114 0
102 0 0
0 116 0
34 5 0
13 17 0
132 178 0
178 21 0
158 0 0
97 178 0
41 20 0
67 14 0
76 0 0
57 10 0
40 9 0
62 10 0
50 3 0
39 6 0
72 0 0
43 8 0
11 1 0
1 37 0
178 150 0
28 9 0
1 61 0
23 7 0
177 108 0
178 32 0
0 166 0
133 0 0
24 8 0
164 0 0
176 0 0
178 85 0
0 164 0
55 8 0
178 160 0
177 172 0
178 84 0
144 178 0
178 62 0
178 14 0
142 121 0
15 0 0
0 38 0
113 0 0
54 12 0
41 16 0
0 68 0
18 11 0
35 1 0
92 42 0
0 109 0
4 178 0
0 110 0
26 3 0
125 178 0
34 2 0
162 92 0
0 50 0
102 3 0
178 76 0
168 61 0
0 47 0
136 178 0
62 3 0
21 6 0
178 60 0
32 178 0
63 178 0
178 140 0
0 144 0
53 11 0
1 51 0
52 12 0
38 9 0
3 35 0
178 31 0
0 127 0
10 40 0
178 83 0
0 167 0
30 0 0
8 0 0
115 48 0
49 10 0
38 6 0
66 9 0
0 58 0
16 0 0
0 2 0
178 94 0
1 146 0
0 67 0
59 178 0
178 130 0
100 178 0
0 150 0
178 51 0
178 175 0
178 166 0
0 39 0
0 65 0
178 93 0
152 178 0
69 178 0
157 0 0
177 80 0
178 148 0
128 5 0
177 102 0
178 38 0
61 10 0
28 5 0
177 91 0
40 10 0
52 11 0
0 5 0
178 73 0
93 0 0
173 0 0
178 6 0
0 78 0
45 15 0
178 3 0
153 0 0
2 3 0
178 75 0
0 31 0
147 178 0
132 71 0
64 8 0
32 3 0
32 6 0
38 13 0
46 13 0
160 82 0
178 122 0
172 0 0
1 76 0
178 25 0
62 2 0
26 29 0
31 11 0
130 111 0
140 178 0
40 5 0
155 178 0
168 146 0
178 105 0
39 29 0
178 124 0
15 12 0
54 10 0
178 125 0
178 147 0
138 178 0
94 177 0
0 129 0
13 6 0
4 0 0
8 4 0
111 8 0
39 8 0
46 12 0
73 9 0
121 178 0
110 81 0
0 18 0
149 1 0
56 13 0
110 157 0
127 0 0
99 7 0
47 8 0
111 0 0
178 74 0
178 48 0
80 178 0
44 21 0
45 143 0
178 131 0
37 178 0
1 35 0
45 11 0
101 177 0
178 13 0
77 178 0
178 112 0
33 12 0
58 0 0
171 49 0
158 178 0
0 152 0
0 25 0
78 9 0
29 2 0
169 178 0
39 7 0
106 178 0
36 0 0
7 0 0
178 114 0
149 178 0
178 98 0
17 0 0
162 63 0
32 2 0
178 66 0
112 177 0
168 60 0
177 175 0
40 0 0
46 3 0
18 1 0
1 48 0
178 63 0
178 70 0
178 27 0
178 67 0
174 18 0
177 30 0
49 8 0
39 10 0
37 5 0
10 7 0
28 2 0
63 75 0
166 69 0
28 4 0
178 132 0
178 80 0
170 0 0
178 39 0
45 3 0
89 5 0
167 13 0
154 7 0
174 16 0
25 10 0
47 6 0
178 49 0
178 10 0
0 92 0
178 2 0
157 178 0
177 15 0
68 3 0
178 23 0
82 4 0
178 8 0
63 9 0
32 9 0
71 7 0
0 94 0
178 53 0
172 178 0
122 3 0
0 23 0
178 41 0
81 0 0
103 178 0
148 0 0
19 16 0
47 0 0
178 5 0
0 142 0
128 0 0
146 0 0
52 2 0
178 54 0
63 10 0
0 32 0
105 89 0
113 5 0
118 156 0
151 0 0
107 0 0
112 178 0
86 178 0
102 178 0
108 178 0
52 6 0
110 177 0
109 178 0
178 149 0
88 178 0
0 49 0
104 51 0
139 0 0
43 21 0
6 12 0
101 178 0
1 99 0
1 90 0
150 0 0
131 178 0
178 95 0
175 64 0
131 4 0
0 143 0
178 65 0
41 5 0
178 68 0
160 0 0
33 9 0
178 163 0
126 6 0
177 94 0
116 178 0
0 130 0
92 177 0
7 13 0
87 178 0
115 178 0
33 10 0
89 178 0
1 62 0
129 178 0
116 176 0
5 0 0
0 97 0
107 177 0
117 0 0
31 9 0
177 19 0
0 75 0
178 50 0
178 22 0
178 127 0
178 137 0
57 1 0
0 24 0
54 3 0
178 172 0
140 0 0
19 0 0
178 57 0
53 6 0
178 115 0
0 34 0
28 7 0
145 0 0
161 178 0
70 178 0
174 58 0
80 0 0
65 6 0
100 0 0
137 0 0
99 0 0
60 178 0
178 29 0
175 87 0
94 25 0
91 178 0
10 9 0
178 134 0
57 0 0
122 178 0
4 15 0
38 7 0
177 99 0
154 0 0
3 0 0
0 114 0
83 1 0
41 13 0
91 177 0
113 1 0
39 5 0
85 178 0
98 178 0
92 178 0
150 178 0
99 178 0
0 149 0
36 7 0
39 11 0
85 5 0
22 2 0
58 178 0
2 65 0
68 178 0
19 2 0
33 0 0
55 169 0
32 4 0
126 178 0
178 77 0
178 78 0
38 10 0
178 138 0
0 73 0
1 96 0
45 2 0
0 53 0
0 54 0
59 11 0
35 10 0
0 98 0
1 55 0
0 140 0
0 169 0
0 28 0
50 4 0
53 3 0
176 27 0
178 28 0
8 64 0
45 12 0
0 66 0
0 153 0
43 12 0
38 2 0
6 0 0
0 57 0
50 14 0
0 7 0
0 77 0
178 126 0
0 170 0
14 4 0
0 19 0
23 0 0
8 63 0
37 9 0
10 12 0
178 79 0
48 6 0
68 32 0
1 18 0
42 2 0
61 2 0
40 23 0
178 153 0
40 177 0
97 8 0
130 128 0
62 4 0
69 1 0
22 4 0
48 4 0
29 3 0
46 10 0
26 10 0
19 11 0
31 4 0
178 72 0
42 10 0
45 14 0
34 16 0
154 132 0
46 7 0
21 5 0
35 6 0
57 3 0
137 93 0
65 12 0
53 12 0
44 6 0
60 3 0
19 4 0
178 12 0
42 17 0
51 7 0
51 6 0
37 8 0
57 6 0
12 6 0
44 2 0
60 9 0
45 10 0
24 10 0
36 5 0
50 13 0
29 5 0
17 3 0
50 15 0
25 12 0
118 178 0
48 11 0
37 12 0
35 8 0
117 25 0
18 2 0
143 0 0
39 9 0
59 5 0
1 24 0
178 33 0
167 178 0
47 2 0
62 6 0
38 4 0
55 4 0
14 1 0
55 5 0
21 1 0
41 8 0
31 2 0
1 0 0
26 12 0
42 7 0
163 0 0
54 5 0
41 1 0
56 6 0
54 9 0
49 7 0
23 11 0
94 26 0
30 4 0
18 6 0
44 5 0
137 178 0
32 1 0
22 7 0
33 7 0
20 9 0
0 132 0
42 9 0
41 12 0
59 13 0
43 15 0
43 16 0
33 5 0
42 5 0
41 15 0
47 5 0
48 2 0
20 178 0
58 12 0
54 4 0
49 6 0
26 6 0
25 2 0
17 10 0
23 2 0
43 13 0
2 59 0
23 5 0
44 10 0
48 13 0
56 2 0
20 11 0
50 5 0
0 122 0
9 2 0
17 1 0
10 11 0
54 6 0
64 0 0
87 0 0
47 4 0
44 7 0
82 0 0
56 10 0
55 7 0
22 6 0
43 24 0
18 10 0
40 4 0
20 7 0
174 21 0
37 6 0
48 3 0
164 54 0
17 11 0
30 20 0
133 178 0
32 7 0
21 11 0
32 5 0
157 91 0
25 8 0
46 81 0
31 14 0
8 62 0
6 4 0
41 17 0
85 0 0
23 3 0
21 9 0
0 85 0
19 9 0
34 6 0
14 2 0
59 0 0
42 8 0
39 1 0
51 33 0
44 14 0
53 15 0
77 2 0
46 5 0
28 178 0
44 11 0
31 10 0
35 15 0
120 0 0
3 178 0
170 178 0
178 24 0
178 142 0
178 159 0
0 87 0
0 107 0
39 0 0
8 178 0
79 178 0
25 178 0
169 0 0
78 178 0
90 0 0
38 178 0
73 178 0
178 19 0
84 178 0
0 125 0
0 102 0
2 178 0
113 178 0
177 0 0
18 178 0
0 91 0
41 178 0
123 178 0
19 178 0
131 0 0
50 0 0
142 0 0
83 178 0
22 0 0
27 0 0
47 178 0
61 0 0
98 0 0
0 148 0
48 0 0
141 178 0
0 105 0
148 178 0
178 158 0
48 178 0
21 178 0
0 43 0
62 0 0
44 178 0
86 0 0
135 0 0
171 178 0
103 0 0
92 0 0
138 0 0
49 178 0
27 178 0
0 174 0
81 178 0
119 0 0
31 178 0
71 0 0
0 6 0
0 103 0
65 0 0
29 178 0
45 178 0
55 178 0
50 178 0
135 178 0
18 0 0
121 0 0
0 93 0
178 154 0
151 178 0
178 167 0
163 178 0
178 152 0
0 33 0
153 178 0
119 178 0
117 178 0
0 104 0
0 111 0
0 123 0
168 0 0
93 178 0
127 178 0
178 4 0
0 128 0
23 178 0
11 178 0
178 36 0
53 178 0
76 178 0
156 178 0
0 165 0
122 0 0
174 0 0
139 178 0
178 155 0
66 178 0
79 0 0
141 0 0
74 0 0
156 0 0
105 178 0
0 22 0
32 0 0
44 0 0
111 178 0
14 0 0
162 178 0
54 0 0
178 146 0
178 113 0
88 0 0
118 0 0
178 169 0
12 178 0
0 106 0
51 0 0
132 0 0
0 120 0
94 178 0
24 0 0
0 151 0
73 0 0
78 0 0
159 178 0
106 0 0
31 0 0
60 0 0
96 178 0
0 119 0
0 131 0
0 100 0
66 0 0
0 135 0
46 178 0
146 178 0
112 0 0
0 134 0
35 178 0
33 178 0
22 178 0
13 178 0
178 174 0
174 178 0
16 178 0
1 178 0
178 9 0
178 162 0
101 0 0
178 151 0
128 178 0
35 0 0
0 168 0
178 170 0
144 0 0
21 0 0
178 107 0
53 0 0
143 178 0
20 0 0
10 178 0
54 178 0
95 178 0
114 0 0
154 178 0
178 164 0
82 178 0
161 0 0
37 0 0
178 106 0
116 0 0
0 171 0
110 0 0
160 178 0
120 178 0
74 178 0
69 0 0
43 178 0
178 117 0
142 178 0
129 0 0
89 0 0
136 0 0
0 172 0
0 137 0
165 0 0
114 178 0
0 147 0
38 0 0
42 178 0
0 173 0
72 178 0
17 178 0
134 178 0
65 178 0
6 178 0
71 178 0
39 178 0
46 0 0
43 0 0
14 178 0
0 176 0
57 178 0
30 178 0
0 108 0
104 0 0
0 55 0
9 178 0
34 178 0
75 178 0
low, high, current -1 -1 8
Confirming Router Algorithm: TIMING_DRIVEN.
T_crit: 4.4538e-08.
T_crit: 4.44333e-08.
T_crit: 4.46414e-08.
T_crit: 4.44333e-08.
T_crit: 4.46414e-08.
T_crit: 4.4538e-08.
T_crit: 4.4538e-08.
T_crit: 4.46414e-08.
T_crit: 4.4538e-08.
T_crit: 4.4538e-08.
T_crit: 4.4538e-08.
T_crit: 4.4538e-08.
T_crit: 4.4538e-08.
T_crit: 4.4538e-08.
T_crit: 4.45392e-08.
T_crit: 4.46369e-08.
T_crit: 4.4771e-08.
T_crit: 4.4771e-08.
T_crit: 4.56223e-08.
T_crit: 4.57244e-08.
T_crit: 4.58278e-08.
T_crit: 4.6138e-08.
T_crit: 4.62426e-08.
T_crit: 4.64519e-08.
T_crit: 4.6275e-08.
T_crit: 4.73938e-08.
T_crit: 4.84339e-08.
T_crit: 5.09627e-08.
T_crit: 5.12393e-08.
T_crit: 5.16719e-08.
T_crit: 5.19522e-08.
T_crit: 5.19846e-08.
T_crit: 5.1748e-08.
T_crit: 5.14575e-08.
T_crit: 4.97698e-08.
T_crit: 5.21901e-08.
T_crit: 5.01059e-08.
T_crit: 5.10869e-08.
T_crit: 5.09797e-08.
T_crit: 5.08078e-08.
T_crit: 5.16484e-08.
T_crit: 5.03964e-08.
T_crit: 5.03964e-08.
T_crit: 5.06151e-08.
T_crit: 5.16477e-08.
T_crit: 4.97805e-08.
T_crit: 5.20668e-08.
T_crit: 5.01965e-08.
T_crit: 5.18583e-08.
T_crit: 5.23758e-08.
Routing failed.
low, high, current 8 -1 16
Confirming Router Algorithm: TIMING_DRIVEN.
T_crit: 4.4538e-08.
T_crit: 4.46414e-08.
T_crit: 4.4538e-08.
T_crit: 4.4538e-08.
T_crit: 4.46414e-08.
T_crit: 4.46414e-08.
T_crit: 4.46414e-08.
T_crit: 4.46414e-08.
T_crit: 4.46414e-08.
T_crit: 4.46414e-08.
T_crit: 4.46414e-08.
T_crit: 4.46414e-08.
T_crit: 4.46414e-08.
T_crit: 4.46414e-08.
T_crit: 4.46414e-08.
T_crit: 4.46414e-08.
T_crit: 4.4538e-08.
T_crit: 4.4538e-08.
T_crit: 4.4538e-08.
T_crit: 4.4538e-08.
T_crit: 4.4538e-08.
T_crit: 4.4538e-08.
T_crit: 4.4538e-08.
T_crit: 4.4538e-08.
T_crit: 4.4538e-08.
T_crit: 4.4538e-08.
T_crit: 4.4538e-08.
T_crit: 4.4538e-08.
T_crit: 4.4538e-08.
T_crit: 4.4538e-08.
T_crit: 4.4538e-08.
T_crit: 4.4538e-08.
T_crit: 4.4538e-08.
T_crit: 4.4538e-08.
T_crit: 4.4538e-08.
T_crit: 4.4538e-08.
T_crit: 4.4538e-08.
T_crit: 4.4538e-08.
T_crit: 4.4538e-08.
T_crit: 4.4538e-08.
T_crit: 4.4538e-08.
T_crit: 4.4538e-08.
T_crit: 4.4538e-08.
T_crit: 4.4538e-08.
T_crit: 4.4538e-08.
T_crit: 4.4538e-08.
T_crit: 4.4538e-08.
T_crit: 4.4538e-08.
T_crit: 4.4538e-08.
T_crit: 4.4538e-08.
Routing failed.
low, high, current 16 -1 32
Confirming Router Algorithm: TIMING_DRIVEN.
T_crit: 4.4538e-08.
T_crit: 4.46414e-08.
T_crit: 4.4538e-08.
T_crit: 4.46414e-08.
T_crit: 4.46414e-08.
T_crit: 4.46414e-08.
T_crit: 4.46414e-08.
T_crit: 4.46414e-08.
T_crit: 4.46414e-08.
T_crit: 4.46414e-08.
T_crit: 4.46414e-08.
T_crit: 4.46414e-08.
T_crit: 4.46414e-08.
T_crit: 4.46414e-08.
Successfully routed after 15 routing iterations.
Completed net delay value cross check successfully.
low, high, current 16 32 24
Confirming Router Algorithm: TIMING_DRIVEN.
T_crit: 4.4538e-08.
T_crit: 4.4538e-08.
T_crit: 4.4538e-08.
T_crit: 4.4538e-08.
T_crit: 4.4538e-08.
T_crit: 4.4538e-08.
T_crit: 4.4538e-08.
T_crit: 4.4538e-08.
T_crit: 4.4538e-08.
T_crit: 4.4538e-08.
T_crit: 4.4538e-08.
T_crit: 4.4538e-08.
T_crit: 4.4538e-08.
T_crit: 4.4538e-08.
Successfully routed after 15 routing iterations.
Completed net delay value cross check successfully.
low, high, current 16 24 20
Confirming Router Algorithm: TIMING_DRIVEN.
T_crit: 4.45789e-08.
T_crit: 4.4357e-08.
T_crit: 4.44667e-08.
T_crit: 4.45783e-08.
T_crit: 4.45783e-08.
T_crit: 4.45796e-08.
T_crit: 4.43608e-08.
T_crit: 4.43608e-08.
T_crit: 4.43608e-08.
T_crit: 4.44654e-08.
T_crit: 4.44654e-08.
T_crit: 4.44654e-08.
T_crit: 4.44654e-08.
T_crit: 4.44654e-08.
T_crit: 4.44654e-08.
T_crit: 4.44654e-08.
T_crit: 4.44654e-08.
Successfully routed after 18 routing iterations.
Completed net delay value cross check successfully.
low, high, current 16 20 18
Warning (check_all_tracks_reach_pins):  track 16 does not 
	connect to any FB IPINs.
Warning (check_all_tracks_reach_pins):  track 17 does not 
	connect to any FB IPINs.
Confirming Router Algorithm: TIMING_DRIVEN.
T_crit: 4.45227e-08.
T_crit: 4.43198e-08.
T_crit: 4.43161e-08.
T_crit: 4.42113e-08.
T_crit: 4.43147e-08.
T_crit: 4.4316e-08.
T_crit: 4.43235e-08.
T_crit: 4.43223e-08.
T_crit: 4.43223e-08.
T_crit: 4.43262e-08.
T_crit: 4.43262e-08.
T_crit: 4.43262e-08.
T_crit: 4.43262e-08.
T_crit: 4.43262e-08.
T_crit: 4.43274e-08.
T_crit: 4.43274e-08.
T_crit: 4.43274e-08.
T_crit: 4.43274e-08.
T_crit: 4.43274e-08.
T_crit: 4.43274e-08.
T_crit: 4.43274e-08.
T_crit: 4.43274e-08.
T_crit: 4.43274e-08.
T_crit: 4.43274e-08.
T_crit: 4.43274e-08.
T_crit: 4.43274e-08.
T_crit: 4.43274e-08.
T_crit: 4.43274e-08.
Successfully routed after 29 routing iterations.
Completed net delay value cross check successfully.
Warning (check_all_tracks_reach_pins):  track 16 does not 
	connect to any FB IPINs.
Warning (check_all_tracks_reach_pins):  track 17 does not 
	connect to any FB IPINs.

Checking to ensure routing is legal ...
Completed routing consistency check successfully.

Serial number (magic cookie) for the routing is: 697761431
Best routing used a channel width factor of 18.


Average number of bends per net: 5.88329  Maximum # of bends: 250


The number of routed nets (nonglobal): 1251
Wirelength results (all in units of 1 clb segments):
	Total wirelength: 108976   Average net length: 87.1111
	Maximum net length: 893

Wirelength results in terms of physical segments:
	Total wiring segments used: 54709   Av. wire segments per net: 43.7322
	Maximum segments used by a net: 449


X - Directed channels:

j	max occ	av_occ		capacity
0	18	11.2373  	18
1	18	10.3785  	18
2	18	10.4859  	18
3	18	9.00565  	18
4	18	7.68362  	18
5	18	9.07910  	18
6	18	9.63842  	18
7	18	7.19774  	18
8	18	7.98870  	18
9	17	8.51977  	18
10	17	7.18079  	18
11	17	7.89830  	18
12	16	7.53672  	18
13	17	6.60452  	18
14	16	6.72881  	18
15	16	4.87006  	18
16	13	4.64972  	18
17	12	3.76271  	18
18	6	1.15819  	18
19	7	1.55367  	18
20	5	1.18644  	18
21	3	0.406780 	18
22	4	0.316384 	18
23	5	1.35028  	18
24	7	2.11299  	18
25	5	1.38983  	18
26	6	1.32203  	18
27	6	2.16949  	18
28	5	1.79661  	18
29	4	0.293785 	18
30	3	1.14689  	18
31	5	1.42938  	18
32	3	0.971751 	18
33	3	0.440678 	18
34	4	0.0903955	18
35	5	1.44068  	18
36	6	0.853107 	18
37	7	1.26554  	18
38	5	0.960452 	18
39	4	0.299435 	18
40	2	0.288136 	18
41	5	2.61582  	18
42	4	1.67797  	18
43	6	0.649718 	18
44	5	0.553672 	18
45	5	0.288136 	18
46	7	1.53107  	18
47	5	0.587571 	18
48	6	2.66667  	18
49	5	1.45198  	18
50	6	1.36158  	18
51	2	0.0734463	18
52	2	0.214689 	18
53	4	1.25989  	18
54	4	0.536723 	18
55	2	0.802260 	18
56	1	0.0338983	18
57	4	0.802260 	18
58	6	0.887006 	18
59	7	0.723164 	18
60	6	2.31638  	18
61	4	0.299435 	18
62	5	1.74011  	18
63	5	1.01695  	18
64	4	1.11299  	18
65	2	0.158192 	18
66	4	1.06780  	18
67	2	0.508475 	18
68	6	0.485876 	18
69	4	0.790960 	18
70	6	1.16384  	18
71	5	1.03955  	18
72	5	0.723164 	18
73	2	0.367232 	18
74	4	1.55932  	18
75	4	0.774011 	18
76	5	1.08475  	18
77	4	0.169492 	18
78	3	0.610169 	18
79	5	0.870057 	18
80	5	1.71751  	18
81	5	0.514124 	18
82	4	0.406780 	18
83	4	0.570621 	18
84	2	0.389830 	18
85	5	0.892655 	18
86	6	1.94350  	18
87	6	2.03390  	18
88	3	0.570621 	18
89	5	0.610169 	18
90	4	0.435028 	18
91	6	1.02825  	18
92	2	0.112994 	18
93	4	1.20339  	18
94	1	0.0225989	18
95	5	1.18079  	18
96	2	0.0395480	18
97	4	0.847458 	18
98	3	0.271186 	18
99	5	0.734463 	18
100	2	0.0508475	18
101	5	0.847458 	18
102	3	0.0564972	18
103	5	0.841808 	18
104	2	0.728814 	18
105	2	1.14124  	18
106	4	0.870057 	18
107	3	0.361582 	18
108	2	0.819209 	18
109	6	0.305085 	18
110	3	0.677966 	18
111	2	0.305085 	18
112	0	0.00000  	18
113	2	0.401130 	18
114	4	1.18644  	18
115	5	1.75141  	18
116	3	0.988701 	18
117	2	0.0282486	18
118	2	0.0621469	18
119	3	0.135593 	18
120	4	1.17514  	18
121	2	0.367232 	18
122	2	0.367232 	18
123	6	0.903955 	18
124	2	0.265537 	18
125	5	0.807910 	18
126	2	0.395480 	18
127	3	0.711864 	18
128	3	0.180791 	18
129	2	0.0508475	18
130	1	0.135593 	18
131	1	0.0112994	18
132	1	0.751412 	18
133	1	0.0112994	18
134	3	0.864407 	18
135	3	0.175141 	18
136	2	0.0677966	18
137	1	0.00564972	18
138	2	0.316384 	18
139	1	0.0112994	18
140	4	0.293785 	18
141	3	1.14689  	18
142	3	0.514124 	18
143	2	0.435028 	18
144	2	0.276836 	18
145	3	0.146893 	18
146	2	0.0395480	18
147	3	0.0677966	18
148	1	0.0225989	18
149	2	0.0225989	18
150	2	0.0451977	18
151	1	0.661017 	18
152	1	0.0112994	18
153	2	0.163842 	18
154	2	0.118644 	18
155	2	0.135593 	18
156	2	0.372881 	18
157	3	1.58192  	18
158	2	0.293785 	18
159	2	0.937853 	18
160	2	0.135593 	18
161	2	0.0225989	18
162	1	0.0338983	18
163	4	0.519774 	18
164	2	0.553672 	18
165	2	0.0395480	18
166	1	0.0112994	18
167	0	0.00000  	18
168	4	0.971751 	18
169	2	0.480226 	18
170	2	0.197740 	18
171	3	0.0734463	18
172	3	0.751412 	18
173	2	0.282486 	18
174	6	2.20339  	18
175	7	2.42938  	18
176	11	5.31073  	18
177	15	8.67797  	18

Y - Directed channels:

i	max occ	av_occ		capacity
0	17	11.2147  	18
1	16	9.37288  	18
2	16	7.34463  	18
3	17	9.27684  	18
4	14	5.54802  	18
5	9	3.75141  	18
6	6	2.75706  	18
7	6	2.72316  	18
8	5	1.98870  	18
9	7	2.46893  	18
10	6	1.27684  	18
11	5	2.45198  	18
12	5	1.41243  	18
13	8	2.63842  	18
14	5	1.24294  	18
15	4	1.28249  	18
16	5	0.700565 	18
17	9	1.83616  	18
18	10	1.32768  	18
19	12	2.03390  	18
20	11	0.700565 	18
21	10	3.59322  	18
22	10	1.56497  	18
23	10	1.43503  	18
24	10	2.38983  	18
25	11	1.97740  	18
26	12	2.81356  	18
27	10	2.50847  	18
28	12	3.04520  	18
29	13	2.65537  	18
30	12	1.15819  	18
31	14	3.07910  	18
32	14	3.96610  	18
33	13	2.29379  	18
34	16	3.49153  	18
35	13	2.66102  	18
36	14	3.29379  	18
37	14	3.16384  	18
38	13	4.12429  	18
39	16	6.94915  	18
40	16	3.92090  	18
41	14	4.97175  	18
42	17	5.47458  	18
43	15	3.77401  	18
44	14	4.41808  	18
45	17	6.41243  	18
46	16	3.80791  	18
47	15	6.27119  	18
48	16	4.68927  	18
49	15	2.80791  	18
50	13	3.00565  	18
51	14	4.64407  	18
52	14	3.48023  	18
53	11	1.64407  	18
54	15	2.07345  	18
55	12	4.44068  	18
56	11	2.32203  	18
57	14	1.74011  	18
58	12	2.45198  	18
59	9	0.536723 	18
60	8	1.46328  	18
61	10	2.72316  	18
62	10	3.68362  	18
63	6	0.423729 	18
64	8	0.350282 	18
65	10	3.41243  	18
66	8	1.64407  	18
67	8	1.38418  	18
68	7	2.07345  	18
69	6	1.40113  	18
70	9	3.15254  	18
71	5	0.954802 	18
72	6	2.49153  	18
73	7	1.28814  	18
74	7	1.29379  	18
75	5	1.13559  	18
76	4	0.0790960	18
77	5	1.08475  	18
78	4	0.632768 	18
79	2	0.0960452	18
80	3	1.38418  	18
81	3	0.971751 	18
82	6	0.446328 	18
83	5	1.10734  	18
84	3	1.53107  	18
85	4	1.66102  	18
86	4	2.01130  	18
87	2	0.112994 	18
88	3	1.46893  	18
89	4	0.841808 	18
90	5	2.48588  	18
91	4	1.06780  	18
92	4	1.34463  	18
93	4	1.07910  	18
94	4	0.610169 	18
95	5	1.19209  	18
96	7	0.632768 	18
97	2	0.610169 	18
98	2	1.28249  	18
99	2	1.00565  	18
100	5	1.89831  	18
101	3	0.966102 	18
102	4	1.01695  	18
103	4	0.576271 	18
104	5	1.73446  	18
105	6	2.31073  	18
106	4	2.88136  	18
107	3	0.994350 	18
108	2	0.0564972	18
109	4	1.70621  	18
110	6	0.802260 	18
111	7	0.254237 	18
112	6	0.209040 	18
113	5	2.41808  	18
114	4	1.57062  	18
115	4	0.305085 	18
116	4	1.81356  	18
117	3	0.717514 	18
118	2	0.401130 	18
119	2	0.621469 	18
120	3	0.926554 	18
121	4	0.107345 	18
122	2	0.440678 	18
123	3	1.03955  	18
124	4	0.333333 	18
125	4	0.463277 	18
126	5	2.22034  	18
127	3	0.0903955	18
128	4	1.24859  	18
129	3	1.06215  	18
130	3	0.525424 	18
131	4	2.18644  	18
132	2	0.0395480	18
133	3	0.192090 	18
134	2	0.734463 	18
135	3	0.661017 	18
136	3	0.666667 	18
137	5	1.35028  	18
138	4	1.04520  	18
139	1	0.0225989	18
140	4	1.00000  	18
141	2	0.129944 	18
142	3	0.949153 	18
143	1	0.0169492	18
144	2	0.0451977	18
145	3	2.33898  	18
146	2	0.0451977	18
147	2	0.0960452	18
148	2	0.0225989	18
149	3	0.0564972	18
150	3	1.94350  	18
151	2	0.0282486	18
152	2	0.169492 	18
153	4	1.12994  	18
154	3	0.0677966	18
155	3	1.02825  	18
156	3	1.36723  	18
157	4	1.24294  	18
158	2	0.0564972	18
159	3	0.887006 	18
160	2	0.649718 	18
161	2	0.248588 	18
162	3	0.881356 	18
163	2	0.666667 	18
164	3	1.46328  	18
165	4	1.91525  	18
166	4	1.20904  	18
167	6	1.29944  	18
168	3	0.491525 	18
169	5	1.23164  	18
170	4	1.40113  	18
171	6	1.33333  	18
172	3	1.10734  	18
173	8	3.37288  	18
174	10	4.06780  	18
175	11	3.91525  	18
176	14	7.55932  	18
177	14	9.71186  	18

Total Tracks in X-direction: 3204  in Y-direction: 3204

Logic Area (in minimum width transistor areas):
Total Logic Area: 9.3987e+08  Per 1x1 logic tile: 30000

Routing area (in minimum width transistor areas):
Total Routing Area: 6.98332e+07  Per logic tile: 2229.03

Segment usage by type (index):
Segment type       Fractional utilization
------------       ----------------------
       0                  0.0959

Segment usage by length:
Segment length       Fractional utilization
--------------       ----------------------
        2                   0.0959

Critical Path: 4.43274e-08 (s)

Time elapsed (PLACE&ROUTE): 4118663.862000 ms


Time elapsed (Fernando): 4118663.875000 ms

