Netlist file: benchmarks/fpga/net_EPFL/max_k6.net   Architecture file: arch/k6-n1.xml
Array size: 305 x 305 logic blocks

#block name	x	y	subblk	block number
#----------	--	--	------	------------
out_0:348	201	306	0	#0
out_0:1250	306	74	0	#1
out_1:348	214	306	0	#2
out_1:867	259	306	0	#3
out_1:624	261	0	0	#4
out_1:780	257	0	0	#5
out_10:348	147	0	0	#6
out_10:424	0	96	0	#7
100		305	299	0	#8
1000		181	306	0	#9
1001		183	306	0	#10
1002		185	304	0	#11
1003		306	297	0	#12
1004		306	95	0	#13
1005		305	173	0	#14
1006		185	306	0	#15
1007		173	304	0	#16
out_1008:207	0	10	0	#17
out_1008:1188	0	28	0	#18
out_1008:134	48	306	0	#19
out_1008:84	0	37	0	#20
out_1008:83	45	306	0	#21
1009		0	106	0	#22
101		306	110	0	#23
1010		1	62	0	#24
1011		189	306	0	#25
1012		306	81	0	#26
out_1013:348	0	304	0	#27
out_1013:827	0	157	0	#28
1014		0	109	0	#29
1015		0	235	0	#30
1016		306	41	0	#31
1017		0	102	0	#32
1018		1	46	0	#33
1019		306	68	0	#34
102		305	139	0	#35
1020		0	101	0	#36
1021		0	103	0	#37
1022		1	260	0	#38
1023		1	200	0	#39
out_1024:888	0	112	0	#40
out_1024:1009	0	107	0	#41
out_1024:1014	0	108	0	#42
1025		72	1	0	#43
1026		46	306	0	#44
out_1027:429	9	306	0	#45
out_1027:326	23	306	0	#46
out_1027:977	12	306	0	#47
1028		306	138	0	#48
1029		53	0	0	#49
103		305	290	0	#50
1030		306	135	0	#51
1031		28	303	0	#52
1032		306	140	0	#53
1033		1	53	0	#54
1034		295	0	0	#55
1035		305	141	0	#56
1036		306	230	0	#57
1037		305	221	0	#58
out_1038:348	119	0	0	#59
out_1038:830	306	293	0	#60
1039		182	306	0	#61
104		1	105	0	#62
1040		306	221	0	#63
1041		306	218	0	#64
1042		39	1	0	#65
1043		306	220	0	#66
1044		231	306	0	#67
1045		306	49	0	#68
1046		294	0	0	#69
1047		1	45	0	#70
1048		305	45	0	#71
1049		302	0	0	#72
105		1	103	0	#73
1050		1	271	0	#74
1051		1	204	0	#75
1052		254	0	0	#76
1053		102	0	0	#77
1054		1	273	0	#78
out_1055:348	106	306	0	#79
out_1055:867	156	306	0	#80
out_1055:819	306	260	0	#81
out_1055:1096	306	255	0	#82
1056		268	0	0	#83
1057		306	262	0	#84
1058		305	124	0	#85
1059		304	29	0	#86
106		186	304	0	#87
1060		278	0	0	#88
1061		306	83	0	#89
1062		211	0	0	#90
1063		306	144	0	#91
out_1064:109	184	306	0	#92
out_1064:106	188	306	0	#93
out_1064:105	0	104	0	#94
out_1064:104	0	105	0	#95
out_1064:102	306	139	0	#96
1065		1	195	0	#97
1066		305	77	0	#98
1067		1	98	0	#99
1068		306	77	0	#100
1069		137	304	0	#101
107		306	164	0	#102
1070		305	82	0	#103
1071		306	82	0	#104
1072		305	294	0	#105
1073		306	92	0	#106
out_1074:348	116	0	0	#107
out_1074:71	306	73	0	#108
1075		0	208	0	#109
1076		305	228	0	#110
out_1077:307	186	0	0	#111
out_1077:576	106	0	0	#112
out_1077:586	224	0	0	#113
out_1077:519	0	1	0	#114
out_1077:589	0	47	0	#115
1078		1	205	0	#116
1079		305	170	0	#117
108		35	303	0	#118
1080		305	90	0	#119
1081		0	29	0	#120
1082		305	91	0	#121
1083		172	1	0	#122
1084		305	87	0	#123
1085		181	304	0	#124
1086		289	1	0	#125
1087		22	306	0	#126
1088		1	266	0	#127
out_1089:348	230	0	0	#128
out_1089:867	160	306	0	#129
out_1089:278	88	0	0	#130
out_1089:501	52	0	0	#131
109		184	304	0	#132
1090		288	1	0	#133
1091		305	86	0	#134
1092		306	87	0	#135
1093		1	288	0	#136
1094		1	236	0	#137
1095		274	299	0	#138
1096		305	255	0	#139
1097		237	304	0	#140
1098		273	254	0	#141
out_1099:731	220	306	0	#142
out_1099:524	306	197	0	#143
out_11:348	2	306	0	#144
out_11:867	144	0	0	#145
out_11:888	0	111	0	#146
out_11:1233	0	92	0	#147
out_110:348	306	156	0	#148
out_110:1159	129	306	0	#149
1100		205	1	0	#150
1101		136	303	0	#151
1102		25	303	0	#152
1103		180	304	0	#153
1104		200	1	0	#154
1105		305	122	0	#155
1106		306	33	0	#156
1107		306	14	0	#157
1108		204	1	0	#158
1109		0	36	0	#159
111		88	304	0	#160
1110		191	1	0	#161
1111		1	48	0	#162
1112		1	49	0	#163
1113		1	290	0	#164
1114		1	64	0	#165
1115		142	303	0	#166
1116		306	91	0	#167
1117		2	45	0	#168
1118		2	47	0	#169
1119		2	46	0	#170
112		305	46	0	#171
1120		1	21	0	#172
out_1121:867	306	268	0	#173
out_1121:1223	306	281	0	#174
out_1121:1072	306	294	0	#175
out_1121:137	306	288	0	#176
out_1121:765	150	0	0	#177
1122		1	50	0	#178
out_1123:348	0	117	0	#179
out_1123:1103	180	306	0	#180
1124		1	201	0	#181
1125		1	34	0	#182
1126		1	55	0	#183
1127		1	30	0	#184
1128		1	11	0	#185
1129		1	3	0	#186
113		0	173	0	#187
1130		1	212	0	#188
1131		56	1	0	#189
1132		62	1	0	#190
1133		71	1	0	#191
1134		65	1	0	#192
1135		1	136	0	#193
1136		55	1	0	#194
1137		80	1	0	#195
1138		60	1	0	#196
1139		305	30	0	#197
114		305	81	0	#198
1140		40	1	0	#199
out_1141:867	0	301	0	#200
out_1141:573	91	0	0	#201
out_1141:236	77	0	0	#202
out_1141:501	73	0	0	#203
out_1141:1025	74	0	0	#204
out_1142:348	154	306	0	#205
out_1142:867	306	203	0	#206
out_1142:1028	306	137	0	#207
out_1142:539	306	129	0	#208
1143		57	1	0	#209
1144		1	43	0	#210
1145		30	304	0	#211
1146		39	302	0	#212
1147		18	302	0	#213
1148		52	304	0	#214
1149		82	306	0	#215
115		267	1	0	#216
1150		132	302	0	#217
1151		305	176	0	#218
1152		51	304	0	#219
1153		37	303	0	#220
1154		36	303	0	#221
1155		306	119	0	#222
1156		130	1	0	#223
1157		126	303	0	#224
1158		131	302	0	#225
1159		128	303	0	#226
out_116:348	290	306	0	#227
out_116:1182	240	306	0	#228
1160		137	303	0	#229
1161		2	268	0	#230
1162		138	303	0	#231
1163		117	302	0	#232
1164		118	303	0	#233
1165		305	54	0	#234
out_1166:867	306	264	0	#235
out_1166:124	306	237	0	#236
out_1166:538	306	242	0	#237
out_1166:130	306	239	0	#238
out_1166:997	208	306	0	#239
1167		131	303	0	#240
1168		86	304	0	#241
1169		305	165	0	#242
117		305	56	0	#243
out_1170:348	306	114	0	#244
out_1170:618	126	306	0	#245
out_1171:348	177	0	0	#246
out_1171:1148	53	306	0	#247
1172		306	181	0	#248
1173		305	164	0	#249
1174		234	0	0	#250
1175		305	6	0	#251
out_1176:551	303	0	0	#252
out_1176:684	297	0	0	#253
out_1176:1022	0	259	0	#254
out_1176:592	0	261	0	#255
out_1176:546	226	306	0	#256
1177		305	175	0	#257
1178		305	123	0	#258
1179		305	159	0	#259
118		1	196	0	#260
1180		305	163	0	#261
1181		305	174	0	#262
1182		243	304	0	#263
out_1183:867	105	306	0	#264
out_1183:937	306	188	0	#265
out_1183:1179	306	167	0	#266
out_1183:750	306	173	0	#267
out_1183:1185	306	171	0	#268
out_1184:348	10	0	0	#269
out_1184:1218	306	228	0	#270
1185		305	171	0	#271
1186		49	304	0	#272
1187		1	140	0	#273
1188		1	28	0	#274
1189		1	150	0	#275
119		293	0	0	#276
1190		1	54	0	#277
1191		81	304	0	#278
1192		76	304	0	#279
1193		1	93	0	#280
1194		73	303	0	#281
1195		1	63	0	#282
1196		306	211	0	#283
1197		210	0	0	#284
1198		305	8	0	#285
1199		50	0	0	#286
out_12:348	306	154	0	#287
out_12:1067	0	99	0	#288
120		306	27	0	#289
1200		277	0	0	#290
1201		305	2	0	#291
1202		305	9	0	#292
out_1203:348	306	272	0	#293
out_1203:1072	306	295	0	#294
1204		305	7	0	#295
1205		1	267	0	#296
out_1206:194	306	85	0	#297
out_1206:162	153	0	0	#298
out_1206:1083	173	0	0	#299
out_1206:735	164	0	0	#300
1207		1	270	0	#301
1208		1	264	0	#302
1209		1	209	0	#303
121		40	303	0	#304
1210		109	306	0	#305
1211		1	206	0	#306
1212		235	304	0	#307
1213		228	303	0	#308
1214		249	304	0	#309
1215		306	274	0	#310
1216		176	303	0	#311
1217		306	89	0	#312
1218		305	223	0	#313
1219		177	304	0	#314
122		89	306	0	#315
1220		172	304	0	#316
1221		142	0	0	#317
1222		305	286	0	#318
1223		305	278	0	#319
1224		305	133	0	#320
1225		0	262	0	#321
1226		305	128	0	#322
1227		234	306	0	#323
1228		305	129	0	#324
out_1229:348	115	0	0	#325
out_1229:1181	306	174	0	#326
123		46	0	0	#327
1230		305	131	0	#328
1231		1	97	0	#329
1232		1	79	0	#330
1233		1	83	0	#331
1234		299	1	0	#332
1235		305	57	0	#333
1236		304	53	0	#334
1237		305	59	0	#335
1238		305	58	0	#336
1239		305	49	0	#337
124		305	236	0	#338
out_1240:867	30	0	0	#339
out_1240:1016	306	40	0	#340
out_1240:1237	306	80	0	#341
out_1240:117	306	56	0	#342
out_1240:595	306	55	0	#343
1241		272	2	0	#344
1242		272	1	0	#345
1243		275	1	0	#346
1244		252	306	0	#347
1245		262	1	0	#348
1246		276	1	0	#349
1247		305	230	0	#350
1248		265	306	0	#351
out_1249:867	108	0	0	#352
out_1249:1245	259	0	0	#353
out_1249:151	251	0	0	#354
out_1249:780	258	0	0	#355
out_1249:1248	264	306	0	#356
125		305	28	0	#357
1250		305	70	0	#358
1251		305	69	0	#359
126		44	0	0	#360
127		270	1	0	#361
128		53	304	0	#362
129		306	30	0	#363
out_13:348	306	266	0	#364
out_13:867	306	202	0	#365
out_13:992	306	305	0	#366
out_13:137	306	289	0	#367
130		305	238	0	#368
131		305	134	0	#369
out_132:244	256	0	0	#370
out_132:138	263	0	0	#371
out_132:714	264	0	0	#372
133		271	0	0	#373
134		44	304	0	#374
135		77	304	0	#375
136		269	0	0	#376
137		305	275	0	#377
138		262	0	0	#378
139		306	70	0	#379
out_14:348	22	0	0	#380
out_14:118	0	202	0	#381
out_140:348	306	112	0	#382
out_140:619	0	295	0	#383
out_140:867	195	306	0	#384
out_140:1113	0	288	0	#385
141		305	65	0	#386
142		306	66	0	#387
143		306	75	0	#388
144		305	60	0	#389
out_145:867	101	306	0	#390
out_145:1201	306	3	0	#391
out_145:1202	306	10	0	#392
out_145:98	306	8	0	#393
out_145:537	111	0	0	#394
146		305	79	0	#395
147		39	306	0	#396
148		305	162	0	#397
149		306	234	0	#398
out_15:348	221	306	0	#399
out_15:867	1	0	0	#400
out_15:945	0	198	0	#401
out_15:1211	0	206	0	#402
150		306	244	0	#403
151		253	1	0	#404
152		63	0	0	#405
out_153:871	306	141	0	#406
out_153:636	306	222	0	#407
out_153:881	306	43	0	#408
out_153:672	306	219	0	#409
out_153:112	306	46	0	#410
154		1	33	0	#411
155		250	304	0	#412
156		278	1	0	#413
157		306	115	0	#414
158		80	0	0	#415
out_159:348	200	306	0	#416
out_159:561	0	115	0	#417
out_16:348	306	207	0	#418
out_16:867	92	0	0	#419
out_16:984	0	189	0	#420
out_16:1209	0	210	0	#421
160		305	13	0	#422
161		186	306	0	#423
162		154	1	0	#424
out_163:348	61	306	0	#425
out_163:67	306	107	0	#426
out_164:348	231	0	0	#427
out_164:834	0	44	0	#428
165		0	87	0	#429
166		0	82	0	#430
167		2	139	0	#431
168		170	306	0	#432
out_169:348	4	0	0	#433
out_169:867	196	306	0	#434
out_169:197	306	145	0	#435
out_169:313	306	125	0	#436
out_17:348	306	155	0	#437
out_17:867	12	0	0	#438
out_17:973	249	306	0	#439
out_17:488	229	306	0	#440
170		306	60	0	#441
171		54	0	0	#442
172		306	232	0	#443
173		167	306	0	#444
174		169	306	0	#445
175		2	203	0	#446
176		306	282	0	#447
177		199	1	0	#448
178		54	1	0	#449
out_179:867	306	213	0	#450
out_179:878	0	285	0	#451
out_179:421	0	258	0	#452
out_179:1050	0	271	0	#453
out_179:932	0	274	0	#454
out_18:348	140	0	0	#455
out_18:1214	247	306	0	#456
180		81	1	0	#457
181		305	180	0	#458
out_182:218	246	306	0	#459
out_182:560	0	194	0	#460
out_182:100	306	301	0	#461
out_182:972	0	190	0	#462
out_182:339	306	300	0	#463
out_183:364	0	85	0	#464
out_183:566	0	80	0	#465
out_183:166	0	83	0	#466
184		306	28	0	#467
185		131	23	0	#468
out_186:348	0	130	0	#469
out_186:379	287	306	0	#470
187		306	279	0	#471
188		292	306	0	#472
189		118	306	0	#473
out_19:348	151	0	0	#474
out_19:1054	0	273	0	#475
out_190:348	0	230	0	#476
out_190:367	176	0	0	#477
191		305	178	0	#478
192		305	29	0	#479
193		184	1	0	#480
194		305	85	0	#481
out_195:348	120	0	0	#482
out_195:1146	38	306	0	#483
196		306	245	0	#484
197		306	136	0	#485
out_198:867	27	0	0	#486
out_198:731	113	0	0	#487
out_198:748	161	0	0	#488
out_198:723	163	0	0	#489
out_198:816	166	0	0	#490
out_199:867	194	306	0	#491
out_199:197	306	146	0	#492
out_199:313	306	126	0	#493
out_199:1228	306	128	0	#494
out_199:1230	306	131	0	#495
out_2:348	306	214	0	#496
out_2:440	306	51	0	#497
out_20:348	220	0	0	#498
out_20:867	9	0	0	#499
out_20:969	0	284	0	#500
out_20:1208	0	272	0	#501
200		0	218	0	#502
201		0	213	0	#503
out_202:605	225	306	0	#504
out_202:494	227	306	0	#505
out_202:209	222	306	0	#506
out_203:688	0	51	0	#507
out_203:626	0	65	0	#508
out_203:208	18	306	0	#509
out_203:957	0	70	0	#510
out_203:740	13	306	0	#511
204		232	306	0	#512
205		80	302	0	#513
206		231	304	0	#514
207		1	8	0	#515
208		18	304	0	#516
209		223	306	0	#517
out_21:348	0	254	0	#518
out_21:867	235	0	0	#519
out_21:878	0	287	0	#520
out_21:421	0	256	0	#521
210		1	262	0	#522
211		306	63	0	#523
212		0	260	0	#524
out_213:348	258	306	0	#525
out_213:867	145	0	0	#526
out_213:221	197	0	0	#527
out_213:1104	195	0	0	#528
214		306	48	0	#529
215		292	0	0	#530
216		1	265	0	#531
217		0	74	0	#532
218		245	304	0	#533
219		0	264	0	#534
out_22:348	306	111	0	#535
out_22:1204	306	7	0	#536
220		16	0	0	#537
221		196	0	0	#538
222		300	0	0	#539
223		299	0	0	#540
out_224:348	0	14	0	#541
out_224:1194	73	306	0	#542
225		306	1	0	#543
226		306	25	0	#544
227		305	0	0	#545
228		194	1	0	#546
229		190	1	0	#547
out_23:348	266	306	0	#548
out_23:261	72	306	0	#549
230		305	283	0	#550
231		85	306	0	#551
232		83	306	0	#552
233		0	26	0	#553
out_234:992	305	306	0	#554
out_234:455	306	303	0	#555
out_234:803	304	306	0	#556
235		81	306	0	#557
236		76	1	0	#558
237		0	142	0	#559
238		0	148	0	#560
239		140	303	0	#561
out_24:348	0	176	0	#562
out_24:867	271	306	0	#563
out_24:279	63	306	0	#564
out_24:205	79	306	0	#565
240		306	166	0	#566
241		135	0	0	#567
out_242:965	147	306	0	#568
out_242:418	145	306	0	#569
out_242:257	151	306	0	#570
243		306	12	0	#571
244		255	0	0	#572
245		157	306	0	#573
246		144	306	0	#574
247		142	304	0	#575
248		0	278	0	#576
249		131	0	0	#577
out_25:348	110	306	0	#578
out_25:867	306	204	0	#579
out_25:694	7	306	0	#580
out_25:450	84	306	0	#581
250		133	0	0	#582
251		0	20	0	#583
252		1	274	0	#584
253		132	0	0	#585
254		142	306	0	#586
255		32	304	0	#587
256		291	0	0	#588
257		152	306	0	#589
258		134	303	0	#590
259		143	306	0	#591
out_26:348	306	210	0	#592
out_26:311	0	139	0	#593
260		86	0	0	#594
261		72	304	0	#595
262		131	97	0	#596
263		132	1	0	#597
out_264:617	0	138	0	#598
out_264:580	75	306	0	#599
out_264:585	306	4	0	#600
out_264:362	74	306	0	#601
out_264:383	306	5	0	#602
265		130	0	0	#603
266		0	69	0	#604
267		134	0	0	#605
268		1	242	0	#606
269		306	195	0	#607
out_27:348	18	0	0	#608
out_27:867	0	183	0	#609
out_27:944	0	164	0	#610
out_27:632	0	150	0	#611
270		137	0	0	#612
271		41	0	0	#613
272		230	306	0	#614
273		0	242	0	#615
274		306	31	0	#616
275		0	215	0	#617
276		305	127	0	#618
277		107	0	0	#619
278		89	0	0	#620
279		62	306	0	#621
out_28:348	93	306	0	#622
out_28:1177	306	175	0	#623
280		274	1	0	#624
281		0	207	0	#625
282		0	73	0	#626
out_283:587	233	306	0	#627
out_283:508	0	211	0	#628
out_283:640	306	277	0	#629
out_283:641	0	217	0	#630
out_283:643	306	285	0	#631
284		195	1	0	#632
285		157	1	0	#633
286		51	0	0	#634
287		222	0	0	#635
288		306	191	0	#636
289		55	0	0	#637
out_29:348	0	305	0	#638
out_29:867	306	265	0	#639
out_29:937	306	187	0	#640
out_29:1179	306	172	0	#641
290		0	152	0	#642
291		0	71	0	#643
292		45	0	0	#644
293		64	1	0	#645
294		156	1	0	#646
295		49	1	0	#647
out_296:348	306	271	0	#648
out_296:867	215	0	0	#649
297		66	304	0	#650
298		46	1	0	#651
out_299:348	248	0	0	#652
out_299:867	300	306	0	#653
out_299:1197	209	0	0	#654
out_299:1100	207	0	0	#655
out_3:348	213	306	0	#656
out_3:867	232	0	0	#657
out_3:864	306	57	0	#658
out_3:1238	306	59	0	#659
out_30:348	256	306	0	#660
out_30:258	137	306	0	#661
300		41	1	0	#662
301		44	1	0	#663
302		306	29	0	#664
303		306	47	0	#665
304		43	0	0	#666
305		0	52	0	#667
306		168	306	0	#668
307		186	1	0	#669
308		198	1	0	#670
309		1	102	0	#671
out_31:348	297	306	0	#672
out_31:1164	130	306	0	#673
310		17	306	0	#674
311		1	137	0	#675
312		20	304	0	#676
313		305	120	0	#677
314		14	306	0	#678
out_315:731	155	306	0	#679
out_315:635	0	180	0	#680
316		27	306	0	#681
317		305	161	0	#682
318		179	0	0	#683
319		306	88	0	#684
out_32:348	291	306	0	#685
out_32:1157	127	306	0	#686
320		78	1	0	#687
321		20	303	0	#688
322		306	158	0	#689
out_323:867	306	269	0	#690
out_323:694	8	306	0	#691
out_323:450	80	306	0	#692
out_323:483	76	306	0	#693
out_323:135	77	306	0	#694
324		288	306	0	#695
325		143	303	0	#696
326		28	306	0	#697
327		0	219	0	#698
328		305	66	0	#699
329		82	0	0	#700
out_33:348	0	300	0	#701
out_33:1132	62	0	0	#702
330		0	17	0	#703
331		34	303	0	#704
332		18	303	0	#705
333		24	306	0	#706
334		42	1	0	#707
out_335:731	306	205	0	#708
out_335:708	262	306	0	#709
336		305	285	0	#710
out_337:425	306	94	0	#711
out_337:348	0	186	0	#712
338		25	306	0	#713
339		305	296	0	#714
out_34:348	197	306	0	#715
out_34:867	210	306	0	#716
out_34:891	65	0	0	#717
out_34:1042	39	0	0	#718
340		305	188	0	#719
out_341:1036	306	231	0	#720
out_341:855	306	223	0	#721
out_341:968	306	216	0	#722
342		0	54	0	#723
343		1	278	0	#724
344		1	56	0	#725
out_345:917	0	76	0	#726
out_345:217	0	75	0	#727
out_345:282	0	72	0	#728
346		305	192	0	#729
347		1	232	0	#730
348		304	63	0	#731
349		0	166	0	#732
out_35:348	0	182	0	#733
out_35:791	241	306	0	#734
350		305	15	0	#735
351		1	202	0	#736
352		279	306	0	#737
353		56	306	0	#738
354		289	2	0	#739
out_355:348	218	0	0	#740
out_355:1239	306	54	0	#741
out_356:348	0	123	0	#742
out_356:1175	306	6	0	#743
out_357:360	306	194	0	#744
out_357:627	239	0	0	#745
out_357:452	236	0	0	#746
out_357:628	306	189	0	#747
out_357:372	306	252	0	#748
358		1	134	0	#749
359		305	158	0	#750
out_36:348	302	306	0	#751
out_36:1137	79	0	0	#752
360		305	194	0	#753
out_361:402	280	306	0	#754
out_361:705	282	306	0	#755
out_361:399	121	0	0	#756
out_361:513	124	0	0	#757
out_361:458	273	306	0	#758
362		74	304	0	#759
363		219	302	0	#760
364		0	84	0	#761
365		305	116	0	#762
366		305	80	0	#763
367		175	1	0	#764
368		111	306	0	#765
out_369:348	198	306	0	#766
out_369:151	252	0	0	#767
out_37:348	306	287	0	#768
out_37:320	78	0	0	#769
370		1	240	0	#770
371		264	1	0	#771
372		305	252	0	#772
373		1	44	0	#773
374		36	0	0	#774
375		0	60	0	#775
376		277	304	0	#776
377		136	1	0	#777
378		14	0	0	#778
379		288	304	0	#779
out_38:348	306	200	0	#780
out_38:867	306	147	0	#781
out_38:260	87	0	0	#782
out_38:293	76	0	0	#783
380		305	62	0	#784
381		306	21	0	#785
382		290	2	0	#786
383		305	5	0	#787
384		0	89	0	#788
385		1	20	0	#789
out_386:348	204	306	0	#790
out_386:789	306	292	0	#791
out_387:999	0	168	0	#792
out_387:561	0	116	0	#793
out_387:379	286	306	0	#794
out_387:401	0	237	0	#795
out_387:512	0	239	0	#796
388		0	169	0	#797
389		86	306	0	#798
out_39:348	301	306	0	#799
out_39:736	34	306	0	#800
390		1	193	0	#801
391		43	303	0	#802
392		158	0	0	#803
393		44	306	0	#804
394		68	0	0	#805
395		305	25	0	#806
out_396:490	0	268	0	#807
out_396:529	0	270	0	#808
out_396:563	239	306	0	#809
out_396:620	238	306	0	#810
out_396:1051	0	205	0	#811
397		0	234	0	#812
398		305	47	0	#813
399		123	1	0	#814
out_4:348	3	306	0	#815
out_4:867	216	0	0	#816
out_4:1016	306	42	0	#817
out_4:1237	306	79	0	#818
out_40:348	306	151	0	#819
out_40:924	54	306	0	#820
400		306	78	0	#821
401		1	237	0	#822
402		279	304	0	#823
403		267	306	0	#824
404		1	86	0	#825
405		169	304	0	#826
out_406:365	306	116	0	#827
out_406:411	306	240	0	#828
out_406:601	306	64	0	#829
out_406:545	306	235	0	#830
out_406:328	306	67	0	#831
407		60	0	0	#832
408		2	0	0	#833
409		34	302	0	#834
out_41:348	104	306	0	#835
out_41:121	35	306	0	#836
410		306	120	0	#837
411		305	240	0	#838
412		306	123	0	#839
out_413:348	306	149	0	#840
out_413:1231	0	97	0	#841
414		306	184	0	#842
415		305	32	0	#843
out_416:846	0	32	0	#844
out_416:848	0	34	0	#845
out_416:233	0	25	0	#846
417		0	145	0	#847
418		146	306	0	#848
419		227	0	0	#849
out_42:348	306	208	0	#850
out_42:867	19	0	0	#851
out_42:838	0	43	0	#852
out_42:1114	0	64	0	#853
420		0	18	0	#854
421		1	257	0	#855
422		289	0	0	#856
423		22	302	0	#857
424		1	96	0	#858
425		305	88	0	#859
426		305	249	0	#860
427		306	100	0	#861
428		296	0	0	#862
429		10	306	0	#863
out_43:348	33	0	0	#864
out_43:644	0	33	0	#865
430		126	0	0	#866
431		123	304	0	#867
432		306	65	0	#868
433		0	57	0	#869
434		118	0	0	#870
out_435:776	0	42	0	#871
out_435:76	33	306	0	#872
out_435:603	75	0	0	#873
out_435:615	37	306	0	#874
out_435:614	61	0	0	#875
out_436:348	212	306	0	#876
out_436:867	96	0	0	#877
out_436:622	187	0	0	#878
out_436:1110	189	0	0	#879
437		138	1	0	#880
438		239	1	0	#881
out_439:348	114	0	0	#882
out_439:867	306	263	0	#883
out_439:460	0	6	0	#884
out_439:1129	0	3	0	#885
out_44:348	0	223	0	#886
out_44:1127	0	40	0	#887
440		305	48	0	#888
441		158	1	0	#889
442		58	1	0	#890
443		305	225	0	#891
out_444:1062	212	0	0	#892
out_444:376	277	306	0	#893
out_444:584	245	0	0	#894
out_444:639	306	253	0	#895
out_444:753	306	256	0	#896
445		305	234	0	#897
446		305	297	0	#898
447		304	60	0	#899
448		166	304	0	#900
449		189	1	0	#901
out_45:348	209	306	0	#902
out_45:385	0	24	0	#903
450		84	304	0	#904
451		283	0	0	#905
452		238	1	0	#906
453		233	304	0	#907
454		199	0	0	#908
455		306	302	0	#909
456		306	284	0	#910
457		1	197	0	#911
458		273	303	0	#912
459		1	235	0	#913
out_46:348	0	253	0	#914
out_46:1128	0	12	0	#915
460		0	7	0	#916
461		207	1	0	#917
462		0	281	0	#918
463		268	304	0	#919
464		306	45	0	#920
out_465:348	0	131	0	#921
out_465:911	0	39	0	#922
466		305	190	0	#923
467		95	304	0	#924
out_468:867	203	306	0	#925
out_468:460	0	8	0	#926
out_468:1033	0	53	0	#927
out_468:1120	0	48	0	#928
out_468:1129	0	2	0	#929
469		292	1	0	#930
out_47:348	101	0	0	#931
out_47:228	193	0	0	#932
470		306	276	0	#933
471		7	1	0	#934
472		1	249	0	#935
473		226	1	0	#936
out_474:520	0	94	0	#937
out_474:518	0	95	0	#938
out_474:499	306	130	0	#939
out_474:276	306	127	0	#940
out_474:1076	0	227	0	#941
475		170	0	0	#942
476		134	1	0	#943
477		154	0	0	#944
478		305	229	0	#945
479		271	1	0	#946
out_48:348	193	306	0	#947
out_48:471	5	0	0	#948
480		300	1	0	#949
481		1	207	0	#950
482		306	118	0	#951
483		77	303	0	#952
484		306	161	0	#953
485		0	132	0	#954
486		1	52	0	#955
487		139	303	0	#956
488		228	304	0	#957
out_489:348	0	122	0	#958
out_489:867	148	0	0	#959
out_489:1011	190	306	0	#960
out_489:1220	173	306	0	#961
out_49:348	0	177	0	#962
out_49:467	95	306	0	#963
490		1	268	0	#964
491		1	139	0	#965
492		278	306	0	#966
493		1	29	0	#967
494		228	306	0	#968
495		306	84	0	#969
out_496:463	269	306	0	#970
out_496:935	0	292	0	#971
out_496:294	156	0	0	#972
out_496:367	175	0	0	#973
out_496:602	0	289	0	#974
497		179	304	0	#975
498		164	306	0	#976
499		305	130	0	#977
out_5:348	100	306	0	#978
out_5:443	306	226	0	#979
out_50:348	263	306	0	#980
out_50:452	237	0	0	#981
500		305	227	0	#982
501		50	1	0	#983
502		201	1	0	#984
503		1	238	0	#985
504		0	266	0	#986
out_505:767	0	203	0	#987
out_505:103	306	290	0	#988
out_505:553	176	306	0	#989
out_505:703	306	291	0	#990
out_505:497	179	306	0	#991
506		171	0	0	#992
507		99	304	0	#993
508		1	211	0	#994
509		305	53	0	#995
out_51:348	32	0	0	#996
out_51:627	240	0	0	#997
510		1	244	0	#998
511		280	0	0	#999
512		1	239	0	#1000
513		126	1	0	#1001
514		305	52	0	#1002
515		0	232	0	#1003
out_516:348	306	199	0	#1004
out_516:867	91	306	0	#1005
out_516:921	149	306	0	#1006
out_516:185	131	306	0	#1007
517		0	59	0	#1008
518		1	95	0	#1009
519		1	2	0	#1010
out_52:348	11	0	0	#1011
out_52:867	104	0	0	#1012
out_52:792	250	0	0	#1013
out_52:466	306	190	0	#1014
520		1	94	0	#1015
521		165	306	0	#1016
522		197	1	0	#1017
523		0	293	0	#1018
524		306	198	0	#1019
525		306	142	0	#1020
526		306	162	0	#1021
out_527:348	306	148	0	#1022
out_527:68	306	71	0	#1023
out_528:448	166	306	0	#1024
out_528:940	163	306	0	#1025
out_528:755	0	90	0	#1026
out_528:630	0	81	0	#1027
out_528:754	306	117	0	#1028
529		1	269	0	#1029
out_53:348	306	206	0	#1030
out_53:426	306	251	0	#1031
out_530:348	0	118	0	#1032
out_530:1135	0	137	0	#1033
531		1	5	0	#1034
532		135	1	0	#1035
533		205	306	0	#1036
534		304	66	0	#1037
535		74	1	0	#1038
536		78	306	0	#1039
537		112	0	0	#1040
538		305	224	0	#1041
539		305	121	0	#1042
out_54:348	0	172	0	#1043
out_54:867	257	306	0	#1044
out_54:832	216	306	0	#1045
out_54:1095	274	306	0	#1046
540		304	67	0	#1047
out_541:500	306	227	0	#1048
out_541:509	306	53	0	#1049
out_541:612	273	0	0	#1050
out_541:514	306	52	0	#1051
out_541:280	274	0	0	#1052
542		0	67	0	#1053
out_543:348	306	152	0	#1054
out_543:610	180	0	0	#1055
544		305	119	0	#1056
545		305	235	0	#1057
546		227	304	0	#1058
547		98	306	0	#1059
out_548:348	0	175	0	#1060
out_548:1120	0	49	0	#1061
549		305	253	0	#1062
out_55:348	306	209	0	#1063
out_55:399	122	0	0	#1064
550		306	134	0	#1065
551		303	1	0	#1066
out_552:944	0	163	0	#1067
out_552:946	0	159	0	#1068
out_552:948	0	162	0	#1069
553		176	304	0	#1070
554		306	143	0	#1071
555		181	0	0	#1072
556		21	304	0	#1073
557		15	306	0	#1074
558		26	306	0	#1075
559		0	291	0	#1076
out_56:348	0	171	0	#1077
out_56:513	125	0	0	#1078
560		1	194	0	#1079
561		1	113	0	#1080
562		0	9	0	#1081
563		239	304	0	#1082
564		66	306	0	#1083
565		0	280	0	#1084
566		0	79	0	#1085
567		0	263	0	#1086
568		305	26	0	#1087
569		8	0	0	#1088
out_57:348	0	119	0	#1089
out_57:867	23	0	0	#1090
out_57:273	0	243	0	#1091
out_57:1094	0	238	0	#1092
570		1	65	0	#1093
out_571:348	272	306	0	#1094
out_571:867	100	0	0	#1095
out_571:873	32	306	0	#1096
out_571:1145	30	306	0	#1097
572		201	0	0	#1098
573		90	0	0	#1099
574		306	61	0	#1100
575		90	306	0	#1101
576		106	1	0	#1102
577		281	0	0	#1103
578		218	306	0	#1104
579		47	0	0	#1105
out_58:348	5	306	0	#1106
out_58:268	0	241	0	#1107
580		75	304	0	#1108
out_581:348	26	0	0	#1109
out_581:867	103	306	0	#1110
out_581:918	139	306	0	#1111
out_581:239	140	306	0	#1112
582		205	0	0	#1113
out_583:348	306	153	0	#1114
out_583:655	59	0	0	#1115
584		245	1	0	#1116
585		305	4	0	#1117
586		222	1	0	#1118
587		232	304	0	#1119
588		132	303	0	#1120
589		1	47	0	#1121
out_59:348	20	0	0	#1122
out_59:867	1	306	0	#1123
out_59:807	0	249	0	#1124
out_59:825	0	240	0	#1125
590		304	254	0	#1126
591		131	1	0	#1127
592		1	261	0	#1128
593		24	0	0	#1129
594		1	241	0	#1130
595		305	55	0	#1131
596		305	169	0	#1132
out_597:1174	233	0	0	#1133
out_597:795	129	0	0	#1134
out_597:987	0	220	0	#1135
out_597:797	306	249	0	#1136
out_597:819	306	259	0	#1137
598		306	160	0	#1138
out_599:348	99	0	0	#1139
out_599:586	223	0	0	#1140
out_6:348	152	0	0	#1141
out_6:867	29	0	0	#1142
out_6:1036	306	229	0	#1143
out_6:130	306	238	0	#1144
out_60:348	306	113	0	#1145
out_60:463	270	306	0	#1146
out_600:769	135	306	0	#1147
out_600:588	132	306	0	#1148
out_600:1079	306	170	0	#1149
out_600:596	306	169	0	#1150
out_600:491	0	140	0	#1151
601		305	64	0	#1152
602		1	289	0	#1153
603		75	1	0	#1154
604		306	32	0	#1155
605		224	306	0	#1156
606		0	244	0	#1157
out_607:359	306	157	0	#1158
out_607:654	0	146	0	#1159
out_607:1168	87	306	0	#1160
out_607:657	0	144	0	#1161
out_607:111	88	306	0	#1162
608		0	68	0	#1163
609		0	58	0	#1164
out_61:348	306	201	0	#1165
out_61:1083	172	0	0	#1166
610		179	1	0	#1167
611		0	56	0	#1168
612		273	1	0	#1169
out_613:624	266	0	0	#1170
out_613:1052	253	0	0	#1171
out_613:1056	267	0	0	#1172
614		61	1	0	#1173
615		37	304	0	#1174
616		206	0	0	#1175
617		1	138	0	#1176
618		123	303	0	#1177
619		0	296	0	#1178
62		160	1	0	#1179
620		238	304	0	#1180
621		35	304	0	#1181
622		190	0	0	#1182
out_623:348	0	23	0	#1183
out_623:867	0	126	0	#1184
out_623:101	306	109	0	#1185
out_623:1139	306	69	0	#1186
624		260	0	0	#1187
out_625:378	13	0	0	#1188
out_625:710	0	233	0	#1189
out_625:363	219	306	0	#1190
out_625:708	261	306	0	#1191
out_625:388	0	170	0	#1192
626		1	61	0	#1193
627		240	1	0	#1194
628		305	189	0	#1195
629		0	191	0	#1196
out_63:348	283	306	0	#1197
out_63:867	17	0	0	#1198
out_63:995	168	0	0	#1199
out_63:62	160	0	0	#1200
630		1	82	0	#1201
631		306	247	0	#1202
632		1	149	0	#1203
633		1	88	0	#1204
634		203	1	0	#1205
635		0	178	0	#1206
636		305	222	0	#1207
637		187	306	0	#1208
638		306	44	0	#1209
639		306	254	0	#1210
out_64:348	306	215	0	#1211
out_64:1091	306	86	0	#1212
640		305	276	0	#1213
641		1	213	0	#1214
642		306	124	0	#1215
643		305	284	0	#1216
644		1	32	0	#1217
645		40	0	0	#1218
out_646:348	214	0	0	#1219
out_646:1084	306	93	0	#1220
647		306	283	0	#1221
648		259	1	0	#1222
out_649:382	306	39	0	#1223
65		297	1	0	#1224
650		290	1	0	#1225
651		0	231	0	#1226
652		21	306	0	#1227
653		306	105	0	#1228
654		1	147	0	#1229
655		63	1	0	#1230
656		94	0	0	#1231
657		1	142	0	#1232
658		40	306	0	#1233
659		305	289	0	#1234
out_66:867	0	225	0	#1235
out_66:653	306	103	0	#1236
out_66:835	306	37	0	#1237
out_66:67	306	106	0	#1238
out_66:65	306	35	0	#1239
660		48	1	0	#1240
661		38	0	0	#1241
662		306	225	0	#1242
663		83	1	0	#1243
out_664:348	247	0	0	#1244
out_664:1161	0	269	0	#1245
out_665:660	48	0	0	#1246
out_665:676	42	0	0	#1247
out_665:437	139	0	0	#1248
out_665:377	136	0	0	#1249
out_665:317	306	165	0	#1250
666		184	0	0	#1251
667		0	212	0	#1252
668		306	233	0	#1253
out_669:227	304	0	0	#1254
out_669:225	306	2	0	#1255
out_669:1049	301	0	0	#1256
67		305	95	0	#1257
670		284	306	0	#1258
671		0	15	0	#1259
672		305	220	0	#1260
673		97	306	0	#1261
674		298	0	0	#1262
675		0	61	0	#1263
676		43	1	0	#1264
677		1	89	0	#1265
678		279	0	0	#1266
out_679:348	0	255	0	#1267
out_679:867	0	303	0	#1268
out_679:866	51	306	0	#1269
out_679:962	29	306	0	#1270
68		305	71	0	#1271
680		0	143	0	#1272
681		305	160	0	#1273
out_682:113	0	174	0	#1274
out_682:277	105	0	0	#1275
out_682:635	0	179	0	#1276
out_682:1053	103	0	0	#1277
out_682:531	0	5	0	#1278
683		1	148	0	#1279
684		298	1	0	#1280
685		0	88	0	#1281
out_686:473	226	0	0	#1282
out_686:472	0	250	0	#1283
out_686:471	6	0	0	#1284
out_686:467	94	306	0	#1285
out_686:461	208	0	0	#1286
687		0	66	0	#1287
688		1	51	0	#1288
689		306	196	0	#1289
69		293	1	0	#1290
690		306	122	0	#1291
691		305	193	0	#1292
692		275	306	0	#1293
693		0	246	0	#1294
694		6	306	0	#1295
695		290	0	0	#1296
696		0	257	0	#1297
697		203	0	0	#1298
698		162	306	0	#1299
out_699:245	158	306	0	#1300
out_699:634	204	0	0	#1301
out_699:507	99	306	0	#1302
out_699:555	182	0	0	#1303
out_699:712	192	0	0	#1304
out_7:348	199	306	0	#1305
out_7:538	306	241	0	#1306
70		305	67	0	#1307
700		0	141	0	#1308
701		82	304	0	#1309
702		49	0	0	#1310
703		305	291	0	#1311
704		37	0	0	#1312
705		281	304	0	#1313
out_706:867	93	0	0	#1314
out_706:933	192	306	0	#1315
out_706:928	172	306	0	#1316
out_706:1219	174	306	0	#1317
out_706:857	177	306	0	#1318
707		0	265	0	#1319
708		260	306	0	#1320
709		0	128	0	#1321
71		305	73	0	#1322
710		1	233	0	#1323
711		0	121	0	#1324
712		191	0	0	#1325
713		19	306	0	#1326
714		265	0	0	#1327
715		202	1	0	#1328
716		85	304	0	#1329
717		70	1	0	#1330
718		305	254	0	#1331
719		21	303	0	#1332
72		305	68	0	#1333
out_720:656	95	0	0	#1334
out_720:346	306	192	0	#1335
out_720:732	285	306	0	#1336
out_720:419	225	0	0	#1337
out_720:975	0	251	0	#1338
721		306	163	0	#1339
722		0	282	0	#1340
723		162	0	0	#1341
out_724:348	159	306	0	#1342
out_724:1243	275	0	0	#1343
725		270	0	0	#1344
726		276	306	0	#1345
727		301	1	0	#1346
728		113	306	0	#1347
out_729:348	306	270	0	#1348
out_729:1163	117	306	0	#1349
73		108	304	0	#1350
730		0	214	0	#1351
731		287	1	0	#1352
732		285	304	0	#1353
733		138	0	0	#1354
734		306	193	0	#1355
735		163	1	0	#1356
736		46	302	0	#1357
737		182	1	0	#1358
738		285	0	0	#1359
739		0	100	0	#1360
out_74:1057	306	261	0	#1361
out_74:177	200	0	0	#1362
out_74:73	108	306	0	#1363
out_74:318	178	0	0	#1364
out_74:622	188	0	0	#1365
740		16	304	0	#1366
741		0	216	0	#1367
742		281	306	0	#1368
743		305	27	0	#1369
744		129	303	0	#1370
745		277	301	0	#1371
746		82	1	0	#1372
747		215	83	0	#1373
748		159	0	0	#1374
out_749:1221	141	0	0	#1375
out_749:709	0	127	0	#1376
out_749:220	15	0	0	#1377
out_749:349	0	167	0	#1378
out_749:451	284	0	0	#1379
75		1	4	0	#1380
750		305	172	0	#1381
751		306	121	0	#1382
752		127	0	0	#1383
753		306	257	0	#1384
754		305	118	0	#1385
755		1	87	0	#1386
756		306	18	0	#1387
757		305	132	0	#1388
758		246	0	0	#1389
759		0	63	0	#1390
76		33	303	0	#1391
760		291	1	0	#1392
761		202	0	0	#1393
762		306	90	0	#1394
763		119	306	0	#1395
764		0	229	0	#1396
765		149	0	0	#1397
766		161	306	0	#1398
767		1	203	0	#1399
out_768:348	306	267	0	#1400
out_768:867	213	0	0	#1401
out_768:899	306	97	0	#1402
out_768:192	306	36	0	#1403
769		135	303	0	#1404
77		59	306	0	#1405
770		57	306	0	#1406
771		155	0	0	#1407
772		306	286	0	#1408
773		141	306	0	#1409
774		16	306	0	#1410
775		70	0	0	#1411
776		1	42	0	#1412
777		0	62	0	#1413
778		206	304	0	#1414
779		1	58	0	#1415
78		306	17	0	#1416
780		258	1	0	#1417
781		198	0	0	#1418
782		229	0	0	#1419
out_783:782	228	0	0	#1420
out_783:784	242	0	0	#1421
out_783:787	98	0	0	#1422
out_783:569	7	0	0	#1423
out_783:673	96	306	0	#1424
784		243	1	0	#1425
785		59	1	0	#1426
786		78	304	0	#1427
787		98	1	0	#1428
788		243	0	0	#1429
789		305	292	0	#1430
out_79:867	306	150	0	#1431
out_79:407	69	0	0	#1432
out_79:1140	35	0	0	#1433
out_79:442	58	0	0	#1434
out_79:1143	56	0	0	#1435
790		241	0	0	#1436
791		241	304	0	#1437
792		249	0	0	#1438
out_793:348	211	306	0	#1439
out_793:867	153	306	0	#1440
out_793:796	306	22	0	#1441
out_793:98	306	9	0	#1442
794		244	0	0	#1443
795		127	1	0	#1444
796		306	24	0	#1445
797		306	250	0	#1446
798		123	0	0	#1447
799		128	0	0	#1448
out_8:348	219	0	0	#1449
out_8:1224	306	133	0	#1450
out_80:408	3	0	0	#1451
out_80:287	221	0	0	#1452
out_80:666	183	0	0	#1453
out_80:711	0	120	0	#1454
out_80:75	0	4	0	#1455
800		0	185	0	#1456
out_801:348	21	0	0	#1457
out_801:867	92	306	0	#1458
out_801:653	306	104	0	#1459
out_801:65	306	62	0	#1460
out_802:800	0	184	0	#1461
out_802:510	0	245	0	#1462
out_802:804	25	0	0	#1463
out_802:324	289	306	0	#1464
out_802:805	0	114	0	#1465
803		303	306	0	#1466
804		24	1	0	#1467
805		0	113	0	#1468
806		0	247	0	#1469
807		0	248	0	#1470
808		0	135	0	#1471
809		1	243	0	#1472
81		0	86	0	#1473
810		165	304	0	#1474
out_811:619	0	297	0	#1475
out_811:188	293	306	0	#1476
out_811:812	169	0	0	#1477
out_811:814	0	299	0	#1478
out_811:403	268	306	0	#1479
812		169	1	0	#1480
out_813:348	0	78	0	#1481
out_813:867	0	226	0	#1482
out_813:933	191	306	0	#1483
out_813:928	171	306	0	#1484
814		1	298	0	#1485
out_815:348	0	129	0	#1486
out_815:867	0	302	0	#1487
out_815:414	306	185	0	#1488
out_815:1180	306	168	0	#1489
816		165	0	0	#1490
817		173	1	0	#1491
818		174	0	0	#1492
819		306	258	0	#1493
82		306	96	0	#1494
820		28	304	0	#1495
out_821:867	0	222	0	#1496
out_821:984	0	188	0	#1497
out_821:1209	0	209	0	#1498
out_821:1023	0	200	0	#1499
out_821:1124	0	201	0	#1500
822		306	102	0	#1501
out_823:822	306	101	0	#1502
out_823:826	110	0	0	#1503
out_823:828	295	306	0	#1504
out_823:829	298	306	0	#1505
out_823:427	306	99	0	#1506
824		306	183	0	#1507
825		1	234	0	#1508
826		109	0	0	#1509
827		1	155	0	#1510
828		294	306	0	#1511
829		299	306	0	#1512
83		45	304	0	#1513
830		305	293	0	#1514
831		0	298	0	#1515
832		215	306	0	#1516
833		238	0	0	#1517
834		1	38	0	#1518
835		294	1	0	#1519
836		97	0	0	#1520
837		0	41	0	#1521
838		0	45	0	#1522
out_839:348	217	306	0	#1523
out_839:1246	276	0	0	#1524
84		1	37	0	#1525
840		0	38	0	#1526
841		69	306	0	#1527
842		0	27	0	#1528
843		0	30	0	#1529
844		1	19	0	#1530
845		1	31	0	#1531
846		0	31	0	#1532
out_847:796	306	23	0	#1533
out_847:756	306	19	0	#1534
out_847:381	306	20	0	#1535
848		0	35	0	#1536
out_849:867	217	0	0	#1537
out_849:1232	0	93	0	#1538
out_849:1067	0	98	0	#1539
out_849:1233	0	91	0	#1540
out_849:1106	306	34	0	#1541
85		122	304	0	#1542
850		1	36	0	#1543
851		0	19	0	#1544
852		0	13	0	#1545
853		304	62	0	#1546
854		117	304	0	#1547
855		306	224	0	#1548
856		1	18	0	#1549
857		178	304	0	#1550
858		242	306	0	#1551
out_859:348	146	0	0	#1552
out_859:1125	0	46	0	#1553
86		124	304	0	#1554
860		0	16	0	#1555
861		244	306	0	#1556
862		47	306	0	#1557
863		39	304	0	#1558
864		306	58	0	#1559
out_865:1018	0	50	0	#1560
out_865:385	0	22	0	#1561
out_865:1126	0	55	0	#1562
out_865:1128	0	11	0	#1563
866		52	306	0	#1564
867		305	84	0	#1565
868		50	306	0	#1566
869		49	306	0	#1567
87		67	304	0	#1568
870		277	1	0	#1569
871		305	140	0	#1570
out_872:867	102	306	0	#1571
out_872:683	0	151	0	#1572
out_872:827	0	158	0	#1573
out_872:632	0	149	0	#1574
out_872:1196	306	212	0	#1575
873		31	306	0	#1576
874		41	306	0	#1577
out_875:577	282	0	0	#1578
out_875:738	286	0	0	#1579
out_875:354	287	0	0	#1580
out_875:1221	143	0	0	#1581
out_875:760	288	0	0	#1582
out_876:867	28	0	0	#1583
out_876:101	306	108	0	#1584
out_876:1139	306	38	0	#1585
out_876:72	306	72	0	#1586
out_876:70	306	76	0	#1587
877		42	306	0	#1588
878		0	286	0	#1589
879		43	304	0	#1590
88		1	156	0	#1591
880		46	304	0	#1592
881		305	44	0	#1593
out_882:770	58	306	0	#1594
out_882:77	60	306	0	#1595
out_882:353	55	306	0	#1596
883		43	306	0	#1597
884		66	1	0	#1598
885		306	159	0	#1599
886		68	1	0	#1600
out_887:348	202	306	0	#1601
out_887:457	0	204	0	#1602
888		0	110	0	#1603
889		84	1	0	#1604
out_89:181	306	180	0	#1605
out_89:88	0	156	0	#1606
out_89:87	65	306	0	#1607
out_89:358	0	133	0	#1608
out_89:297	64	306	0	#1609
890		69	1	0	#1610
891		57	0	0	#1611
892		72	0	0	#1612
out_893:348	306	280	0	#1613
out_893:193	185	0	0	#1614
894		130	303	0	#1615
895		64	0	0	#1616
896		0	155	0	#1617
897		67	0	0	#1618
898		85	0	0	#1619
899		306	98	0	#1620
out_9:348	4	306	0	#1621
out_9:757	306	132	0	#1622
90		1	277	0	#1623
900		1	141	0	#1624
out_901:470	306	275	0	#1625
out_901:187	306	278	0	#1626
out_901:1215	306	273	0	#1627
902		175	304	0	#1628
903		81	0	0	#1629
904		84	0	0	#1630
905		306	26	0	#1631
906		272	0	0	#1632
907		141	303	0	#1633
908		306	177	0	#1634
909		122	306	0	#1635
91		17	304	0	#1636
910		121	306	0	#1637
911		1	35	0	#1638
912		0	236	0	#1639
913		116	306	0	#1640
914		133	304	0	#1641
915		0	267	0	#1642
916		36	304	0	#1643
917		0	77	0	#1644
918		138	306	0	#1645
919		134	306	0	#1646
92		1	279	0	#1647
920		133	306	0	#1648
921		150	306	0	#1649
922		305	179	0	#1650
923		123	306	0	#1651
924		54	304	0	#1652
925		305	231	0	#1653
out_926:290	0	153	0	#1654
out_926:896	0	154	0	#1655
out_926:238	0	147	0	#1656
927		128	306	0	#1657
928		171	304	0	#1658
929		194	0	0	#1659
out_93:150	306	243	0	#1660
out_93:631	306	248	0	#1661
out_93:196	306	246	0	#1662
930		125	306	0	#1663
931		134	304	0	#1664
932		1	272	0	#1665
933		175	306	0	#1666
934		136	306	0	#1667
935		1	291	0	#1668
out_936:368	112	306	0	#1669
out_936:913	115	306	0	#1670
out_936:728	114	306	0	#1671
937		306	186	0	#1672
938		306	182	0	#1673
939		306	176	0	#1674
94		305	14	0	#1675
940		164	304	0	#1676
941		126	304	0	#1677
942		306	179	0	#1678
out_943:867	31	0	0	#1679
out_943:1213	235	306	0	#1680
out_943:1214	248	306	0	#1681
out_943:488	236	306	0	#1682
out_943:764	0	228	0	#1683
944		0	165	0	#1684
945		0	199	0	#1685
946		0	160	0	#1686
out_947:559	0	290	0	#1687
out_947:434	117	0	0	#1688
out_947:441	157	0	0	#1689
out_947:778	206	306	0	#1690
out_947:523	0	294	0	#1691
948		0	161	0	#1692
949		0	21	0	#1693
out_95:348	0	181	0	#1694
out_95:391	36	306	0	#1695
950		1	135	0	#1696
951		0	136	0	#1697
952		0	196	0	#1698
953		0	134	0	#1699
954		306	236	0	#1700
955		67	306	0	#1701
out_956:348	0	221	0	#1702
out_956:1085	178	306	0	#1703
957		1	66	0	#1704
958		70	304	0	#1705
959		68	304	0	#1706
out_96:350	306	15	0	#1707
out_96:94	306	16	0	#1708
out_96:92	0	279	0	#1709
out_96:90	0	277	0	#1710
out_96:155	251	306	0	#1711
960		70	306	0	#1712
961		53	1	0	#1713
962		27	303	0	#1714
963		305	83	0	#1715
964		71	306	0	#1716
965		148	306	0	#1717
966		306	13	0	#1718
967		68	306	0	#1719
968		306	217	0	#1720
969		0	283	0	#1721
out_97:348	296	306	0	#1722
out_97:1202	306	11	0	#1723
970		0	275	0	#1724
971		305	89	0	#1725
972		1	190	0	#1726
973		250	306	0	#1727
974		255	306	0	#1728
975		0	252	0	#1729
976		244	304	0	#1730
977		11	306	0	#1731
978		0	276	0	#1732
979		243	306	0	#1733
98		305	1	0	#1734
980		196	1	0	#1735
981		245	306	0	#1736
out_982:663	83	0	0	#1737
out_982:717	71	0	0	#1738
out_982:86	124	306	0	#1739
out_982:85	120	306	0	#1740
out_982:191	306	178	0	#1741
out_983:973	237	306	0	#1742
out_983:974	254	306	0	#1743
out_983:1244	253	306	0	#1744
984		0	187	0	#1745
985		0	193	0	#1746
986		0	197	0	#1747
987		1	219	0	#1748
988		0	195	0	#1749
out_989:348	0	224	0	#1750
out_989:867	0	125	0	#1751
out_989:407	66	0	0	#1752
out_989:1140	34	0	0	#1753
99		306	50	0	#1754
990		0	192	0	#1755
991		20	306	0	#1756
992		306	304	0	#1757
993		306	299	0	#1758
994		306	298	0	#1759
995		167	0	0	#1760
996		306	296	0	#1761
997		207	306	0	#1762
998		183	304	0	#1763
999		1	168	0	#1764
