Netlist file: benchmarks/fpga/net_EPFL/sin_k6.net   Architecture file: arch/k6-n1.xml
Array size: 115 x 115 logic blocks

#block name	x	y	subblk	block number
#----------	--	--	------	------------
0		35	60	0	#0
1		12	34	0	#1
10		33	100	0	#2
100		84	42	0	#3
1000		99	43	0	#4
out_1001:1495	116	12	0	#5
out_1001:661	2	0	0	#6
out_1001:480	116	102	0	#7
out_1001:315	49	0	0	#8
1002		33	50	0	#9
1003		70	4	0	#10
1004		65	4	0	#11
out_1005:1178	0	53	0	#12
out_1005:728	0	38	0	#13
out_1005:825	0	69	0	#14
out_1005:36	0	83	0	#15
out_1005:1061	0	102	0	#16
out_1006:744	116	29	0	#17
out_1006:1349	106	0	0	#18
out_1006:545	116	94	0	#19
1007		75	7	0	#20
out_1008:592	30	0	0	#21
out_1008:528	116	19	0	#22
out_1008:625	31	0	0	#23
out_1008:956	32	0	0	#24
1009		16	41	0	#25
out_101:778	116	10	0	#26
out_101:113	98	116	0	#27
out_101:575	116	70	0	#28
out_101:674	116	69	0	#29
out_101:882	95	116	0	#30
1010		72	8	0	#31
1011		69	3	0	#32
1012		73	3	0	#33
1013		77	12	0	#34
1014		114	1	0	#35
1015		32	39	0	#36
1016		47	1	0	#37
1017		31	58	0	#38
1018		63	1	0	#39
1019		72	4	0	#40
102		97	46	0	#41
1020		72	9	0	#42
1021		36	56	0	#43
1022		72	6	0	#44
1023		86	39	0	#45
1024		85	49	0	#46
1025		25	59	0	#47
1026		83	28	0	#48
1027		46	1	0	#49
out_1028:1027	45	0	0	#50
out_1028:1029	85	0	0	#51
out_1028:1033	87	0	0	#52
out_1028:1034	93	0	0	#53
1029		80	6	0	#54
103		94	45	0	#55
1030		36	54	0	#56
1031		83	4	0	#57
1032		84	32	0	#58
1033		72	7	0	#59
1034		82	8	0	#60
1035		83	7	0	#61
1036		29	57	0	#62
1037		34	38	0	#63
1038		91	39	0	#64
1039		82	4	0	#65
104		38	53	0	#66
out_1040:778	116	18	0	#67
out_1041:810	48	0	0	#68
1042		90	28	0	#69
out_1043:878	116	88	0	#70
out_1043:720	116	71	0	#71
1044		80	4	0	#72
1045		23	55	0	#73
out_1046:980	0	77	0	#74
out_1046:1226	0	13	0	#75
out_1046:1401	0	87	0	#76
1047		26	35	0	#77
1048		80	7	0	#78
1049		70	6	0	#79
105		70	44	0	#80
1050		79	5	0	#81
1051		23	35	0	#82
1052		94	31	0	#83
1053		24	44	0	#84
1054		86	40	0	#85
1055		75	6	0	#86
1056		79	8	0	#87
1057		19	35	0	#88
out_1058:889	39	116	0	#89
out_1058:441	103	0	0	#90
out_1058:784	111	0	0	#91
1059		81	7	0	#92
106		67	46	0	#93
1060		83	6	0	#94
1061		20	55	0	#95
1062		85	3	0	#96
1063		78	6	0	#97
1064		24	42	0	#98
1065		84	7	0	#99
1066		71	6	0	#100
1067		84	6	0	#101
1068		83	8	0	#102
1069		87	47	0	#103
107		69	48	0	#104
1070		45	41	0	#105
1071		30	17	0	#106
1072		82	3	0	#107
1073		89	39	0	#108
1074		76	51	0	#109
1075		23	44	0	#110
1076		80	3	0	#111
1077		60	2	0	#112
1078		89	29	0	#113
1079		61	2	0	#114
out_108:1460	116	115	0	#115
out_108:109	73	116	0	#116
out_108:107	69	116	0	#117
1080		59	2	0	#118
out_1081:315	50	0	0	#119
1082		85	47	0	#120
1083		61	1	0	#121
1084		65	43	0	#122
1085		30	56	0	#123
1086		91	30	0	#124
1087		81	1	0	#125
1088		92	39	0	#126
1089		85	1	0	#127
109		77	73	0	#128
1090		34	48	0	#129
out_1091:1077	60	0	0	#130
out_1091:1080	59	0	0	#131
out_1091:467	57	0	0	#132
out_1091:412	58	0	0	#133
out_1092:441	105	0	0	#134
out_1092:716	23	116	0	#135
out_1092:784	112	0	0	#136
1093		93	24	0	#137
out_1094:78	72	116	0	#138
out_1094:936	62	116	0	#139
out_1094:66	60	116	0	#140
1095		82	1	0	#141
1096		83	2	0	#142
out_1097:1257	116	30	0	#143
out_1097:1026	116	35	0	#144
1098		80	1	0	#145
1099		86	1	0	#146
11		27	52	0	#147
out_110:1460	4	116	0	#148
out_110:512	43	116	0	#149
out_110:35	45	116	0	#150
1100		35	48	0	#151
1101		23	43	0	#152
1102		38	51	0	#153
1103		77	31	0	#154
1104		79	1	0	#155
1105		88	39	0	#156
1106		38	50	0	#157
out_1107:873	0	68	0	#158
out_1107:1315	0	97	0	#159
out_1108:753	100	0	0	#160
out_1108:291	116	15	0	#161
out_1108:447	116	5	0	#162
out_1108:1112	96	0	0	#163
1109		94	30	0	#164
111		32	53	0	#165
1110		34	9	0	#166
1111		67	43	0	#167
1112		89	1	0	#168
1113		77	50	0	#169
1114		84	53	0	#170
out_1115:1016	46	0	0	#171
1116		85	10	0	#172
1117		85	28	0	#173
1118		20	39	0	#174
1119		96	28	0	#175
112		28	51	0	#176
1120		68	44	0	#177
1121		31	35	0	#178
1122		92	42	0	#179
1123		18	35	0	#180
1124		81	5	0	#181
1125		27	28	0	#182
1126		32	35	0	#183
1127		81	8	0	#184
1128		35	55	0	#185
1129		83	26	0	#186
113		94	42	0	#187
1130		86	51	0	#188
out_1131:1415	109	116	0	#189
out_1131:1460	5	0	0	#190
out_1131:1490	86	116	0	#191
1132		17	50	0	#192
1133		85	46	0	#193
1134		33	39	0	#194
out_1135:721	0	66	0	#195
out_1135:1009	0	80	0	#196
out_1135:768	0	86	0	#197
1136		28	41	0	#198
1137		30	37	0	#199
1138		34	53	0	#200
out_1139:1460	116	114	0	#201
out_1139:6	0	115	0	#202
out_1139:4	0	106	0	#203
out_1139:1168	0	111	0	#204
out_1139:1	0	17	0	#205
114		99	41	0	#206
1140		26	56	0	#207
1141		31	52	0	#208
1142		84	9	0	#209
1143		29	36	0	#210
out_1144:411	0	90	0	#211
out_1144:408	0	85	0	#212
out_1144:894	16	116	0	#213
1145		29	44	0	#214
1146		29	37	0	#215
out_1147:893	0	108	0	#216
out_1147:1182	0	84	0	#217
out_1147:1183	0	78	0	#218
out_1147:1160	0	96	0	#219
1148		81	9	0	#220
1149		29	51	0	#221
out_115:1274	116	100	0	#222
out_115:536	116	51	0	#223
out_115:838	103	116	0	#224
out_115:242	102	0	0	#225
out_115:216	0	11	0	#226
1150		31	42	0	#227
out_1151:1460	0	8	0	#228
out_1151:357	70	116	0	#229
1152		31	37	0	#230
1153		47	101	0	#231
1154		32	43	0	#232
out_1155:1226	0	12	0	#233
1156		69	4	0	#234
1157		35	51	0	#235
1158		93	29	0	#236
1159		19	51	0	#237
116		102	40	0	#238
1160		25	43	0	#239
1161		91	50	0	#240
1162		30	50	0	#241
1163		32	50	0	#242
1164		18	45	0	#243
1165		28	47	0	#244
1166		82	25	0	#245
1167		84	57	0	#246
1168		34	60	0	#247
1169		31	41	0	#248
117		101	43	0	#249
1170		31	39	0	#250
1171		85	2	0	#251
1172		31	40	0	#252
1173		28	44	0	#253
1174		29	41	0	#254
1175		25	44	0	#255
1176		28	36	0	#256
1177		86	54	0	#257
1178		18	39	0	#258
1179		26	55	0	#259
118		76	44	0	#260
1180		89	49	0	#261
out_1181:266	0	52	0	#262
out_1181:476	0	55	0	#263
out_1181:417	0	65	0	#264
out_1181:1203	0	76	0	#265
out_1181:1249	0	104	0	#266
1182		16	46	0	#267
1183		17	48	0	#268
1184		18	47	0	#269
1185		92	38	0	#270
1186		0	27	0	#271
1187		24	58	0	#272
1188		28	58	0	#273
1189		28	39	0	#274
119		77	51	0	#275
1190		28	54	0	#276
1191		35	54	0	#277
1192		21	55	0	#278
1193		88	32	0	#279
1194		24	51	0	#280
1195		33	48	0	#281
1196		81	35	0	#282
out_1197:580	0	58	0	#283
out_1197:310	0	20	0	#284
out_1197:318	0	92	0	#285
1198		97	34	0	#286
1199		31	57	0	#287
12		32	61	0	#288
120		19	52	0	#289
1200		82	44	0	#290
1201		19	44	0	#291
1202		81	36	0	#292
1203		18	54	0	#293
1204		23	51	0	#294
1205		46	41	0	#295
1206		16	47	0	#296
1207		85	42	0	#297
1208		66	2	0	#298
1209		89	34	0	#299
121		21	52	0	#300
1210		24	54	0	#301
1211		35	58	0	#302
1212		85	52	0	#303
1213		25	46	0	#304
out_1214:626	0	31	0	#305
1215		32	55	0	#306
1216		76	10	0	#307
1217		91	34	0	#308
1218		34	54	0	#309
1219		85	31	0	#310
122		96	40	0	#311
1220		28	53	0	#312
1221		27	43	0	#313
1222		36	47	0	#314
1223		24	48	0	#315
1224		99	28	0	#316
out_1225:57	61	116	0	#317
out_1225:43	51	116	0	#318
out_1225:42	47	116	0	#319
out_1225:1391	14	116	0	#320
1226		28	34	0	#321
1227		74	10	0	#322
out_1228:586	9	0	0	#323
out_1228:953	0	50	0	#324
out_1228:783	0	25	0	#325
out_1228:834	0	14	0	#326
out_1228:396	19	116	0	#327
1229		91	40	0	#328
123		97	40	0	#329
1230		66	5	0	#330
1231		34	43	0	#331
1232		78	52	0	#332
1233		61	3	0	#333
1234		84	49	0	#334
out_1235:450	116	24	0	#335
out_1235:1171	116	1	0	#336
out_1235:643	91	0	0	#337
out_1235:1099	95	0	0	#338
out_1235:1237	94	0	0	#339
1236		13	34	0	#340
1237		87	2	0	#341
1238		34	50	0	#342
1239		81	2	0	#343
out_124:24	40	116	0	#344
out_1240:1095	84	0	0	#345
out_1240:1098	82	0	0	#346
out_1240:1014	114	0	0	#347
out_1240:1104	83	0	0	#348
1241		95	44	0	#349
1242		18	32	0	#350
1243		28	49	0	#351
1244		81	31	0	#352
1245		28	48	0	#353
1246		29	49	0	#354
1247		27	54	0	#355
out_1248:279	0	46	0	#356
out_1248:294	0	64	0	#357
out_1248:555	0	63	0	#358
out_1248:376	0	70	0	#359
1249		19	54	0	#360
125		98	40	0	#361
1250		38	52	0	#362
1251		86	34	0	#363
1252		92	41	0	#364
1253		90	44	0	#365
1254		85	11	0	#366
1255		1	91	0	#367
1256		92	30	0	#368
1257		85	29	0	#369
1258		91	48	0	#370
1259		84	38	0	#371
out_126:1103	116	96	0	#372
out_126:744	116	16	0	#373
out_126:304	116	45	0	#374
out_126:135	116	82	0	#375
out_126:134	116	64	0	#376
1260		84	28	0	#377
1261		89	26	0	#378
1262		81	25	0	#379
1263		30	47	0	#380
1264		82	32	0	#381
1265		92	47	0	#382
1266		75	3	0	#383
1267		89	48	0	#384
1268		98	31	0	#385
1269		92	35	0	#386
127		99	40	0	#387
1270		24	41	0	#388
out_1271:847	116	7	0	#389
out_1271:470	75	116	0	#390
1272		91	35	0	#391
1273		75	8	0	#392
1274		98	32	0	#393
out_1275:528	116	28	0	#394
out_1275:1274	116	101	0	#395
out_1275:961	116	75	0	#396
out_1275:1093	116	25	0	#397
out_1275:253	116	14	0	#398
1276		91	26	0	#399
1277		92	28	0	#400
1278		94	29	0	#401
1279		101	28	0	#402
out_128:528	116	23	0	#403
out_128:1274	116	98	0	#404
out_128:1443	116	85	0	#405
out_128:573	116	81	0	#406
out_128:137	116	92	0	#407
1280		110	23	0	#408
1281		90	29	0	#409
1282		86	53	0	#410
1283		84	26	0	#411
1284		21	44	0	#412
1285		91	29	0	#413
1286		91	44	0	#414
1287		55	5	0	#415
1288		84	39	0	#416
1289		89	28	0	#417
129		77	43	0	#418
1290		34	58	0	#419
1291		89	27	0	#420
1292		26	53	0	#421
1293		83	10	0	#422
1294		89	24	0	#423
1295		88	38	0	#424
1296		82	20	0	#425
1297		31	54	0	#426
1298		20	54	0	#427
1299		84	25	0	#428
out_13:1460	114	116	0	#429
out_13:12	13	116	0	#430
130		79	58	0	#431
1300		85	26	0	#432
1301		81	20	0	#433
1302		30	59	0	#434
1303		92	36	0	#435
1304		28	57	0	#436
1305		31	55	0	#437
1306		92	34	0	#438
1307		87	37	0	#439
1308		98	44	0	#440
1309		36	36	0	#441
131		22	42	0	#442
1310		97	35	0	#443
1311		96	33	0	#444
1312		53	35	0	#445
1313		24	40	0	#446
1314		91	32	0	#447
1315		27	55	0	#448
1316		91	31	0	#449
1317		90	32	0	#450
1318		81	6	0	#451
1319		78	11	0	#452
132		20	51	0	#453
1320		90	35	0	#454
1321		84	33	0	#455
1322		90	48	0	#456
1323		98	7	0	#457
1324		83	37	0	#458
1325		89	44	0	#459
1326		76	47	0	#460
out_1327:528	116	57	0	#461
out_1327:1269	116	27	0	#462
out_1327:1362	116	89	0	#463
out_1327:565	116	91	0	#464
out_1327:715	116	8	0	#465
1328		91	24	0	#466
1329		90	42	0	#467
133		96	45	0	#468
1330		87	36	0	#469
1331		90	38	0	#470
1332		91	36	0	#471
1333		30	36	0	#472
out_1334:528	116	56	0	#473
out_1334:1274	116	99	0	#474
out_1334:685	116	62	0	#475
out_1334:1310	116	52	0	#476
out_1334:1311	116	46	0	#477
1335		35	40	0	#478
1336		90	43	0	#479
1337		33	46	0	#480
1338		17	35	0	#481
1339		90	41	0	#482
134		96	42	0	#483
1340		89	41	0	#484
1341		90	39	0	#485
1342		27	59	0	#486
1343		89	37	0	#487
1344		76	12	0	#488
1345		95	48	0	#489
1346		90	36	0	#490
1347		71	3	0	#491
1348		90	40	0	#492
1349		80	9	0	#493
135		98	42	0	#494
1350		87	35	0	#495
1351		87	34	0	#496
1352		85	37	0	#497
1353		88	37	0	#498
1354		84	56	0	#499
1355		84	36	0	#500
1356		87	32	0	#501
out_1357:856	116	68	0	#502
out_1357:844	99	0	0	#503
out_1357:1323	116	22	0	#504
out_1357:1359	116	40	0	#505
out_1357:252	116	42	0	#506
1358		26	40	0	#507
1359		85	33	0	#508
136		98	45	0	#509
out_1360:847	116	6	0	#510
out_1360:470	76	116	0	#511
1361		84	31	0	#512
1362		115	37	0	#513
1363		75	12	0	#514
out_1364:1268	116	32	0	#515
1365		94	28	0	#516
1366		93	45	0	#517
1367		86	49	0	#518
1368		22	34	0	#519
1369		86	48	0	#520
137		99	45	0	#521
1370		86	47	0	#522
1371		85	39	0	#523
out_1372:520	18	0	0	#524
out_1372:904	15	0	0	#525
out_1372:920	12	0	0	#526
out_1372:355	17	0	0	#527
1373		25	52	0	#528
1374		73	8	0	#529
1375		25	54	0	#530
out_1376:547	0	33	0	#531
out_1376:1377	0	94	0	#532
out_1376:1379	0	88	0	#533
out_1376:1380	20	116	0	#534
out_1376:1381	30	116	0	#535
1377		17	46	0	#536
1378		92	49	0	#537
1379		22	56	0	#538
138		81	42	0	#539
1380		20	53	0	#540
1381		30	57	0	#541
1382		33	57	0	#542
1383		93	30	0	#543
1384		87	48	0	#544
1385		85	41	0	#545
1386		82	38	0	#546
1387		90	34	0	#547
1388		88	48	0	#548
1389		81	4	0	#549
139		99	46	0	#550
1390		88	49	0	#551
1391		47	43	0	#552
1392		97	31	0	#553
1393		95	31	0	#554
1394		33	51	0	#555
1395		93	35	0	#556
1396		69	1	0	#557
1397		94	27	0	#558
1398		72	34	0	#559
1399		35	34	0	#560
14		27	53	0	#561
140		94	44	0	#562
1400		95	37	0	#563
1401		17	45	0	#564
1402		19	45	0	#565
1403		15	49	0	#566
1404		36	49	0	#567
1405		76	37	0	#568
1406		32	52	0	#569
1407		91	46	0	#570
1408		33	37	0	#571
1409		77	28	0	#572
141		81	48	0	#573
1410		37	43	0	#574
1411		80	39	0	#575
1412		87	31	0	#576
1413		116	31	0	#577
1414		33	53	0	#578
1415		85	55	0	#579
1416		85	44	0	#580
1417		86	41	0	#581
1418		86	46	0	#582
1419		91	37	0	#583
142		81	52	0	#584
1420		64	2	0	#585
1421		92	51	0	#586
out_1422:1421	116	87	0	#587
1423		87	46	0	#588
1424		20	34	0	#589
out_1425:1202	86	0	0	#590
out_1425:1373	28	0	0	#591
out_1425:1196	116	39	0	#592
out_1425:1399	116	17	0	#593
out_1425:1037	37	0	0	#594
1426		26	59	0	#595
1427		85	43	0	#596
1428		92	48	0	#597
out_1429:1428	116	66	0	#598
143		80	55	0	#599
1430		51	45	0	#600
1431		90	37	0	#601
out_1432:892	92	116	0	#602
1433		87	42	0	#603
1434		90	45	0	#604
1435		89	36	0	#605
out_1436:430	116	36	0	#606
1437		95	42	0	#607
1438		80	5	0	#608
1439		65	2	0	#609
144		80	52	0	#610
1440		82	6	0	#611
1441		82	31	0	#612
1442		85	34	0	#613
1443		97	48	0	#614
out_1444:744	116	9	0	#615
out_1444:1349	107	0	0	#616
out_1444:148	116	78	0	#617
1445		83	34	0	#618
1446		20	46	0	#619
1447		83	31	0	#620
out_1448:1309	54	116	0	#621
out_1448:880	84	116	0	#622
out_1448:1398	101	116	0	#623
out_1448:405	53	116	0	#624
1449		23	52	0	#625
out_145:1460	115	0	0	#626
out_145:1232	78	116	0	#627
1450		86	33	0	#628
1451		32	51	0	#629
1452		88	35	0	#630
1453		82	33	0	#631
out_1454:844	98	0	0	#632
out_1454:1495	116	109	0	#633
out_1454:661	0	4	0	#634
out_1454:480	116	107	0	#635
1455		86	44	0	#636
1456		86	43	0	#637
1457		84	41	0	#638
1458		87	45	0	#639
1459		89	52	0	#640
146		80	58	0	#641
1460		1	1	0	#642
1461		36	57	0	#643
1462		92	24	0	#644
1463		23	56	0	#645
1464		16	36	0	#646
1465		27	50	0	#647
1466		86	42	0	#648
1467		21	50	0	#649
1468		91	52	0	#650
1469		95	43	0	#651
147		30	60	0	#652
1470		98	34	0	#653
1471		93	31	0	#654
1472		85	45	0	#655
1473		35	45	0	#656
1474		89	54	0	#657
1475		18	49	0	#658
1476		30	49	0	#659
1477		29	43	0	#660
out_1478:607	0	103	0	#661
out_1478:1480	0	43	0	#662
1479		67	45	0	#663
148		97	43	0	#664
1480		21	43	0	#665
1481		20	56	0	#666
1482		34	52	0	#667
1483		37	49	0	#668
1484		32	56	0	#669
1485		24	56	0	#670
1486		24	52	0	#671
1487		28	52	0	#672
1488		94	37	0	#673
1489		13	28	0	#674
149		96	41	0	#675
1490		84	58	0	#676
1491		25	42	0	#677
1492		83	43	0	#678
1493		83	42	0	#679
1494		66	49	0	#680
1495		37	48	0	#681
out_1496:1309	37	116	0	#682
out_1496:1398	100	116	0	#683
out_1496:1287	43	0	0	#684
out_1496:951	41	0	0	#685
out_1496:1263	31	116	0	#686
1497		14	36	0	#687
1498		29	50	0	#688
15		28	56	0	#689
150		94	47	0	#690
151		96	46	0	#691
152		94	46	0	#692
153		93	47	0	#693
154		98	47	0	#694
155		87	52	0	#695
out_156:856	116	67	0	#696
out_156:761	116	49	0	#697
out_156:838	104	116	0	#698
out_156:242	101	0	0	#699
out_156:216	0	10	0	#700
157		84	47	0	#701
158		81	16	0	#702
159		30	53	0	#703
out_16:1460	112	116	0	#704
out_16:1461	33	116	0	#705
out_16:598	32	116	0	#706
out_16:22	38	116	0	#707
out_16:1036	29	116	0	#708
160		81	47	0	#709
161		82	51	0	#710
162		81	53	0	#711
out_163:1460	0	5	0	#712
out_163:949	82	116	0	#713
164		36	48	0	#714
165		27	47	0	#715
166		94	43	0	#716
167		93	43	0	#717
168		94	40	0	#718
169		96	47	0	#719
17		29	47	0	#720
170		93	49	0	#721
171		94	48	0	#722
172		82	48	0	#723
173		82	54	0	#724
174		84	44	0	#725
175		91	53	0	#726
176		82	55	0	#727
177		83	54	0	#728
178		80	54	0	#729
179		81	56	0	#730
18		29	48	0	#731
180		21	54	0	#732
out_181:556	0	72	0	#733
out_181:908	0	47	0	#734
out_181:1192	0	74	0	#735
out_181:1410	36	116	0	#736
out_181:180	21	116	0	#737
182		95	38	0	#738
183		77	52	0	#739
184		94	38	0	#740
185		93	44	0	#741
186		93	50	0	#742
187		92	50	0	#743
188		89	50	0	#744
189		88	53	0	#745
out_19:1430	50	116	0	#746
out_19:43	52	116	0	#747
out_19:42	48	116	0	#748
out_19:1391	15	116	0	#749
out_19:34	49	116	0	#750
190		82	46	0	#751
out_191:1309	71	116	0	#752
out_191:1398	99	116	0	#753
out_191:1287	44	0	0	#754
out_191:951	39	0	0	#755
192		83	44	0	#756
193		37	45	0	#757
194		83	52	0	#758
195		83	55	0	#759
196		83	56	0	#760
197		36	53	0	#761
198		82	56	0	#762
199		82	57	0	#763
2		34	59	0	#764
20		47	42	0	#765
200		85	58	0	#766
out_201:528	116	20	0	#767
202		85	57	0	#768
out_203:1460	0	6	0	#769
out_203:202	105	116	0	#770
out_203:369	89	116	0	#771
204		30	46	0	#772
205		27	49	0	#773
206		97	37	0	#774
207		91	47	0	#775
208		90	47	0	#776
209		95	46	0	#777
21		32	60	0	#778
out_210:589	116	63	0	#779
out_210:544	116	61	0	#780
out_210:235	93	116	0	#781
out_210:1470	116	43	0	#782
211		90	53	0	#783
212		83	49	0	#784
213		95	47	0	#785
214		84	50	0	#786
215		85	51	0	#787
216		72	36	0	#788
217		20	48	0	#789
218		88	46	0	#790
out_219:801	116	53	0	#791
out_219:1103	116	95	0	#792
out_219:218	88	116	0	#793
22		43	47	0	#794
220		83	53	0	#795
221		113	43	0	#796
222		84	51	0	#797
223		36	46	0	#798
224		84	55	0	#799
225		83	57	0	#800
out_226:1415	107	116	0	#801
out_226:675	87	116	0	#802
out_226:1460	2	116	0	#803
out_226:975	116	93	0	#804
out_226:225	85	116	0	#805
227		0	1	0	#806
228		22	51	0	#807
229		24	57	0	#808
out_23:1460	7	0	0	#809
out_23:667	34	116	0	#810
230		22	53	0	#811
231		92	45	0	#812
232		90	46	0	#813
233		96	38	0	#814
out_234:744	116	11	0	#815
out_234:1260	116	37	0	#816
out_234:1349	108	0	0	#817
out_234:884	116	44	0	#818
out_234:233	116	41	0	#819
235		92	46	0	#820
236		92	52	0	#821
237		95	50	0	#822
238		90	51	0	#823
out_239:1168	0	112	0	#824
24		46	100	0	#825
240		89	53	0	#826
241		83	51	0	#827
242		74	36	0	#828
243		29	52	0	#829
244		31	47	0	#830
245		20	47	0	#831
246		32	47	0	#832
247		78	2	0	#833
248		68	3	0	#834
249		72	2	0	#835
25		72	37	0	#836
250		80	42	0	#837
out_251:1368	22	0	0	#838
out_251:454	0	67	0	#839
out_251:327	0	93	0	#840
out_251:1159	0	99	0	#841
out_251:1132	17	116	0	#842
252		89	35	0	#843
253		92	9	0	#844
out_254:668	73	0	0	#845
out_254:507	70	0	0	#846
255		18	28	0	#847
out_256:778	116	2	0	#848
out_256:984	116	80	0	#849
out_256:415	116	34	0	#850
out_256:1392	116	74	0	#851
out_256:526	116	72	0	#852
257		73	2	0	#853
out_258:796	74	0	0	#854
out_258:539	53	0	0	#855
out_258:287	75	0	0	#856
259		86	37	0	#857
26		46	42	0	#858
260		77	9	0	#859
261		66	4	0	#860
262		29	39	0	#861
263		77	7	0	#862
264		23	42	0	#863
265		80	8	0	#864
266		15	35	0	#865
267		84	35	0	#866
268		81	54	0	#867
269		76	1	0	#868
27		45	42	0	#869
270		78	5	0	#870
271		97	47	0	#871
272		74	7	0	#872
273		92	40	0	#873
274		77	4	0	#874
out_275:1460	4	0	0	#875
out_275:6	0	114	0	#876
276		78	3	0	#877
277		76	4	0	#878
278		25	49	0	#879
279		17	36	0	#880
28		44	47	0	#881
280		34	57	0	#882
281		76	5	0	#883
282		79	10	0	#884
283		78	10	0	#885
284		26	32	0	#886
285		37	53	0	#887
286		18	50	0	#888
287		75	4	0	#889
288		0	49	0	#890
289		85	5	0	#891
out_29:1460	116	4	0	#892
out_29:28	44	116	0	#893
290		73	6	0	#894
291		86	4	0	#895
292		74	4	0	#896
293		76	36	0	#897
294		15	42	0	#898
out_295:1071	24	116	0	#899
out_295:766	62	0	0	#900
296		29	58	0	#901
297		26	43	0	#902
298		68	4	0	#903
299		92	37	0	#904
out_3:12	12	116	0	#905
out_3:10	7	116	0	#906
out_3:21	8	116	0	#907
out_3:96	0	82	0	#908
out_3:858	35	116	0	#909
30		28	59	0	#910
300		21	36	0	#911
301		77	8	0	#912
302		67	3	0	#913
303		95	45	0	#914
304		94	41	0	#915
305		88	33	0	#916
306		26	57	0	#917
307		72	1	0	#918
308		87	33	0	#919
309		26	26	0	#920
31		29	59	0	#921
310		14	34	0	#922
311		96	32	0	#923
312		89	51	0	#924
313		92	33	0	#925
314		71	4	0	#926
315		57	1	0	#927
316		90	1	0	#928
317		33	58	0	#929
318		32	57	0	#930
out_319:586	8	0	0	#931
out_319:749	0	34	0	#932
out_319:1025	25	116	0	#933
32		53	34	0	#934
320		21	51	0	#935
321		20	37	0	#936
322		80	53	0	#937
323		20	50	0	#938
324		21	41	0	#939
325		30	45	0	#940
326		78	7	0	#941
327		22	49	0	#942
328		35	43	0	#943
329		54	0	0	#944
33		46	35	0	#945
330		26	47	0	#946
331		28	55	0	#947
332		21	35	0	#948
333		91	51	0	#949
334		29	35	0	#950
335		80	36	0	#951
336		31	34	0	#952
337		87	41	0	#953
338		84	48	0	#954
339		25	45	0	#955
34		48	42	0	#956
340		85	35	0	#957
341		35	36	0	#958
342		27	45	0	#959
343		93	48	0	#960
344		33	55	0	#961
345		25	41	0	#962
out_346:568	68	0	0	#963
347		27	44	0	#964
348		101	46	0	#965
349		22	54	0	#966
35		47	100	0	#967
350		35	42	0	#968
351		84	43	0	#969
352		58	1	0	#970
353		64	48	0	#971
out_354:709	0	59	0	#972
out_354:420	23	0	0	#973
355		56	1	0	#974
356		32	41	0	#975
357		70	50	0	#976
out_358:586	10	0	0	#977
out_358:578	0	56	0	#978
out_358:787	0	37	0	#979
out_358:678	0	62	0	#980
out_358:696	0	54	0	#981
359		33	41	0	#982
36		12	48	0	#983
360		28	45	0	#984
out_361:1424	20	0	0	#985
362		27	36	0	#986
363		28	35	0	#987
364		25	55	0	#988
365		30	39	0	#989
366		87	51	0	#990
367		26	46	0	#991
368		95	40	0	#992
369		81	55	0	#993
37		73	37	0	#994
370		71	5	0	#995
371		22	50	0	#996
372		94	39	0	#997
373		24	50	0	#998
374		96	37	0	#999
375		33	38	0	#1000
376		19	32	0	#1001
377		27	56	0	#1002
378		31	46	0	#1003
379		33	52	0	#1004
38		60	45	0	#1005
380		36	37	0	#1006
381		85	53	0	#1007
382		71	8	0	#1008
383		27	42	0	#1009
384		88	51	0	#1010
385		61	0	0	#1011
386		21	42	0	#1012
387		90	54	0	#1013
388		29	40	0	#1014
out_389:659	0	109	0	#1015
out_389:772	0	57	0	#1016
out_389:893	0	107	0	#1017
out_389:310	0	21	0	#1018
out_389:484	0	44	0	#1019
39		36	43	0	#1020
390		20	40	0	#1021
391		31	43	0	#1022
out_392:1338	0	40	0	#1023
out_392:591	0	19	0	#1024
out_392:1464	0	98	0	#1025
out_392:457	0	36	0	#1026
out_392:639	0	79	0	#1027
393		23	54	0	#1028
394		33	56	0	#1029
395		31	48	0	#1030
396		19	46	0	#1031
397		87	49	0	#1032
398		34	51	0	#1033
399		89	30	0	#1034
4		8	100	0	#1035
40		48	38	0	#1036
400		89	25	0	#1037
401		26	49	0	#1038
402		69	0	0	#1039
403		17	30	0	#1040
404		83	25	0	#1041
405		53	36	0	#1042
out_406:783	0	24	0	#1043
out_406:591	0	18	0	#1044
out_406:448	0	51	0	#1045
407		52	0	0	#1046
408		19	49	0	#1047
409		68	1	0	#1048
41		49	41	0	#1049
410		26	44	0	#1050
411		19	50	0	#1051
412		70	1	0	#1052
413		96	30	0	#1053
414		76	7	0	#1054
415		94	26	0	#1055
416		72	5	0	#1056
417		21	49	0	#1057
418		34	47	0	#1058
419		32	32	0	#1059
42		48	43	0	#1060
420		21	34	0	#1061
421		77	48	0	#1062
422		33	19	0	#1063
423		33	43	0	#1064
424		25	58	0	#1065
425		18	38	0	#1066
426		28	46	0	#1067
427		26	37	0	#1068
428		27	60	0	#1069
429		16	37	0	#1070
43		52	45	0	#1071
430		86	36	0	#1072
431		90	25	0	#1073
432		78	8	0	#1074
433		71	7	0	#1075
434		79	6	0	#1076
435		32	38	0	#1077
436		31	53	0	#1078
437		88	44	0	#1079
438		37	44	0	#1080
439		91	25	0	#1081
44		1	94	0	#1082
out_440:527	0	45	0	#1083
out_440:740	0	32	0	#1084
out_440:911	0	48	0	#1085
441		62	1	0	#1086
442		76	6	0	#1087
443		66	3	0	#1088
444		89	33	0	#1089
445		23	45	0	#1090
446		48	41	0	#1091
447		82	5	0	#1092
448		16	38	0	#1093
449		90	30	0	#1094
out_45:1460	113	116	0	#1095
out_45:846	58	116	0	#1096
out_45:60	55	116	0	#1097
out_45:44	0	101	0	#1098
out_45:1153	42	116	0	#1099
450		86	3	0	#1100
451		26	34	0	#1101
452		24	49	0	#1102
453		22	40	0	#1103
454		10	36	0	#1104
455		74	6	0	#1105
456		85	38	0	#1106
457		18	36	0	#1107
458		88	50	0	#1108
459		18	52	0	#1109
46		25	50	0	#1110
460		32	49	0	#1111
461		22	52	0	#1112
462		82	53	0	#1113
463		30	55	0	#1114
464		37	54	0	#1115
out_465:1495	116	110	0	#1116
out_465:661	6	0	0	#1117
out_465:480	116	3	0	#1118
out_465:352	110	0	0	#1119
466		68	2	0	#1120
467		60	1	0	#1121
468		27	51	0	#1122
out_469:800	38	0	0	#1123
out_469:274	79	0	0	#1124
out_469:270	78	0	0	#1125
out_469:624	80	0	0	#1126
47		24	53	0	#1127
470		76	9	0	#1128
471		26	48	0	#1129
472		34	37	0	#1130
473		34	42	0	#1131
474		80	40	0	#1132
475		84	45	0	#1133
476		17	38	0	#1134
477		24	45	0	#1135
478		23	38	0	#1136
479		73	9	0	#1137
48		25	51	0	#1138
480		35	56	0	#1139
481		35	49	0	#1140
482		32	46	0	#1141
483		76	3	0	#1142
484		18	44	0	#1143
485		77	3	0	#1144
out_486:1460	3	116	0	#1145
out_486:130	79	116	0	#1146
out_486:183	77	116	0	#1147
487		74	11	0	#1148
out_488:1460	111	116	0	#1149
out_488:85	68	116	0	#1150
out_488:353	64	116	0	#1151
489		21	38	0	#1152
49		81	41	0	#1153
out_490:116	116	84	0	#1154
out_490:1000	116	90	0	#1155
491		36	45	0	#1156
492		30	43	0	#1157
493		85	48	0	#1158
494		85	32	0	#1159
495		32	44	0	#1160
496		25	37	0	#1161
497		79	7	0	#1162
498		36	44	0	#1163
499		88	1	0	#1164
5		35	57	0	#1165
out_50:64	94	116	0	#1166
out_50:63	83	116	0	#1167
out_50:62	116	58	0	#1168
500		35	47	0	#1169
501		34	44	0	#1170
502		77	49	0	#1171
503		20	44	0	#1172
504		82	34	0	#1173
505		21	48	0	#1174
506		16	30	0	#1175
507		70	5	0	#1176
508		82	42	0	#1177
509		23	47	0	#1178
51		80	41	0	#1179
510		35	41	0	#1180
511		81	10	0	#1181
512		48	48	0	#1182
513		25	36	0	#1183
514		19	43	0	#1184
515		90	50	0	#1185
516		0	30	0	#1186
out_517:60	56	116	0	#1187
out_517:529	0	100	0	#1188
out_517:58	46	116	0	#1189
out_517:1153	41	116	0	#1190
518		72	3	0	#1191
519		83	5	0	#1192
52		37	50	0	#1193
520		19	0	0	#1194
521		25	40	0	#1195
522		36	51	0	#1196
523		33	45	0	#1197
524		25	53	0	#1198
525		0	28	0	#1199
526		93	36	0	#1200
527		14	37	0	#1201
528		65	1	0	#1202
529		47	90	0	#1203
53		51	41	0	#1204
530		89	31	0	#1205
531		81	3	0	#1206
532		76	0	0	#1207
533		26	54	0	#1208
534		29	45	0	#1209
535		32	33	0	#1210
536		97	32	0	#1211
537		14	38	0	#1212
538		27	57	0	#1213
539		59	3	0	#1214
54		73	34	0	#1215
540		25	48	0	#1216
541		0	41	0	#1217
542		67	4	0	#1218
543		74	8	0	#1219
544		95	33	0	#1220
545		96	43	0	#1221
546		22	35	0	#1222
547		16	35	0	#1223
548		73	10	0	#1224
549		22	47	0	#1225
55		56	44	0	#1226
550		91	41	0	#1227
551		23	46	0	#1228
552		26	39	0	#1229
553		26	36	0	#1230
554		14	0	0	#1231
555		15	37	0	#1232
556		16	49	0	#1233
557		23	50	0	#1234
558		26	52	0	#1235
559		26	42	0	#1236
56		60	49	0	#1237
560		85	40	0	#1238
561		87	40	0	#1239
562		17	28	0	#1240
563		77	1	0	#1241
564		31	36	0	#1242
565		93	46	0	#1243
566		13	0	0	#1244
out_567:937	18	116	0	#1245
568		69	2	0	#1246
569		21	56	0	#1247
57		61	49	0	#1248
570		55	1	0	#1249
571		31	44	0	#1250
572		27	39	0	#1251
573		98	46	0	#1252
574		19	55	0	#1253
575		98	43	0	#1254
576		95	34	0	#1255
577		34	41	0	#1256
578		13	35	0	#1257
579		30	35	0	#1258
58		48	51	0	#1259
580		14	35	0	#1260
581		25	35	0	#1261
582		87	53	0	#1262
out_583:1497	0	60	0	#1263
out_583:537	0	71	0	#1264
out_583:948	25	0	0	#1265
out_583:420	21	0	0	#1266
out_583:1053	24	0	0	#1267
584		24	39	0	#1268
585		94	33	0	#1269
586		18	34	0	#1270
587		27	35	0	#1271
588		17	1	0	#1272
589		96	44	0	#1273
out_59:1460	110	116	0	#1274
out_59:60	63	116	0	#1275
out_59:1255	0	91	0	#1276
590		28	43	0	#1277
591		17	34	0	#1278
592		30	48	0	#1279
593		31	45	0	#1280
594		55	0	0	#1281
595		90	52	0	#1282
596		32	42	0	#1283
out_597:562	0	22	0	#1284
out_597:659	0	110	0	#1285
598		34	56	0	#1286
599		82	2	0	#1287
6		1	79	0	#1288
60		64	96	0	#1289
600		29	54	0	#1290
601		91	3	0	#1291
602		18	46	0	#1292
603		23	49	0	#1293
604		79	3	0	#1294
605		85	36	0	#1295
606		83	33	0	#1296
607		22	57	0	#1297
608		23	34	0	#1298
609		59	1	0	#1299
61		23	57	0	#1300
out_610:778	116	21	0	#1301
out_610:152	116	59	0	#1302
out_610:1308	116	73	0	#1303
out_610:151	96	116	0	#1304
611		20	41	0	#1305
out_612:948	26	0	0	#1306
out_612:1247	28	116	0	#1307
out_612:676	11	116	0	#1308
613		92	43	0	#1309
614		84	1	0	#1310
615		88	0	0	#1311
616		56	0	0	#1312
617		21	45	0	#1313
618		31	51	0	#1314
619		88	47	0	#1315
62		81	40	0	#1316
out_620:307	72	0	0	#1317
out_620:978	71	0	0	#1318
621		70	7	0	#1319
622		90	33	0	#1320
623		31	56	0	#1321
624		78	1	0	#1322
625		29	32	0	#1323
626		13	29	0	#1324
627		18	30	0	#1325
628		73	36	0	#1326
629		77	6	0	#1327
63		82	43	0	#1328
630		29	46	0	#1329
631		23	41	0	#1330
632		76	2	0	#1331
633		33	34	0	#1332
634		0	29	0	#1333
635		86	55	0	#1334
out_636:677	116	60	0	#1335
out_636:1463	22	116	0	#1336
out_636:734	0	35	0	#1337
out_636:1403	0	81	0	#1338
637		99	38	0	#1339
638		84	37	0	#1340
639		33	40	0	#1341
64		92	44	0	#1342
640		30	41	0	#1343
641		30	42	0	#1344
642		87	1	0	#1345
643		83	1	0	#1346
644		82	37	0	#1347
645		82	9	0	#1348
646		21	40	0	#1349
647		93	37	0	#1350
648		93	51	0	#1351
649		23	40	0	#1352
out_65:77	116	83	0	#1353
out_65:1386	116	86	0	#1354
650		88	41	0	#1355
651		84	4	0	#1356
652		34	55	0	#1357
653		22	36	0	#1358
654		29	42	0	#1359
655		32	36	0	#1360
656		75	5	0	#1361
657		79	2	0	#1362
658		80	10	0	#1363
659		12	35	0	#1364
66		60	44	0	#1365
660		17	41	0	#1366
661		34	1	0	#1367
662		28	42	0	#1368
663		84	40	0	#1369
664		89	43	0	#1370
665		91	38	0	#1371
666		87	44	0	#1372
667		34	85	0	#1373
668		73	4	0	#1374
669		77	5	0	#1375
67		65	45	0	#1376
670		86	50	0	#1377
671		27	41	0	#1378
672		77	46	0	#1379
673		93	38	0	#1380
674		99	42	0	#1381
675		86	57	0	#1382
676		18	48	0	#1383
677		33	59	0	#1384
678		15	38	0	#1385
679		39	3	0	#1386
68		60	50	0	#1387
680		86	52	0	#1388
681		24	34	0	#1389
682		73	5	0	#1390
683		34	34	0	#1391
684		15	28	0	#1392
685		92	29	0	#1393
686		34	40	0	#1394
687		89	0	0	#1395
688		23	39	0	#1396
689		87	43	0	#1397
69		61	46	0	#1398
690		27	58	0	#1399
out_691:1481	0	73	0	#1400
out_691:1382	26	116	0	#1401
out_691:428	27	116	0	#1402
692		33	42	0	#1403
693		85	54	0	#1404
694		18	42	0	#1405
695		12	36	0	#1406
696		17	43	0	#1407
697		89	45	0	#1408
698		31	38	0	#1409
699		32	54	0	#1410
7		29	56	0	#1411
70		67	48	0	#1412
700		84	34	0	#1413
701		85	56	0	#1414
702		28	33	0	#1415
703		83	35	0	#1416
704		82	10	0	#1417
705		75	1	0	#1418
706		77	10	0	#1419
707		24	46	0	#1420
708		25	57	0	#1421
709		16	40	0	#1422
71		82	41	0	#1423
out_710:1460	5	116	0	#1424
out_710:6	0	113	0	#1425
out_710:4	0	105	0	#1426
out_710:1	0	16	0	#1427
out_710:0	0	95	0	#1428
711		78	4	0	#1429
712		25	39	0	#1430
713		16	28	0	#1431
714		85	4	0	#1432
715		115	8	0	#1433
716		23	83	0	#1434
717		37	52	0	#1435
718		80	33	0	#1436
out_719:1103	116	97	0	#1437
out_719:399	116	38	0	#1438
out_719:340	116	55	0	#1439
out_719:1450	116	33	0	#1440
out_719:1452	116	54	0	#1441
72		63	48	0	#1442
720		101	45	0	#1443
721		15	36	0	#1444
out_722:1495	116	108	0	#1445
out_722:661	1	0	0	#1446
out_722:480	116	104	0	#1447
out_722:1396	90	0	0	#1448
723		100	40	0	#1449
724		87	38	0	#1450
725		86	45	0	#1451
726		81	26	0	#1452
727		28	60	0	#1453
728		13	36	0	#1454
729		30	54	0	#1455
73		61	48	0	#1456
730		30	44	0	#1457
731		75	11	0	#1458
732		79	40	0	#1459
733		19	40	0	#1460
734		20	36	0	#1461
735		88	25	0	#1462
out_736:1415	108	116	0	#1463
737		89	32	0	#1464
738		32	58	0	#1465
739		86	2	0	#1466
74		35	46	0	#1467
740		29	34	0	#1468
741		31	49	0	#1469
742		84	2	0	#1470
743		21	47	0	#1471
744		53	1	0	#1472
745		90	49	0	#1473
746		75	2	0	#1474
747		20	42	0	#1475
748		73	1	0	#1476
749		30	40	0	#1477
75		82	28	0	#1478
750		27	32	0	#1479
751		24	47	0	#1480
752		83	36	0	#1481
753		84	3	0	#1482
754		33	36	0	#1483
755		29	53	0	#1484
756		78	9	0	#1485
757		36	50	0	#1486
758		16	39	0	#1487
759		73	7	0	#1488
out_76:1279	116	76	0	#1489
out_76:1224	116	47	0	#1490
out_76:1280	116	48	0	#1491
out_76:838	102	116	0	#1492
out_76:216	0	9	0	#1493
760		17	31	0	#1494
761		81	32	0	#1495
out_762:1495	42	0	0	#1496
out_762:661	3	0	0	#1497
out_762:480	116	106	0	#1498
out_762:810	47	0	0	#1499
763		19	37	0	#1500
764		27	46	0	#1501
765		18	41	0	#1502
766		62	2	0	#1503
767		84	8	0	#1504
768		18	51	0	#1505
769		85	8	0	#1506
77		82	40	0	#1507
770		81	37	0	#1508
771		33	47	0	#1509
772		18	43	0	#1510
773		68	5	0	#1511
774		25	56	0	#1512
775		90	24	0	#1513
776		61	47	0	#1514
777		78	49	0	#1515
778		71	1	0	#1516
779		88	42	0	#1517
78		82	45	0	#1518
780		32	45	0	#1519
781		92	26	0	#1520
782		98	35	0	#1521
783		15	34	0	#1522
784		74	1	0	#1523
785		77	11	0	#1524
786		36	52	0	#1525
787		17	37	0	#1526
788		22	43	0	#1527
789		24	36	0	#1528
79		70	45	0	#1529
out_790:1495	116	111	0	#1530
out_790:661	0	2	0	#1531
out_790:480	116	103	0	#1532
out_790:528	113	0	0	#1533
791		86	31	0	#1534
792		81	0	0	#1535
793		89	42	0	#1536
out_794:694	0	61	0	#1537
out_794:1206	0	75	0	#1538
out_794:676	10	116	0	#1539
out_794:132	0	89	0	#1540
out_794:131	0	42	0	#1541
795		95	29	0	#1542
796		74	2	0	#1543
797		23	36	0	#1544
798		22	55	0	#1545
799		16	29	0	#1546
8		29	60	0	#1547
80		37	47	0	#1548
800		38	3	0	#1549
801		88	31	0	#1550
802		76	46	0	#1551
803		26	58	0	#1552
804		31	50	0	#1553
805		14	28	0	#1554
806		17	40	0	#1555
807		24	55	0	#1556
808		88	52	0	#1557
809		18	31	0	#1558
out_81:1460	0	7	0	#1559
out_81:846	57	116	0	#1560
810		54	1	0	#1561
out_811:562	0	23	0	#1562
812		20	35	0	#1563
813		66	1	0	#1564
814		22	39	0	#1565
815		37	51	0	#1566
out_816:380	36	0	0	#1567
out_816:625	34	0	0	#1568
out_816:350	35	0	0	#1569
out_816:315	51	0	0	#1570
817		28	50	0	#1571
818		85	9	0	#1572
819		19	28	0	#1573
82		61	45	0	#1574
820		19	36	0	#1575
821		34	36	0	#1576
822		75	9	0	#1577
823		76	11	0	#1578
824		24	35	0	#1579
825		25	47	0	#1580
826		27	34	0	#1581
827		31	60	0	#1582
out_828:1038	91	116	0	#1583
829		22	45	0	#1584
83		69	45	0	#1585
830		24	37	0	#1586
831		30	58	0	#1587
832		20	49	0	#1588
out_833:1460	1	116	0	#1589
out_833:202	106	116	0	#1590
out_833:369	90	116	0	#1591
out_833:179	81	116	0	#1592
out_833:178	80	116	0	#1593
834		19	38	0	#1594
835		21	37	0	#1595
836		22	46	0	#1596
837		74	5	0	#1597
838		75	36	0	#1598
839		27	40	0	#1599
out_84:1326	74	116	0	#1600
out_84:285	65	116	0	#1601
out_84:104	59	116	0	#1602
out_84:93	67	116	0	#1603
840		93	42	0	#1604
841		35	44	0	#1605
842		30	34	0	#1606
843		79	9	0	#1607
844		77	2	0	#1608
845		38	45	0	#1609
846		58	51	0	#1610
847		79	4	0	#1611
848		19	47	0	#1612
849		91	28	0	#1613
85		69	93	0	#1614
850		22	48	0	#1615
851		88	54	0	#1616
852		29	55	0	#1617
853		93	25	0	#1618
854		19	39	0	#1619
855		21	46	0	#1620
856		81	33	0	#1621
857		22	38	0	#1622
858		35	59	0	#1623
859		22	44	0	#1624
86		82	26	0	#1625
860		91	42	0	#1626
861		18	40	0	#1627
862		93	32	0	#1628
863		19	41	0	#1629
864		86	35	0	#1630
865		32	59	0	#1631
866		75	10	0	#1632
867		91	49	0	#1633
out_868:684	0	39	0	#1634
869		17	42	0	#1635
87		82	27	0	#1636
870		35	53	0	#1637
out_871:441	104	0	0	#1638
out_871:1495	116	112	0	#1639
out_871:661	0	3	0	#1640
out_871:480	116	105	0	#1641
872		19	34	0	#1642
873		16	48	0	#1643
874		76	8	0	#1644
875		31	59	0	#1645
876		23	58	0	#1646
877		18	29	0	#1647
878		101	40	0	#1648
879		17	44	0	#1649
88		91	45	0	#1650
880		82	35	0	#1651
881		27	38	0	#1652
882		95	49	0	#1653
883		25	38	0	#1654
884		97	38	0	#1655
885		17	32	0	#1656
886		23	37	0	#1657
887		32	34	0	#1658
888		77	0	0	#1659
889		34	45	0	#1660
out_89:778	116	26	0	#1661
out_89:1279	116	77	0	#1662
out_89:271	116	79	0	#1663
out_89:221	116	65	0	#1664
out_89:100	97	116	0	#1665
890		36	42	0	#1666
891		94	32	0	#1667
892		91	43	0	#1668
893		18	37	0	#1669
894		17	49	0	#1670
895		36	39	0	#1671
896		89	38	0	#1672
897		20	45	0	#1673
898		91	33	0	#1674
899		22	37	0	#1675
out_9:1460	115	116	0	#1676
out_9:10	6	116	0	#1677
out_9:21	9	116	0	#1678
90		81	38	0	#1679
900		20	38	0	#1680
out_901:1171	116	13	0	#1681
out_901:742	92	0	0	#1682
out_901:950	97	0	0	#1683
902		37	3	0	#1684
903		82	7	0	#1685
904		16	0	0	#1686
905		24	43	0	#1687
906		26	24	0	#1688
907		23	48	0	#1689
908		16	34	0	#1690
909		24	38	0	#1691
91		72	43	0	#1692
910		32	48	0	#1693
911		26	45	0	#1694
912		87	39	0	#1695
913		26	38	0	#1696
914		20	43	0	#1697
915		28	37	0	#1698
916		92	32	0	#1699
917		35	52	0	#1700
918		36	55	0	#1701
919		83	32	0	#1702
92		68	45	0	#1703
920		11	0	0	#1704
921		33	32	0	#1705
922		83	16	0	#1706
923		29	38	0	#1707
924		27	48	0	#1708
925		30	52	0	#1709
926		83	3	0	#1710
927		32	40	0	#1711
928		74	9	0	#1712
929		82	39	0	#1713
93		67	44	0	#1714
930		85	7	0	#1715
931		88	34	0	#1716
out_932:805	0	26	0	#1717
933		23	53	0	#1718
934		88	36	0	#1719
935		76	32	0	#1720
936		72	44	0	#1721
937		19	48	0	#1722
938		88	43	0	#1723
939		21	39	0	#1724
94		68	48	0	#1725
940		89	40	0	#1726
941		86	28	0	#1727
942		34	46	0	#1728
943		20	52	0	#1729
944		97	42	0	#1730
945		26	50	0	#1731
946		35	50	0	#1732
947		19	42	0	#1733
948		25	25	0	#1734
949		80	56	0	#1735
95		67	49	0	#1736
950		91	1	0	#1737
951		33	49	0	#1738
952		25	34	0	#1739
953		17	39	0	#1740
954		28	40	0	#1741
955		28	38	0	#1742
956		26	22	0	#1743
957		17	29	0	#1744
958		33	54	0	#1745
959		34	49	0	#1746
96		33	60	0	#1747
960		36	38	0	#1748
961		95	41	0	#1749
out_962:592	33	0	0	#1750
out_962:352	109	0	0	#1751
out_962:625	40	0	0	#1752
out_962:956	27	0	0	#1753
963		80	2	0	#1754
964		88	45	0	#1755
out_965:427	29	0	0	#1756
out_965:834	0	15	0	#1757
966		17	47	0	#1758
967		93	41	0	#1759
968		86	38	0	#1760
out_969:1439	65	0	0	#1761
out_969:973	63	0	0	#1762
out_969:976	64	0	0	#1763
out_969:979	66	0	0	#1764
out_969:982	67	0	0	#1765
out_97:1460	116	113	0	#1766
out_97:1494	66	116	0	#1767
970		30	38	0	#1768
971		33	44	0	#1769
972		22	41	0	#1770
973		63	2	0	#1771
974		97	45	0	#1772
975		86	56	0	#1773
976		64	1	0	#1774
977		86	32	0	#1775
978		71	2	0	#1776
979		67	2	0	#1777
98		19	53	0	#1778
980		30	51	0	#1779
out_981:1324	116	50	0	#1780
982		67	1	0	#1781
983		27	37	0	#1782
984		93	28	0	#1783
985		64	4	0	#1784
986		85	50	0	#1785
987		64	3	0	#1786
988		65	3	0	#1787
989		78	43	0	#1788
99		21	53	0	#1789
990		84	52	0	#1790
991		70	2	0	#1791
992		83	39	0	#1792
993		34	39	0	#1793
994		70	3	0	#1794
995		26	41	0	#1795
996		74	3	0	#1796
997		26	51	0	#1797
998		63	3	0	#1798
999		69	5	0	#1799
